1 1  2.800272098552212e+05
1 2  3.057190931044384e+04
2 1  3.057190931044384e+04
1 6  2.083289518891036e+07
6 1  2.083289518891036e+07
1 7  8.332369227383053e+04
7 1  8.332369227383053e+04
1 8 -1.139604132867259e+02
8 1 -1.139604132867259e+02
1 9  5.440952000744735e+03
9 1  5.440952000744735e+03
1 10  1.730965985351821e+06
10 1  1.730965985351821e+06
1 11 -5.857030472539947e+06
11 1 -5.857030472539947e+06
1 12  8.702150477134807e+06
12 1  8.702150477134807e+06
1 91  8.332369227383052e+04
91 1  8.332369227383052e+04
1 92 -1.139604132867286e+02
92 1 -1.139604132867286e+02
1 93 -5.440952000744739e+03
93 1 -5.440952000744739e+03
1 94 -1.730965985351821e+06
94 1 -1.730965985351821e+06
1 95  5.857030472539947e+06
95 1  5.857030472539947e+06
1 96  8.702150477134805e+06
96 1  8.702150477134805e+06
1 97 -2.428593899059474e+05
97 1 -2.428593899059474e+05
1 98  2.279208265734573e+02
98 1  2.279208265734573e+02
1 102  2.083289518891036e+07
102 1  2.083289518891036e+07
1 103 -1.019076022484675e+05
103 1 -1.019076022484675e+05
1 104 -1.528595465522192e+04
104 1 -1.528595465522192e+04
1 105 -1.465499109129658e+04
105 1 -1.465499109129658e+04
1 106  1.730965985351821e+06
106 1  1.730965985351821e+06
1 107  4.883395220089935e+05
107 1  4.883395220089935e+05
1 108  8.702150477134805e+06
108 1  8.702150477134805e+06
1 187 -1.019076022484675e+05
187 1 -1.019076022484675e+05
1 188 -1.528595465522192e+04
188 1 -1.528595465522192e+04
1 189  1.465499109129658e+04
189 1  1.465499109129658e+04
1 190 -1.730965985351821e+06
190 1 -1.730965985351821e+06
1 191 -4.883395220089935e+05
191 1 -4.883395220089935e+05
1 192  8.702150477134805e+06
192 1  8.702150477134805e+06
2 2  8.777938446821453e+05
2 6 -7.048346624799601e+02
6 2 -7.048346624799601e+02
2 7  1.139604132862184e+02
7 2  1.139604132862184e+02
2 8  4.167623990374049e+05
8 2  4.167623990374049e+05
2 9  5.729174768583675e+02
9 2  5.729174768583675e+02
2 10  1.771720919505673e+03
10 2  1.771720919505673e+03
2 11 -3.637978807091692e-12
11 2 -3.637978807091692e-12
2 12 -3.524173312399811e+02
12 2 -3.524173312399811e+02
2 91  1.139604132862184e+02
91 2  1.139604132862184e+02
2 92  4.167623990374049e+05
92 2  4.167623990374049e+05
2 93 -5.729174768583748e+02
93 2 -5.729174768583748e+02
2 94 -1.771720919505673e+03
94 2 -1.771720919505673e+03
2 95  3.637978807091692e-12
95 2  3.637978807091692e-12
2 96 -3.524173312399811e+02
96 2 -3.524173312399811e+02
2 97 -2.279208265724368e+02
97 2 -2.279208265724368e+02
2 98 -8.343012995634745e+05
98 2 -8.343012995634745e+05
2 102  9.827115565188620e-13
102 2  9.827115565188620e-13
2 103 -1.528595465522192e+04
103 2 -1.528595465522192e+04
2 104 -4.385086715967403e+05
104 2 -4.385086715967403e+05
2 105 -7.684765542597664e+04
105 2 -7.684765542597664e+04
2 106 -9.773677680107893e-14
106 2 -9.773677680107893e-14
2 107 -1.918509721497501e-26
107 2 -1.918509721497501e-26
2 108 -4.913557782594195e-13
108 2 -4.913557782594195e-13
2 187 -1.528595465522192e+04
187 2 -1.528595465522192e+04
2 188 -4.385086715967403e+05
188 2 -4.385086715967403e+05
2 189  7.684765542597664e+04
189 2  7.684765542597664e+04
2 190  9.773677680107893e-14
190 2  9.773677680107893e-14
2 191  1.918509721497501e-26
191 2  1.918509721497501e-26
2 192 -4.913557782594195e-13
192 2 -4.913557782594195e-13
3 3  3.491621397695979e+05
3 4 -8.368763724702230e+05
4 3 -8.368763724702230e+05
3 5  2.330072445833828e+06
5 3  2.330072445833828e+06
3 7  5.440952000744739e+03
7 3  5.440952000744739e+03
3 8 -5.729174768582802e+02
8 3 -5.729174768582802e+02
3 9  1.095949221056705e+05
9 3  1.095949221056705e+05
3 10 -3.443106678421308e+05
10 3 -3.443106678421308e+05
3 11  1.165036222916914e+06
11 3  1.165036222916914e+06
3 12 -1.730965985351822e+06
12 3 -1.730965985351822e+06
3 91 -5.440952000744739e+03
91 3 -5.440952000744739e+03
3 92  5.729174768582875e+02
92 3  5.729174768582875e+02
3 93  1.095949221056705e+05
93 3  1.095949221056705e+05
3 94 -3.443106678421308e+05
94 3 -3.443106678421308e+05
3 95  1.165036222916914e+06
95 3  1.165036222916914e+06
3 96  1.730965985351821e+06
96 3  1.730965985351821e+06
3 99 -2.230157224740090e+05
99 3 -2.230157224740090e+05
3 100 -8.368763724702230e+05
100 3 -8.368763724702230e+05
3 101 -1.942736118207993e+05
101 3 -1.942736118207993e+05
3 103 -1.465499109129658e+04
103 3 -1.465499109129658e+04
3 104 -7.684765542597664e+04
104 3 -7.684765542597664e+04
3 105 -1.726681307534649e+05
105 3 -1.726681307534649e+05
3 106 -3.443106678421308e+05
106 3 -3.443106678421308e+05
3 107 -9.713680591039965e+04
107 3 -9.713680591039965e+04
3 108 -1.730965985351821e+06
108 3 -1.730965985351821e+06
3 187  1.465499109129658e+04
187 3  1.465499109129658e+04
3 188  7.684765542597664e+04
188 3  7.684765542597664e+04
3 189 -1.726681307534649e+05
189 3 -1.726681307534649e+05
3 190 -3.443106678421308e+05
190 3 -3.443106678421308e+05
3 191 -9.713680591039965e+04
191 3 -9.713680591039965e+04
3 192  1.730965985351821e+06
192 3  1.730965985351821e+06
4 4  7.578801695262064e+07
4 5 -5.666231675359367e+07
5 4 -5.666231675359367e+07
4 7  1.730965985351821e+06
7 4  1.730965985351821e+06
4 8 -1.771720919505673e+03
8 4 -1.771720919505673e+03
4 9 -3.443106678421308e+05
9 4 -3.443106678421308e+05
4 10  3.255458395513165e+07
10 4  3.255458395513165e+07
4 11 -2.828564239407103e+07
11 4 -2.828564239407103e+07
4 12  1.636628857501749e+08
12 4  1.636628857501749e+08
4 91 -1.730965985351821e+06
91 4 -1.730965985351821e+06
4 92  1.771720919505673e+03
92 4  1.771720919505673e+03
4 93 -3.443106678421308e+05
93 4 -3.443106678421308e+05
4 94  3.255458395513165e+07
94 4  3.255458395513165e+07
4 95 -2.828564239407103e+07
95 4 -2.828564239407103e+07
4 96 -1.636628857501748e+08
96 4 -1.636628857501748e+08
4 99  8.368763724702231e+05
99 4  8.368763724702231e+05
4 100  7.104679292135003e+07
100 4  7.104679292135003e+07
4 101  5.657128478814213e+07
101 4  5.657128478814213e+07
4 103 -1.730965985351821e+06
103 4 -1.730965985351821e+06
4 104 -9.773677680107892e-14
104 4 -9.773677680107892e-14
4 105  3.443106678421308e+05
105 4  3.443106678421308e+05
4 106  3.245846865142665e+07
106 4  3.245846865142665e+07
4 107  2.833115837679687e+07
107 4  2.833115837679687e+07
4 108  1.631796816646675e+08
108 4  1.631796816646675e+08
4 187  1.730965985351821e+06
187 4  1.730965985351821e+06
4 188  9.773677680107892e-14
188 4  9.773677680107892e-14
4 189  3.443106678421308e+05
189 4  3.443106678421308e+05
4 190  3.245846865142665e+07
190 4  3.245846865142665e+07
4 191  2.833115837679687e+07
191 4  2.833115837679687e+07
4 192 -1.631796816646675e+08
192 4 -1.631796816646675e+08
5 5  2.851125048532624e+09
5 7  5.857030472539949e+06
7 5  5.857030472539949e+06
5 8  3.637978807091736e-12
8 5  3.637978807091736e-12
5 9 -1.165036222916914e+06
9 5 -1.165036222916914e+06
5 10  2.828564239407107e+07
10 5  2.828564239407107e+07
5 11  1.425326173712911e+09
11 5  1.425326173712911e+09
5 12  1.422014750946135e+08
12 5  1.422014750946135e+08
5 91 -5.857030472539950e+06
91 5 -5.857030472539950e+06
5 92 -3.637978807091736e-12
92 5 -3.637978807091736e-12
5 93 -1.165036222916914e+06
93 5 -1.165036222916914e+06
5 94  2.828564239407107e+07
94 5  2.828564239407107e+07
5 95  1.425326173712911e+09
95 5  1.425326173712911e+09
5 96 -1.422014750946135e+08
96 5 -1.422014750946135e+08
5 99 -1.942736118207986e+05
99 5 -1.942736118207986e+05
5 100 -5.657128478814206e+07
100 5 -5.657128478814206e+07
5 101  7.267262363970598e+08
101 5  7.267262363970598e+08
5 103 -4.883395220089937e+05
103 5 -4.883395220089937e+05
5 104 -1.918509721497501e-26
104 5 -1.918509721497501e-26
5 105  9.713680591039977e+04
105 5  9.713680591039977e+04
5 106  2.833115837679688e+07
106 5  2.833115837679688e+07
5 107  3.632100327780535e+08
107 5  3.632100327780535e+08
5 108  1.424302993084608e+08
108 5  1.424302993084608e+08
5 187  4.883395220089937e+05
187 5  4.883395220089937e+05
5 188  1.918509721497501e-26
188 5  1.918509721497501e-26
5 189  9.713680591039977e+04
189 5  9.713680591039977e+04
5 190  2.833115837679688e+07
190 5  2.833115837679688e+07
5 191  3.632100327780535e+08
191 5  3.632100327780535e+08
5 192 -1.424302993084608e+08
192 5 -1.424302993084608e+08
6 6  1.800843834266482e+09
6 7  8.702150477134805e+06
7 6  8.702150477134805e+06
6 8  3.524173312399801e+02
8 6  3.524173312399801e+02
6 9 -1.730965985351821e+06
9 6 -1.730965985351821e+06
6 10  1.636628857501748e+08
10 6  1.636628857501748e+08
6 11 -1.422014750946132e+08
11 6 -1.422014750946132e+08
6 12  8.227885882059484e+08
12 6  8.227885882059484e+08
6 91  8.702150477134807e+06
91 6  8.702150477134807e+06
6 92  3.524173312399801e+02
92 6  3.524173312399801e+02
6 93  1.730965985351822e+06
93 6  1.730965985351822e+06
6 94 -1.636628857501749e+08
94 6 -1.636628857501749e+08
6 95  1.422014750946132e+08
95 6  1.422014750946132e+08
6 96  8.227885882059484e+08
96 6  8.227885882059484e+08
6 97 -2.083289518891037e+07
97 6 -2.083289518891037e+07
6 98  9.827115565188604e-13
98 6  9.827115565188604e-13
6 102  1.795645446579370e+09
102 6  1.795645446579370e+09
6 103 -8.702150477134807e+06
103 6 -8.702150477134807e+06
6 104 -4.913557782594195e-13
104 6 -4.913557782594195e-13
6 105  1.730965985351822e+06
105 6  1.730965985351822e+06
6 106  1.631796816646675e+08
106 6  1.631796816646675e+08
6 107  1.424302993084608e+08
107 6  1.424302993084608e+08
6 108  8.203593581119804e+08
108 6  8.203593581119804e+08
6 187 -8.702150477134807e+06
187 6 -8.702150477134807e+06
6 188 -4.913557782594195e-13
188 6 -4.913557782594195e-13
6 189 -1.730965985351822e+06
189 6 -1.730965985351822e+06
6 190 -1.631796816646675e+08
190 6 -1.631796816646675e+08
6 191 -1.424302993084608e+08
191 6 -1.424302993084608e+08
6 192  8.203593581119804e+08
192 6  8.203593581119804e+08
7 7  2.901517783854328e+05
7 8  2.824474888822140e+04
8 7  2.824474888822140e+04
7 9  2.444289326297430e+04
9 7  2.444289326297430e+04
7 10  7.069661182371476e+06
10 7  7.069661182371476e+06
7 11  8.916802415706134e+05
11 7  8.916802415706134e+05
7 12  1.790454516245189e+07
12 7  1.790454516245189e+07
7 13  9.101834865477626e+04
13 7  9.101834865477626e+04
7 14 -3.245317073749524e+02
14 7 -3.245317073749524e+02
7 15  1.313561322900575e+04
15 7  1.313561322900575e+04
7 16  4.178919990246945e+06
16 7  4.178919990246945e+06
7 17 -4.965350230969335e+06
17 7 -4.965350230969335e+06
7 18  6.254195134114400e+06
18 7  6.254195134114400e+06
7 97 -1.019076022484675e+05
97 7 -1.019076022484675e+05
7 98  1.528595465522246e+04
98 7  1.528595465522246e+04
7 99 -1.465499109129666e+04
99 7 -1.465499109129666e+04
7 100  1.730965985351821e+06
100 7  1.730965985351821e+06
7 101 -4.883395220089910e+05
101 7 -4.883395220089910e+05
7 102  8.702150477134805e+06
102 7  8.702150477134805e+06
7 103 -2.399533405123759e+05
103 7 -2.399533405123759e+05
7 104  2.105712940887303e+02
104 7  2.105712940887303e+02
7 105  7.015798995376592e+03
105 7  7.015798995376592e+03
7 106  7.069661182371476e+06
106 7  7.069661182371476e+06
7 107 -7.434566635250457e+04
107 7 -7.434566635250457e+04
7 108  1.790454516245189e+07
108 7  1.790454516245189e+07
7 109 -1.226328765531962e+05
109 7 -1.226328765531962e+05
7 110 -4.353070354344386e+04
110 7 -4.353070354344386e+04
7 111 -3.538026639680472e+04
111 7 -3.538026639680472e+04
7 112  4.178919990246945e+06
112 7  4.178919990246945e+06
7 113  4.139938556564865e+05
113 7  4.139938556564865e+05
7 114  6.254195134114400e+06
114 7  6.254195134114400e+06
8 8  8.777938115788843e+05
8 9 -1.169935995217518e+04
9 8 -1.169935995217518e+04
8 10 -2.697283544207951e+02
10 8 -2.697283544207951e+02
8 11  1.958899399844817e-26
11 8  1.958899399844817e-26
8 12 -6.511821121477518e+02
12 8 -6.511821121477518e+02
8 13  3.245317073749487e+02
13 8  3.245317073749487e+02
8 14  4.167623642339413e+05
14 8  4.167623642339413e+05
8 15  4.856959764406268e+02
15 8  4.856959764406268e+02
8 16  1.501992565084877e+03
16 8  1.501992565084877e+03
8 17 -3.637978807091712e-12
17 8 -3.637978807091712e-12
8 18 -1.003599443387734e+03
18 8 -1.003599443387734e+03
8 97  1.528595465522246e+04
97 8  1.528595465522246e+04
8 98 -4.385086715967402e+05
98 8 -4.385086715967402e+05
8 99  7.684765542597653e+04
99 8  7.684765542597653e+04
8 100 -9.773677680108335e-14
100 8 -9.773677680108335e-14
8 101 -1.938704560671159e-26
101 8 -1.938704560671159e-26
8 102 -4.913557782594418e-13
102 8 -4.913557782594418e-13
8 103 -2.105712940882265e+02
103 8 -2.105712940882265e+02
8 104 -8.343012647341698e+05
104 8 -8.343012647341698e+05
8 105  8.722150041764979e+01
105 8  8.722150041764979e+01
8 106  3.760675117700498e-13
106 8  3.760675117700498e-13
8 107 -2.342601344144317e-26
107 8 -2.342601344144317e-26
8 108  9.079071198453047e-13
108 8  9.079071198453047e-13
8 109 -4.353070354344386e+04
109 8 -4.353070354344386e+04
8 110 -4.385086385193204e+05
110 8 -4.385086385193204e+05
8 111 -6.514829547380134e+04
111 8 -6.514829547380134e+04
8 112 -2.783307349689664e-13
112 8 -2.783307349689664e-13
8 113 -2.019483917365790e-28
113 8 -2.019483917365790e-28
8 114 -4.165513415858744e-13
114 8 -4.165513415858744e-13
9 9  3.390375538103028e+05
9 10 -3.765225614443519e+06
10 9 -3.765225614443519e+06
9 11  2.152705052150168e+06
11 9  2.152705052150168e+06
9 12 -7.069661182371476e+06
12 9 -7.069661182371476e+06
9 13  1.313561322900575e+04
13 9  1.313561322900575e+04
9 14 -4.856959764406304e+02
14 9 -4.856959764406304e+02
9 15  1.019002442030908e+05
15 9  1.019002442030908e+05
9 16 -2.792265337170098e+06
16 9 -2.792265337170098e+06
9 17  3.317741275067082e+06
17 9  3.317741275067082e+06
9 18 -4.178919990246945e+06
18 9 -4.178919990246945e+06
9 97 -1.465499109129665e+04
97 9 -1.465499109129665e+04
9 98  7.684765542597653e+04
98 9  7.684765542597653e+04
9 99 -1.726681307534648e+05
99 9 -1.726681307534648e+05
9 100 -3.443106678421308e+05
100 9 -3.443106678421308e+05
9 101  9.713680591039918e+04
101 9  9.713680591039918e+04
9 102 -1.730965985351821e+06
102 9 -1.730965985351821e+06
9 103  7.015798995376581e+03
103 9  7.015798995376581e+03
9 104 -8.722150041774074e+01
104 9 -8.722150041774074e+01
9 105 -2.259217478576331e+05
105 9 -2.259217478576331e+05
9 106 -3.765225614443519e+06
106 9 -3.765225614443519e+06
9 107 -1.794850714284629e+05
107 9 -1.794850714284629e+05
9 108 -7.069661182371476e+06
108 9 -7.069661182371476e+06
9 109 -3.538026639680472e+04
109 9 -3.538026639680472e+04
9 110 -6.514829547380134e+04
110 9 -6.514829547380134e+04
9 111 -1.519428415079661e+05
111 9 -1.519428415079661e+05
9 112 -2.792265337170098e+06
112 9 -2.792265337170098e+06
9 113 -2.766218773388621e+05
113 9 -2.766218773388621e+05
9 114 -4.178919990246945e+06
114 9 -4.178919990246945e+06
10 10  3.284165995720667e+08
10 11 -5.234912034257934e+07
11 10 -5.234912034257934e+07
10 12  6.098994132792105e+08
12 10  6.098994132792105e+08
10 13  4.178919990246945e+06
13 10  4.178919990246945e+06
10 14 -1.501992565084878e+03
14 10 -1.501992565084878e+03
10 15 -2.792265337170098e+06
15 10 -2.792265337170098e+06
10 16  2.640087713940403e+08
16 10  2.640087713940403e+08
10 17 -8.055066020386800e+07
17 10 -8.055066020386800e+07
10 18  3.951170104404308e+08
18 10  3.951170104404308e+08
10 97 -1.730965985351821e+06
97 10 -1.730965985351821e+06
10 98 -9.773677680108335e-14
98 10 -9.773677680108335e-14
10 99  3.443106678421308e+05
99 10  3.443106678421308e+05
10 100  3.245846865142665e+07
100 10  3.245846865142665e+07
10 101 -2.833115837679683e+07
101 10 -2.833115837679683e+07
10 102  1.631796816646675e+08
102 10  1.631796816646675e+08
10 103 -7.069661182371475e+06
103 10 -7.069661182371475e+06
10 104  3.760675117700453e-13
104 10  3.760675117700453e-13
10 105  3.765225614443520e+06
105 10  3.765225614443520e+06
10 106  3.236084255301334e+08
106 10  3.236084255301334e+08
10 107  5.226501780979700e+07
107 10  5.226501780979700e+07
10 108  6.097377815842044e+08
108 10  6.097377815842044e+08
10 109 -4.178919990246945e+06
109 10 -4.178919990246945e+06
10 110 -2.783307349689664e-13
110 10 -2.783307349689664e-13
10 111  2.792265337170098e+06
111 10  2.792265337170098e+06
10 112  2.632293025752938e+08
112 10  2.632293025752938e+08
10 113  8.068027871937622e+07
113 10  8.068027871937622e+07
10 114  3.939504530273252e+08
114 10  3.939504530273252e+08
11 11  2.851124865666132e+09
11 12  2.168374092415005e+07
12 11  2.168374092415005e+07
11 13  4.965350230969336e+06
13 11  4.965350230969336e+06
11 14  3.637978807091712e-12
14 11  3.637978807091712e-12
11 15 -3.317741275067082e+06
15 11 -3.317741275067082e+06
11 16  8.055066020386802e+07
16 11  8.055066020386802e+07
11 17  1.425325990833803e+09
17 11  1.425325990833803e+09
11 18  1.205525705858187e+08
18 11  1.205525705858187e+08
11 97  4.883395220089913e+05
97 11  4.883395220089913e+05
11 98 -1.938704560671159e-26
98 11 -1.938704560671159e-26
11 99 -9.713680591039930e+04
99 11 -9.713680591039930e+04
11 100 -2.833115837679683e+07
100 11 -2.833115837679683e+07
11 101  3.632100327780535e+08
101 11  3.632100327780535e+08
11 102 -1.424302993084606e+08
102 11 -1.424302993084606e+08
11 103 -7.434566635250673e+04
103 11 -7.434566635250673e+04
11 104 -2.019483917365790e-26
104 11 -2.019483917365790e-26
11 105 -1.794850714284625e+05
105 11 -1.794850714284625e+05
11 106 -5.226501780979693e+07
106 11 -5.226501780979693e+07
11 107  7.267262880431621e+08
107 11  7.267262880431621e+08
11 108  2.164890450879479e+07
108 11  2.164890450879479e+07
11 109 -4.139938556564869e+05
109 11 -4.139938556564869e+05
11 110  2.019483917365790e-28
110 11  2.019483917365790e-28
11 111  2.766218773388623e+05
111 11  2.766218773388623e+05
11 112  8.068027871937621e+07
112 11  8.068027871937621e+07
11 113  3.632100844058645e+08
113 11  3.632100844058645e+08
11 114  1.207465583843108e+08
114 11  1.207465583843108e+08
12 12  1.548215183425081e+09
12 13  6.254195134114400e+06
13 12  6.254195134114400e+06
12 14  1.003599443387733e+03
14 12  1.003599443387733e+03
12 15 -4.178919990246945e+06
15 12 -4.178919990246945e+06
12 16  3.951170104404308e+08
16 12  3.951170104404308e+08
12 17 -1.205525705858187e+08
17 12 -1.205525705858187e+08
12 18  5.913343375488610e+08
18 12  5.913343375488610e+08
12 97 -8.702150477134807e+06
97 12 -8.702150477134807e+06
12 98 -4.913557782594418e-13
98 12 -4.913557782594418e-13
12 99  1.730965985351822e+06
99 12  1.730965985351822e+06
12 100  1.631796816646675e+08
100 12  1.631796816646675e+08
12 101 -1.424302993084606e+08
101 12 -1.424302993084606e+08
12 102  8.203593581119804e+08
102 12  8.203593581119804e+08
12 103 -1.790454516245189e+07
103 12 -1.790454516245189e+07
12 104  9.079071198453054e-13
104 12  9.079071198453054e-13
12 105  7.069661182371476e+06
105 12  7.069661182371476e+06
12 106  6.097377815842044e+08
106 12  6.097377815842044e+08
12 107 -2.164890450879453e+07
107 12 -2.164890450879453e+07
12 108  1.543083745955761e+09
108 12  1.543083745955761e+09
12 109 -6.254195134114400e+06
109 12 -6.254195134114400e+06
12 110 -4.165513415858744e-13
110 12 -4.165513415858744e-13
12 111  4.178919990246945e+06
111 12  4.178919990246945e+06
12 112  3.939504530273252e+08
112 12  3.939504530273252e+08
12 113  1.207465583843108e+08
113 12  1.207465583843108e+08
12 114  5.895884611708164e+08
114 12  5.895884611708164e+08
13 13  3.145946573833262e+05
13 14  2.161759193035749e+04
14 13  2.161759193035749e+04
13 15  3.456746805944572e+04
15 13  3.456746805944572e+04
13 16  9.998009632806046e+06
16 13  9.998009632806046e+06
13 17  1.647608955902254e+06
17 13  1.647608955902254e+06
13 18  1.083488499620512e+07
18 13  1.083488499620512e+07
13 19  1.019002442030908e+05
19 13  1.019002442030908e+05
13 20 -4.856959764406304e+02
20 13 -4.856959764406304e+02
13 21  1.313561322900575e+04
21 13  1.313561322900575e+04
13 22  4.178919990246945e+06
22 13  4.178919990246945e+06
13 23 -3.317741275067082e+06
23 13 -3.317741275067082e+06
13 24  2.792265337170098e+06
24 13  2.792265337170098e+06
13 103 -1.226328765531962e+05
103 13 -1.226328765531962e+05
13 104  4.353070354344386e+04
104 13  4.353070354344386e+04
13 105 -3.538026639680472e+04
105 13 -3.538026639680472e+04
13 106  4.178919990246945e+06
106 13  4.178919990246945e+06
13 107 -4.139938556564865e+05
107 13 -4.139938556564865e+05
13 108  6.254195134114400e+06
108 13  6.254195134114400e+06
13 109 -2.329375321800308e+05
109 13 -2.329375321800308e+05
13 110  1.611642690656781e+02
110 13  1.611642690656781e+02
13 111  9.921838276152226e+03
111 13  9.921838276152226e+03
13 112  9.998009632806046e+06
112 13  9.998009632806046e+06
13 113 -1.373719783176244e+05
113 13 -1.373719783176244e+05
13 114  1.083488499620512e+07
114 13  1.083488499620512e+07
13 115 -1.519428415079661e+05
115 13 -1.519428415079661e+05
13 116 -6.514829547380134e+04
116 13 -6.514829547380134e+04
13 117 -3.538026639680472e+04
117 13 -3.538026639680472e+04
13 118  4.178919990246945e+06
118 13  4.178919990246945e+06
13 119  2.766218773388621e+05
119 13  2.766218773388621e+05
13 120  2.792265337170098e+06
120 13  2.792265337170098e+06
14 14  8.777937784756235e+05
14 15 -2.161759193035749e+04
15 14 -2.161759193035749e+04
14 16 -4.983931216971434e+02
16 14 -4.983931216971434e+02
14 18 -4.983931216971434e+02
18 14 -4.983931216971434e+02
14 19  4.856959764406268e+02
19 14  4.856959764406268e+02
14 20  4.167623642339413e+05
20 14  4.167623642339413e+05
14 21  3.245317073749487e+02
21 14  3.245317073749487e+02
14 22  1.003599443387733e+03
22 14  1.003599443387733e+03
14 23 -3.637978807091712e-12
23 14 -3.637978807091712e-12
14 24 -1.501992565084878e+03
24 14 -1.501992565084878e+03
14 103  4.353070354344386e+04
103 14  4.353070354344386e+04
14 104 -4.385086385193204e+05
104 14 -4.385086385193204e+05
14 105  6.514829547380134e+04
105 14  6.514829547380134e+04
14 106 -2.783307349689664e-13
106 14 -2.783307349689664e-13
14 107  2.019483917365790e-28
107 14  2.019483917365790e-28
14 108 -4.165513415858744e-13
108 14 -4.165513415858744e-13
14 109 -1.611642690656781e+02
109 14 -1.611642690656781e+02
14 110 -8.343012299048653e+05
110 14 -8.343012299048653e+05
14 111  1.611642690656781e+02
111 14  1.611642690656781e+02
14 112  6.948820765548408e-13
112 14  6.948820765548408e-13
14 114  6.948820765548408e-13
114 14  6.948820765548408e-13
14 115 -6.514829547380134e+04
115 14 -6.514829547380134e+04
14 116 -4.385086385193204e+05
116 14 -4.385086385193204e+05
14 117 -4.353070354344386e+04
117 14 -4.353070354344386e+04
14 118 -4.165513415858744e-13
118 14 -4.165513415858744e-13
14 119 -2.019483917365790e-28
119 14 -2.019483917365790e-28
14 120 -2.783307349689664e-13
120 14 -2.783307349689664e-13
15 15  3.145946573833262e+05
15 16 -1.083488499620512e+07
16 15 -1.083488499620512e+07
15 17  1.647608955902254e+06
17 15  1.647608955902254e+06
15 18 -9.998009632806046e+06
18 15 -9.998009632806046e+06
15 19  1.313561322900575e+04
19 15  1.313561322900575e+04
15 20 -3.245317073749524e+02
20 15 -3.245317073749524e+02
15 21  9.101834865477626e+04
21 15  9.101834865477626e+04
15 22 -6.254195134114400e+06
22 15 -6.254195134114400e+06
15 23  4.965350230969335e+06
23 15  4.965350230969335e+06
15 24 -4.178919990246945e+06
24 15 -4.178919990246945e+06
15 103 -3.538026639680472e+04
103 15 -3.538026639680472e+04
15 104  6.514829547380134e+04
104 15  6.514829547380134e+04
15 105 -1.519428415079661e+05
105 15 -1.519428415079661e+05
15 106 -2.792265337170098e+06
106 15 -2.792265337170098e+06
15 107  2.766218773388621e+05
107 15  2.766218773388621e+05
15 108 -4.178919990246945e+06
108 15 -4.178919990246945e+06
15 109  9.921838276152226e+03
109 15  9.921838276152226e+03
15 110 -1.611642690656781e+02
110 15 -1.611642690656781e+02
15 111 -2.329375321800308e+05
111 15 -2.329375321800308e+05
15 112 -1.083488499620512e+07
112 15 -1.083488499620512e+07
15 113 -1.373719783176244e+05
113 15 -1.373719783176244e+05
15 114 -9.998009632806046e+06
114 15 -9.998009632806046e+06
15 115 -3.538026639680472e+04
115 15 -3.538026639680472e+04
15 116 -4.353070354344386e+04
116 15 -4.353070354344386e+04
15 117 -1.226328765531962e+05
117 15 -1.226328765531962e+05
15 118 -6.254195134114400e+06
118 15 -6.254195134114400e+06
15 119 -4.139938556564865e+05
119 15 -4.139938556564865e+05
15 120 -4.178919990246945e+06
120 15 -4.178919990246945e+06
16 16  9.383158573875958e+08
16 17 -4.006627966493455e+07
17 16 -4.006627966493455e+07
16 18  8.625279275297536e+08
18 16  8.625279275297536e+08
16 19  4.178919990246945e+06
19 16  4.178919990246945e+06
16 20 -1.003599443387734e+03
20 16 -1.003599443387734e+03
16 21 -6.254195134114400e+06
21 16 -6.254195134114400e+06
16 22  5.913343375488610e+08
22 16  5.913343375488610e+08
16 23 -1.205525705858187e+08
23 16 -1.205525705858187e+08
16 24  3.951170104404308e+08
24 16  3.951170104404308e+08
16 103 -4.178919990246945e+06
103 16 -4.178919990246945e+06
16 104 -2.783307349689664e-13
104 16 -2.783307349689664e-13
16 105  2.792265337170098e+06
105 16  2.792265337170098e+06
16 106  2.632293025752938e+08
106 16  2.632293025752938e+08
16 107 -8.068027871937622e+07
107 16 -8.068027871937622e+07
16 108  3.939504530273252e+08
108 16  3.939504530273252e+08
16 109 -9.998009632806046e+06
109 16 -9.998009632806046e+06
16 110  6.948820765548408e-13
110 16  6.948820765548408e-13
16 111  1.083488499620512e+07
111 16  1.083488499620512e+07
16 112  9.333460517355342e+08
112 16  9.333460517355342e+08
16 113  4.000191038195068e+07
113 16  4.000191038195068e+07
16 114  8.622993458704348e+08
114 16  8.622993458704348e+08
16 115 -4.178919990246945e+06
115 16 -4.178919990246945e+06
16 116 -4.165513415858744e-13
116 16 -4.165513415858744e-13
16 117  6.254195134114400e+06
117 16  6.254195134114400e+06
16 118  5.895884611708164e+08
118 16  5.895884611708164e+08
16 119  1.207465583843108e+08
119 16  1.207465583843108e+08
16 120  3.939504530273252e+08
120 16  3.939504530273252e+08
17 17  2.851124682799639e+09
17 18  4.006627966493455e+07
18 17  4.006627966493455e+07
17 19  3.317741275067082e+06
19 17  3.317741275067082e+06
17 20  3.637978807091712e-12
20 17  3.637978807091712e-12
17 21 -4.965350230969336e+06
21 17 -4.965350230969336e+06
17 22  1.205525705858187e+08
22 17  1.205525705858187e+08
17 23  1.425325990833803e+09
23 17  1.425325990833803e+09
17 24  8.055066020386802e+07
24 17  8.055066020386802e+07
17 103  4.139938556564869e+05
103 17  4.139938556564869e+05
17 104 -2.019483917365790e-28
104 17 -2.019483917365790e-28
17 105 -2.766218773388623e+05
105 17 -2.766218773388623e+05
17 106 -8.068027871937621e+07
106 17 -8.068027871937621e+07
17 107  3.632100844058645e+08
107 17  3.632100844058645e+08
17 108 -1.207465583843108e+08
108 17 -1.207465583843108e+08
17 109 -1.373719783176247e+05
109 17 -1.373719783176247e+05
17 111 -1.373719783176247e+05
111 17 -1.373719783176247e+05
17 112 -4.000191038195068e+07
112 17 -4.000191038195068e+07
17 113  7.267263396892645e+08
113 17  7.267263396892645e+08
17 114  4.000191038195068e+07
114 17  4.000191038195068e+07
17 115 -2.766218773388623e+05
115 17 -2.766218773388623e+05
17 116  2.019483917365790e-28
116 17  2.019483917365790e-28
17 117  4.139938556564869e+05
117 17  4.139938556564869e+05
17 118  1.207465583843108e+08
118 17  1.207465583843108e+08
17 119  3.632100844058645e+08
119 17  3.632100844058645e+08
17 120  8.068027871937621e+07
120 17  8.068027871937621e+07
18 18  9.383158573875958e+08
18 19  2.792265337170098e+06
19 18  2.792265337170098e+06
18 20  1.501992565084877e+03
20 18  1.501992565084877e+03
18 21 -4.178919990246945e+06
21 18 -4.178919990246945e+06
18 22  3.951170104404308e+08
22 18  3.951170104404308e+08
18 23 -8.055066020386800e+07
23 18 -8.055066020386800e+07
18 24  2.640087713940403e+08
24 18  2.640087713940403e+08
18 103 -6.254195134114400e+06
103 18 -6.254195134114400e+06
18 104 -4.165513415858744e-13
104 18 -4.165513415858744e-13
18 105  4.178919990246945e+06
105 18  4.178919990246945e+06
18 106  3.939504530273252e+08
106 18  3.939504530273252e+08
18 107 -1.207465583843108e+08
107 18 -1.207465583843108e+08
18 108  5.895884611708164e+08
108 18  5.895884611708164e+08
18 109 -1.083488499620512e+07
109 18 -1.083488499620512e+07
18 110  6.948820765548408e-13
110 18  6.948820765548408e-13
18 111  9.998009632806046e+06
111 18  9.998009632806046e+06
18 112  8.622993458704348e+08
112 18  8.622993458704348e+08
18 113 -4.000191038195068e+07
113 18 -4.000191038195068e+07
18 114  9.333460517355342e+08
114 18  9.333460517355342e+08
18 115 -2.792265337170098e+06
115 18 -2.792265337170098e+06
18 116 -2.783307349689664e-13
116 18 -2.783307349689664e-13
18 117  4.178919990246945e+06
117 18  4.178919990246945e+06
18 118  3.939504530273252e+08
118 18  3.939504530273252e+08
18 119  8.068027871937622e+07
119 18  8.068027871937622e+07
18 120  2.632293025752938e+08
120 18  2.632293025752938e+08
19 19  3.390375538103028e+05
19 20  1.169935995217518e+04
20 19  1.169935995217518e+04
19 21  2.444289326297430e+04
21 19  2.444289326297430e+04
19 22  7.069661182371476e+06
22 19  7.069661182371476e+06
19 23  2.152705052150168e+06
23 19  2.152705052150168e+06
19 24  3.765225614443519e+06
24 19  3.765225614443519e+06
19 25  1.095949221056705e+05
25 19  1.095949221056705e+05
19 26 -5.729174768583748e+02
26 19 -5.729174768583748e+02
19 27  5.440952000744743e+03
27 19  5.440952000744743e+03
19 28  1.730965985351822e+06
28 19  1.730965985351822e+06
19 29 -1.165036222916914e+06
29 19 -1.165036222916914e+06
19 30  3.443106678421308e+05
30 19  3.443106678421308e+05
19 109 -1.519428415079661e+05
109 19 -1.519428415079661e+05
19 110  6.514829547380134e+04
110 19  6.514829547380134e+04
19 111 -3.538026639680472e+04
111 19 -3.538026639680472e+04
19 112  4.178919990246945e+06
112 19  4.178919990246945e+06
19 113 -2.766218773388621e+05
113 19 -2.766218773388621e+05
19 114  2.792265337170098e+06
114 19  2.792265337170098e+06
19 115 -2.259217478576331e+05
115 19 -2.259217478576331e+05
19 116  8.722150041774074e+01
116 19  8.722150041774074e+01
19 117  7.015798995376588e+03
117 19  7.015798995376588e+03
19 118  7.069661182371476e+06
118 19  7.069661182371476e+06
19 119 -1.794850714284629e+05
119 19 -1.794850714284629e+05
19 120  3.765225614443519e+06
120 19  3.765225614443519e+06
19 121 -1.726681307534648e+05
121 19 -1.726681307534648e+05
19 122 -7.684765542597653e+04
122 19 -7.684765542597653e+04
19 123 -1.465499109129666e+04
123 19 -1.465499109129666e+04
19 124  1.730965985351821e+06
124 19  1.730965985351821e+06
19 125  9.713680591039918e+04
125 19  9.713680591039918e+04
19 126  3.443106678421308e+05
126 19  3.443106678421308e+05
20 20  8.777938115788843e+05
20 21 -2.824474888822140e+04
21 20 -2.824474888822140e+04
20 22 -6.511821121477518e+02
22 20 -6.511821121477518e+02
20 23  8.077935669463161e-28
23 20  8.077935669463161e-28
20 24 -2.697283544207951e+02
24 20 -2.697283544207951e+02
20 25  5.729174768582875e+02
25 20  5.729174768582875e+02
20 26  4.167623990374049e+05
26 20  4.167623990374049e+05
20 27  1.139604132867277e+02
27 20  1.139604132867277e+02
20 28  3.524173312399801e+02
28 20  3.524173312399801e+02
20 29 -3.637978807091713e-12
29 20 -3.637978807091713e-12
20 30 -1.771720919505673e+03
30 20 -1.771720919505673e+03
20 109  6.514829547380134e+04
109 20  6.514829547380134e+04
20 110 -4.385086385193204e+05
110 20 -4.385086385193204e+05
20 111  4.353070354344386e+04
111 20  4.353070354344386e+04
20 112 -4.165513415858744e-13
112 20 -4.165513415858744e-13
20 113  2.019483917365790e-28
113 20  2.019483917365790e-28
20 114 -2.783307349689664e-13
114 20 -2.783307349689664e-13
20 115 -8.722150041765707e+01
115 20 -8.722150041765707e+01
20 116 -8.343012647341699e+05
116 20 -8.343012647341699e+05
20 117  2.105712940882256e+02
117 20  2.105712940882256e+02
20 118  9.079071198453045e-13
118 20  9.079071198453045e-13
20 119  8.077935669463161e-28
119 20  8.077935669463161e-28
20 120  3.760675117700498e-13
120 20  3.760675117700498e-13
20 121 -7.684765542597653e+04
121 20 -7.684765542597653e+04
20 122 -4.385086715967403e+05
122 20 -4.385086715967403e+05
20 123 -1.528595465522246e+04
123 20 -1.528595465522246e+04
20 124 -4.913557782594302e-13
124 20 -4.913557782594302e-13
20 125 -1.009741958682895e-27
125 20 -1.009741958682895e-27
20 126 -9.773677680108105e-14
126 20 -9.773677680108105e-14
21 21  2.901517783854328e+05
21 22 -1.790454516245189e+07
22 21 -1.790454516245189e+07
21 23  8.916802415706134e+05
23 21  8.916802415706134e+05
21 24 -7.069661182371476e+06
24 21 -7.069661182371476e+06
21 25  5.440952000744732e+03
25 21  5.440952000744732e+03
21 26 -1.139604132862157e+02
26 21 -1.139604132862157e+02
21 27  8.332369227383052e+04
27 21  8.332369227383052e+04
21 28 -8.702150477134807e+06
28 21 -8.702150477134807e+06
21 29  5.857030472539950e+06
29 21  5.857030472539950e+06
21 30 -1.730965985351821e+06
30 21 -1.730965985351821e+06
21 109 -3.538026639680472e+04
109 21 -3.538026639680472e+04
21 110  4.353070354344386e+04
110 21  4.353070354344386e+04
21 111 -1.226328765531962e+05
111 21 -1.226328765531962e+05
21 112 -6.254195134114400e+06
112 21 -6.254195134114400e+06
21 113  4.139938556564865e+05
113 21  4.139938556564865e+05
21 114 -4.178919990246945e+06
114 21 -4.178919990246945e+06
21 115  7.015798995376603e+03
115 21  7.015798995376603e+03
21 116 -2.105712940887340e+02
116 21 -2.105712940887340e+02
21 117 -2.399533405123759e+05
117 21 -2.399533405123759e+05
21 118 -1.790454516245189e+07
118 21 -1.790454516245189e+07
21 119 -7.434566635250457e+04
119 21 -7.434566635250457e+04
21 120 -7.069661182371476e+06
120 21 -7.069661182371476e+06
21 121 -1.465499109129666e+04
121 21 -1.465499109129666e+04
21 122 -1.528595465522246e+04
122 21 -1.528595465522246e+04
21 123 -1.019076022484675e+05
123 21 -1.019076022484675e+05
21 124 -8.702150477134805e+06
124 21 -8.702150477134805e+06
21 125 -4.883395220089910e+05
125 21 -4.883395220089910e+05
21 126 -1.730965985351821e+06
126 21 -1.730965985351821e+06
22 22  1.548215183425081e+09
22 23 -2.168374092415004e+07
23 22 -2.168374092415004e+07
22 24  6.098994132792106e+08
24 22  6.098994132792106e+08
22 25  1.730965985351821e+06
25 22  1.730965985351821e+06
22 26 -3.524173312399811e+02
26 22 -3.524173312399811e+02
22 27 -8.702150477134805e+06
27 22 -8.702150477134805e+06
22 28  8.227885882059484e+08
28 22  8.227885882059484e+08
22 29 -1.422014750946135e+08
29 22 -1.422014750946135e+08
22 30  1.636628857501748e+08
30 22  1.636628857501748e+08
22 109 -4.178919990246945e+06
109 22 -4.178919990246945e+06
22 110 -4.165513415858744e-13
110 22 -4.165513415858744e-13
22 111  6.254195134114400e+06
111 22  6.254195134114400e+06
22 112  5.895884611708164e+08
112 22  5.895884611708164e+08
22 113 -1.207465583843108e+08
113 22 -1.207465583843108e+08
22 114  3.939504530273252e+08
114 22  3.939504530273252e+08
22 115 -7.069661182371476e+06
115 22 -7.069661182371476e+06
22 116  9.079071198453054e-13
116 22  9.079071198453054e-13
22 117  1.790454516245189e+07
117 22  1.790454516245189e+07
22 118  1.543083745955761e+09
118 22  1.543083745955761e+09
22 119  2.164890450879453e+07
119 22  2.164890450879453e+07
22 120  6.097377815842044e+08
120 22  6.097377815842044e+08
22 121 -1.730965985351822e+06
121 22 -1.730965985351822e+06
22 122 -4.913557782594301e-13
122 22 -4.913557782594301e-13
22 123  8.702150477134807e+06
123 22  8.702150477134807e+06
22 124  8.203593581119804e+08
124 22  8.203593581119804e+08
22 125  1.424302993084606e+08
125 22  1.424302993084606e+08
22 126  1.631796816646675e+08
126 22  1.631796816646675e+08
23 23  2.851124865666132e+09
23 24  5.234912034257933e+07
24 23  5.234912034257933e+07
23 25  1.165036222916914e+06
25 23  1.165036222916914e+06
23 26  3.637978807091715e-12
26 23  3.637978807091715e-12
23 27 -5.857030472539947e+06
27 23 -5.857030472539947e+06
23 28  1.422014750946132e+08
28 23  1.422014750946132e+08
23 29  1.425326173712911e+09
29 23  1.425326173712911e+09
23 30  2.828564239407103e+07
30 23  2.828564239407103e+07
23 109  2.766218773388623e+05
109 23  2.766218773388623e+05
23 110 -2.019483917365790e-28
110 23 -2.019483917365790e-28
23 111 -4.139938556564869e+05
111 23 -4.139938556564869e+05
23 112 -1.207465583843108e+08
112 23 -1.207465583843108e+08
23 113  3.632100844058645e+08
113 23  3.632100844058645e+08
23 114 -8.068027871937621e+07
114 23 -8.068027871937621e+07
23 115 -1.794850714284625e+05
115 23 -1.794850714284625e+05
23 116 -2.423380700838948e-27
116 23 -2.423380700838948e-27
23 117 -7.434566635250673e+04
117 23 -7.434566635250673e+04
23 118 -2.164890450879479e+07
118 23 -2.164890450879479e+07
23 119  7.267262880431621e+08
119 23  7.267262880431621e+08
23 120  5.226501780979693e+07
120 23  5.226501780979693e+07
23 121 -9.713680591039930e+04
121 23 -9.713680591039930e+04
23 122 -6.058451752097371e-28
122 23 -6.058451752097371e-28
23 123  4.883395220089913e+05
123 23  4.883395220089913e+05
23 124  1.424302993084606e+08
124 23  1.424302993084606e+08
23 125  3.632100327780535e+08
125 23  3.632100327780535e+08
23 126  2.833115837679683e+07
126 23  2.833115837679683e+07
24 24  3.284165995720667e+08
24 25  3.443106678421308e+05
25 24  3.443106678421308e+05
24 26  1.771720919505673e+03
26 24  1.771720919505673e+03
24 27 -1.730965985351821e+06
27 24 -1.730965985351821e+06
24 28  1.636628857501749e+08
28 24  1.636628857501749e+08
24 29 -2.828564239407107e+07
29 24 -2.828564239407107e+07
24 30  3.255458395513165e+07
30 24  3.255458395513165e+07
24 109 -2.792265337170098e+06
109 24 -2.792265337170098e+06
24 110 -2.783307349689664e-13
110 24 -2.783307349689664e-13
24 111  4.178919990246945e+06
111 24  4.178919990246945e+06
24 112  3.939504530273252e+08
112 24  3.939504530273252e+08
24 113 -8.068027871937622e+07
113 24 -8.068027871937622e+07
24 114  2.632293025752938e+08
114 24  2.632293025752938e+08
24 115 -3.765225614443520e+06
115 24 -3.765225614443520e+06
24 116  3.760675117700453e-13
116 24  3.760675117700453e-13
24 117  7.069661182371475e+06
117 24  7.069661182371475e+06
24 118  6.097377815842044e+08
118 24  6.097377815842044e+08
24 119 -5.226501780979700e+07
119 24 -5.226501780979700e+07
24 120  3.236084255301334e+08
120 24  3.236084255301334e+08
24 121 -3.443106678421308e+05
121 24 -3.443106678421308e+05
24 122 -9.773677680108105e-14
122 24 -9.773677680108105e-14
24 123  1.730965985351821e+06
123 24  1.730965985351821e+06
24 124  1.631796816646675e+08
124 24  1.631796816646675e+08
24 125  2.833115837679683e+07
125 24  2.833115837679683e+07
24 126  3.245846865142665e+07
126 24  3.245846865142665e+07
25 25  3.491621397695978e+05
25 29  2.330072445833828e+06
29 25  2.330072445833828e+06
25 30  8.368763724702230e+05
30 25  8.368763724702230e+05
25 31  1.095949221056705e+05
31 25  1.095949221056705e+05
25 32 -5.729174768582875e+02
32 25 -5.729174768582875e+02
25 33 -5.440952000744732e+03
33 25 -5.440952000744732e+03
25 34 -1.730965985351822e+06
34 25 -1.730965985351822e+06
25 35  1.165036222916914e+06
35 25  1.165036222916914e+06
25 36  3.443106678421308e+05
36 25  3.443106678421308e+05
25 115 -1.726681307534649e+05
115 25 -1.726681307534649e+05
25 116  7.684765542597663e+04
116 25  7.684765542597663e+04
25 117 -1.465499109129657e+04
117 25 -1.465499109129657e+04
25 118  1.730965985351821e+06
118 25  1.730965985351821e+06
25 119 -9.713680591039965e+04
119 25 -9.713680591039965e+04
25 120  3.443106678421308e+05
120 25  3.443106678421308e+05
25 121 -2.230157224740090e+05
121 25 -2.230157224740090e+05
25 125 -1.942736118207993e+05
125 25 -1.942736118207993e+05
25 126  8.368763724702230e+05
126 25  8.368763724702230e+05
25 127 -1.726681307534649e+05
127 25 -1.726681307534649e+05
25 128 -7.684765542597663e+04
128 25 -7.684765542597663e+04
25 129  1.465499109129657e+04
129 25  1.465499109129657e+04
25 130 -1.730965985351821e+06
130 25 -1.730965985351821e+06
25 131 -9.713680591039965e+04
131 25 -9.713680591039965e+04
25 132  3.443106678421308e+05
132 25  3.443106678421308e+05
26 26  8.777938446821453e+05
26 27 -3.057190931044384e+04
27 26 -3.057190931044384e+04
26 28 -7.048346624799601e+02
28 26 -7.048346624799601e+02
26 31  5.729174768583675e+02
31 26  5.729174768583675e+02
26 32  4.167623990374049e+05
32 26  4.167623990374049e+05
26 33 -1.139604132862148e+02
33 26 -1.139604132862148e+02
26 34 -3.524173312399811e+02
34 26 -3.524173312399811e+02
26 35 -3.637978807091715e-12
35 26 -3.637978807091715e-12
26 36 -1.771720919505673e+03
