1 1  1.000000000000000e+36
1 2 -4.110222509621690e+04
2 1 -4.110222509621690e+04
1 3 -2.755882800556719e-03
3 1 -2.755882800556719e-03
1 4 -1.519981045275927e-01
4 1 -1.519981045275927e-01
1 5  4.677144507877529e-02
5 1  4.677144507877529e-02
1 6  3.717689484566165e+06
6 1  3.717689484566165e+06
1 7  5.072897670794406e+04
7 1  5.072897670794406e+04
1 8 -2.770761012720859e+04
8 1 -2.770761012720859e+04
1 9 -2.907912310425084e+04
9 1 -2.907912310425084e+04
1 10  2.283786103507092e+06
10 1  2.283786103507092e+06
1 11 -6.551371594275652e+05
11 1 -6.551371594275652e+05
1 12  1.027525866924586e+06
12 1  1.027525866924586e+06
1 91  5.072898095517492e+04
91 1  5.072898095517492e+04
1 92 -2.770761080612793e+04
92 1 -2.770761080612793e+04
1 93  2.907912535483086e+04
93 1  2.907912535483086e+04
1 94 -2.283786503208983e+06
94 1 -2.283786503208983e+06
1 95  6.551372610669643e+05
95 1  6.551372610669643e+05
1 96  1.027526176292416e+06
96 1  1.027526176292416e+06
1 97 -1.059583236098923e+05
97 1 -1.059583236098923e+05
1 98  4.011529529392679e+04
98 1  4.011529529392679e+04
1 99 -2.497437944839476e-03
99 1 -2.497437944839476e-03
1 100  4.366297717206180e-01
100 1  4.366297717206180e-01
1 101 -2.166992820566520e-01
101 1 -2.166992820566520e-01
1 102  3.697682971695541e+06
102 1  3.697682971695541e+06
1 103 -1.124225011836546e+05
103 1 -1.124225011836546e+05
1 104  2.820107620089595e+04
104 1  2.820107620089595e+04
1 105  6.354601077473771e+04
105 1  6.354601077473771e+04
1 106  2.334076871878101e+06
106 1  2.334076871878101e+06
1 107 -8.896128759321549e+05
107 1 -8.896128759321549e+05
1 108  1.017522538648688e+06
108 1  1.017522538648688e+06
1 187 -1.124224953651719e+05
187 1 -1.124224953651719e+05
1 188  2.820107453473067e+04
188 1  2.820107453473067e+04
1 189 -6.354600777199699e+04
189 1 -6.354600777199699e+04
1 190 -2.334076682935693e+06
190 1 -2.334076682935693e+06
1 191  8.896127140940353e+05
191 1  8.896127140940353e+05
1 192  1.017522991776257e+06
192 1  1.017522991776257e+06
2 2  1.000000000000000e+36
2 3  2.928470123151783e-03
3 2  2.928470123151783e-03
2 4 -4.645679760724306e-01
4 2 -4.645679760724306e-01
2 5  1.471769681666046e-01
5 2  1.471769681666046e-01
2 6  9.767051398296325e+06
6 2  9.767051398296325e+06
2 7 -2.819680330760614e+04
7 2 -2.819680330760614e+04
2 8 -6.971623597913509e+03
8 2 -6.971623597913509e+03
2 9  4.330369983805584e+03
9 2  4.330369983805584e+03
2 10  6.173822034602764e+06
10 2  6.173822034602764e+06
2 11 -1.778915196085217e+06
11 2 -1.778915196085217e+06
2 12  2.653053365016832e+06
12 2  2.653053365016832e+06
2 91 -2.819680415993526e+04
91 2 -2.819680415993526e+04
2 92 -6.971621436341043e+03
92 2 -6.971621436341043e+03
2 93 -4.330371359674673e+03
93 2 -4.330371359674673e+03
2 94 -6.173823158415203e+06
94 2 -6.173823158415203e+06
2 95  1.778915486855943e+06
95 2  1.778915486855943e+06
2 96  2.653054187384315e+06
96 2  2.653054187384315e+06
2 97  4.573963617475727e+04
97 2  4.573963617475727e+04
2 98 -2.781717009805361e+04
98 2 -2.781717009805361e+04
2 99  7.405145170196192e-04
99 2  7.405145170196192e-04
2 100  1.061791975982487e+00
100 2  1.061791975982487e+00
2 101 -5.258763185702264e-01
101 2 -5.258763185702264e-01
2 102  9.704026008392025e+06
102 2  9.704026008392025e+06
2 103  2.587809865128280e+04
103 2  2.587809865128280e+04
2 104 -6.411146711545606e+04
104 2 -6.411146711545606e+04
2 105 -3.249618375820418e+04
105 2 -3.249618375820418e+04
2 106  6.332249752897980e+06
106 2  6.332249752897980e+06
2 107 -2.440252754967380e+06
107 2 -2.440252754967380e+06
2 108  2.621540481672111e+06
108 2  2.621540481672111e+06
2 187  2.587809773771823e+04
187 2  2.587809773771823e+04
2 188 -6.411146349639766e+04
188 2 -6.411146349639766e+04
2 189  3.249618146508864e+04
189 2  3.249618146508864e+04
2 190 -6.332249350357257e+06
190 2 -6.332249350357257e+06
2 191  2.440252372687502e+06
191 2  2.440252372687502e+06
2 192  2.621541680810311e+06
192 2  2.621541680810311e+06
3 3  1.000000000000000e+36
3 4 -6.280167295045431e+05
4 3 -6.280167295045431e+05
3 5  2.329746847463880e+05
5 3  2.329746847463880e+05
3 6  6.258967864050646e-02
6 3  6.258967864050646e-02
3 7 -2.689842112634585e+04
7 3 -2.689842112634585e+04
3 8  6.789708078288294e+03
8 3  6.789708078288294e+03
3 9 -8.441279138214752e+04
9 3 -8.441279138214752e+04
3 10 -2.969949907587118e+05
10 3 -2.969949907587118e+05
3 11  1.200759921887635e+05
11 3  1.200759921887635e+05
3 12  9.997340939182836e+04
12 3  9.997340939182836e+04
3 91  2.689842344278994e+04
91 3  2.689842344278994e+04
3 92 -6.789709277400005e+03
92 3 -6.789709277400005e+03
3 93 -8.441278448769079e+04
93 3 -8.441278448769079e+04
3 94 -2.969949983153637e+05
94 3 -2.969949983153637e+05
3 95  1.200759842637703e+05
95 3  1.200759842637703e+05
3 96 -9.997335168758295e+04
96 3 -9.997335168758295e+04
3 97 -2.315494049980771e-03
97 3 -2.315494049980771e-03
3 98  1.192510439977923e-03
98 3  1.192510439977923e-03
3 99  1.682852999370989e+05
99 3  1.682852999370989e+05
3 100 -7.408064630610922e+05
100 3 -7.408064630610922e+05
3 101  3.644131409839967e+05
101 3  3.644131409839967e+05
3 102  6.397451574594015e-02
102 3  6.397451574594015e-02
3 103  6.241898245460579e+04
103 3  6.241898245460579e+04
3 104 -3.607283168345410e+04
104 3 -3.607283168345410e+04
3 105 -1.900974035884768e+05
105 3 -1.900974035884768e+05
3 106 -3.533898469289323e+05
106 3 -3.533898469289323e+05
3 107  1.857952145571248e+05
107 3  1.857952145571248e+05
3 108  1.111910185174672e+05
108 3  1.111910185174672e+05
3 187 -6.241897969967302e+04
187 3 -6.241897969967302e+04
3 188  3.607282876158524e+04
188 3  3.607282876158524e+04
3 189 -1.900973939820261e+05
189 3 -1.900973939820261e+05
3 190 -3.533898756231256e+05
190 3 -3.533898756231256e+05
3 191  1.857952181185926e+05
191 3  1.857952181185926e+05
3 192 -1.111909594474883e+05
192 3 -1.111909594474883e+05
4 4  1.000000000000000e+36
4 5 -4.311932995583064e+08
5 4 -4.311932995583064e+08
4 6 -1.130739640817046e+02
6 4 -1.130739640817046e+02
4 7 -1.705692685820173e+06
7 4 -1.705692685820173e+06
4 8 -4.688588938685187e+06
8 4 -4.688588938685187e+06
4 9  3.681158202663049e+05
9 4  3.681158202663049e+05
4 10  5.402944406674410e+08
10 4  5.402944406674410e+08
4 11 -2.159439770048584e+08
11 4 -2.159439770048584e+08
4 12 -1.817550523737565e+08
12 4 -1.817550523737565e+08
4 91  1.705692429631878e+06
91 4  1.705692429631878e+06
4 92  4.688588293926626e+06
92 4  4.688588293926626e+06
4 93  3.681157226576602e+05
93 4  3.681157226576602e+05
4 94  5.402944634438239e+08
94 4  5.402944634438239e+08
4 95 -2.159439657761104e+08
95 4 -2.159439657761104e+08
4 96  1.817549505239338e+08
96 4  1.817549505239338e+08
4 97  2.570402550045401e-01
97 4  2.570402550045401e-01
4 98  6.839882070198655e-01
98 4  6.839882070198655e-01
4 99 -6.518031050302789e+05
99 4 -6.518031050302789e+05
4 100  1.341667312130407e+09
100 4  1.341667312130407e+09
4 101 -6.754294558484870e+08
101 4 -6.754294558484870e+08
4 102 -1.152508016452193e+02
102 4 -1.152508016452193e+02
4 103 -1.510169401803080e+06
103 4 -1.510169401803080e+06
4 104 -3.013927734601532e+06
104 4 -3.013927734601532e+06
4 105  2.717941198537826e+05
105 4  2.717941198537826e+05
4 106  6.416823928640963e+08
106 4  6.416823928640963e+08
4 107 -3.374544672638403e+08
107 4 -3.374544672638403e+08
4 108 -2.022658075791763e+08
108 4 -2.022658075791763e+08
4 187  1.510169552949225e+06
187 4  1.510169552949225e+06
4 188  3.013928159939862e+06
188 4  3.013928159939862e+06
4 189  2.717941717570744e+05
189 4  2.717941717570744e+05
4 190  6.416824555998057e+08
190 4  6.416824555998057e+08
4 191 -3.374544793005972e+08
191 4 -3.374544793005972e+08
4 192  2.022657035501347e+08
192 4  2.022657035501347e+08
5 5  1.000000000000000e+36
5 6  4.317226966284216e+01
6 5  4.317226966284216e+01
5 7  6.512189980854915e+05
7 5  6.512189980854915e+05
5 8  1.778915489782122e+06
8 5  1.778915489782122e+06
5 9 -1.397744635757610e+05
9 5 -1.397744635757610e+05
5 10 -2.051447003917003e+08
10 5 -2.051447003917003e+08
5 11  8.199298955338201e+07
11 5  8.199298955338201e+07
5 12  6.902569387601866e+07
12 5  6.902569387601866e+07
5 91 -6.512188899638673e+05
91 5 -6.512188899638673e+05
5 92 -1.778915215745136e+06
92 5 -1.778915215745136e+06
5 93 -1.397744242136657e+05
93 5 -1.397744242136657e+05
5 94 -2.051447056633199e+08
94 5 -2.051447056633199e+08
5 95  8.199298394022059e+07
95 5  8.199298394022059e+07
5 96 -6.902565406784168e+07
96 5 -6.902565406784168e+07
5 97 -1.069375238148496e-01
97 5 -1.069375238148496e-01
5 98 -2.785419307183474e-01
98 5 -2.785419307183474e-01
5 99  2.529759849222254e+05
99 5  2.529759849222254e+05
5 100 -5.094472023145207e+08
100 5 -5.094472023145207e+08
5 101  2.564648520837182e+08
101 5  2.564648520837182e+08
5 102  4.413055356591940e+01
102 5  4.413055356591940e+01
5 103  5.734149591638038e+05
103 5  5.734149591638038e+05
5 104  1.144395619985252e+06
104 5  1.144395619985252e+06
5 105 -1.032008819347282e+05
105 5 -1.032008819347282e+05
5 106 -2.436640682480473e+08
106 5 -2.436640682480473e+08
5 107  1.281361819691935e+08
107 5  1.281361819691935e+08
5 108  7.677353620778646e+07
108 5  7.677353620778646e+07
5 187 -5.734150071193498e+05
187 5 -5.734150071193498e+05
5 188 -1.144395762657275e+06
188 5 -1.144395762657275e+06
5 189 -1.032008999444585e+05
189 5 -1.032008999444585e+05
5 190 -2.436640880564753e+08
190 5 -2.436640880564753e+08
5 191  1.281361844303044e+08
191 5  1.281361844303044e+08
5 192 -7.677349544762041e+07
192 5 -7.677349544762041e+07
6 6  1.000000000000000e+36
6 7  1.692636700477734e+06
7 6  1.692636700477734e+06
6 8  4.813721962016176e+06
8 6  4.813721962016176e+06
6 9 -6.780670809949415e+05
9 6 -6.780670809949415e+05
6 10  3.006964272763981e+08
10 6  3.006964272763981e+08
6 11  1.473412799556284e+07
11 6  1.473412799556284e+07
6 12  8.274448272541333e+08
12 6  8.274448272541333e+08
6 91  1.692636380819452e+06
91 6  1.692636380819452e+06
6 92  4.813721184812708e+06
92 6  4.813721184812708e+06
6 93  6.780669592826354e+05
93 6  6.780669592826354e+05
6 94 -3.006966095119800e+08
94 6 -3.006966095119800e+08
6 95 -1.473405199217759e+07
95 6 -1.473405199217759e+07
6 96  8.274448170153972e+08
96 6  8.274448170153972e+08
6 97 -4.809425877311016e+06
97 6 -4.809425877311016e+06
6 98 -1.216717146981733e+07
98 6 -1.216717146981733e+07
6 99 -1.112964860076318e-01
99 6 -1.112964860076318e-01
6 100  2.538700759112835e+02
100 6  2.538700759112835e+02
6 101 -1.281315777152777e+02
101 6 -1.281315777152777e+02
6 102  2.103507553428310e+09
102 6  2.103507553428310e+09
6 103 -1.146768643185570e+06
103 6 -1.146768643185570e+06
6 104 -3.613662105752389e+06
104 6 -3.613662105752389e+06
6 105  5.694404004696943e+05
105 6  5.694404004696943e+05
6 106  1.602301460601981e+08
106 6  1.602301460601981e+08
6 107  9.018456728735969e+07
107 6  9.018456728735969e+07
6 108  8.547955746748864e+08
108 6  8.547955746748864e+08
6 187 -1.146768045366766e+06
187 6 -1.146768045366766e+06
6 188 -3.613660969555494e+06
188 6 -3.613660969555494e+06
6 189 -5.694402300505806e+05
189 6 -5.694402300505806e+05
6 190 -1.602299613541213e+08
190 6 -1.602299613541213e+08
6 191 -9.018466259411661e+07
191 6 -9.018466259411661e+07
6 192  8.547956347299458e+08
192 6  8.547956347299458e+08
7 7  1.000000000000000e+36
7 8 -3.797350361753424e+04
8 7 -3.797350361753424e+04
7 9  5.352434484599279e+04
9 7  5.352434484599279e+04
7 10  1.092363662054295e+06
10 7  1.092363662054295e+06
7 11  8.915559179340804e+04
11 7  8.915559179340804e+04
7 12  3.265215988175184e+06
12 7  3.265215988175184e+06
7 13  1.114690341954931e+04
13 7  1.114690341954931e+04
7 14 -2.300019277510914e+04
14 7 -2.300019277510914e+04
7 15 -6.866123537961367e+04
15 7 -6.866123537961367e+04
7 16  2.222257767457964e+06
16 7  2.222257767457964e+06
7 17 -5.593171730347175e+05
17 7 -5.593171730347175e+05
7 18  1.484481171203107e+05
18 7  1.484481171203107e+05
7 97 -1.683330611913323e+05
97 7 -1.683330611913323e+05
7 98  3.985886866488216e+04
98 7  3.985886866488216e+04
7 99 -7.256108837904668e+04
99 7 -7.256108837904668e+04
7 100 -1.773736112802141e+06
100 7 -1.773736112802141e+06
7 101  8.929957040438864e+05
101 7  8.929957040438864e+05
7 102  1.706171252159468e+06
102 7  1.706171252159468e+06
7 103 -6.579630459882220e+04
103 7 -6.579630459882220e+04
7 104  3.706170930312167e+04
104 7  3.706170930312167e+04
7 105  9.695976024110455e+04
105 7  9.695976024110455e+04
7 106  1.045411875395939e+06
106 7  1.045411875395939e+06
7 107  1.394555235177988e+05
107 7  1.394555235177988e+05
7 108  3.264657381227624e+06
108 7  3.264657381227624e+06
7 109 -7.926235724710113e+04
109 7 -7.926235724710113e+04
7 110  1.224992173224570e+04
110 7  1.224992173224570e+04
7 111  1.763663979790885e+04
111 7  1.763663979790885e+04
7 112  2.243349407742211e+06
112 7  2.243349407742211e+06
7 113 -7.507939472742303e+05
113 7 -7.507939472742303e+05
7 114  1.343549584082342e+05
114 7  1.343549584082342e+05
8 8  1.000000000000000e+36
8 9  1.572913480039901e+04
9 8  1.572913480039901e+04
8 10  3.737687079152931e+06
10 8  3.737687079152931e+06
8 11  2.383292904123664e-01
11 8  2.383292904123664e-01
8 12  9.023575942539899e+06
12 8  9.023575942539899e+06
8 13 -2.439329608394862e+04
13 8 -2.439329608394862e+04
8 14 -6.971600695885258e+03
14 8 -6.971600695885258e+03
8 15  1.479119999930268e+04
15 8  1.479119999930268e+04
8 16  6.719153196884641e+06
16 8  6.719153196884641e+06
8 17 -1.778916373244120e+06
17 8 -1.778916373244120e+06
8 18  8.848411113593479e+04
18 8  8.848411113593479e+04
8 97  3.634399298811283e+04
97 8  3.634399298811283e+04
8 98 -6.411146273420857e+04
98 8 -6.411146273420857e+04
8 99  2.011943858997521e+04
99 8  2.011943858997521e+04
8 100 -4.847015030359220e+06
100 8 -4.847015030359220e+06
8 101  2.440252283474682e+06
101 8  2.440252283474682e+06
8 102  4.845234521805864e+06
102 8  4.845234521805864e+06
8 103  4.225791861316850e+04
103 8  4.225791861316850e+04
8 104 -2.781718758770252e+04
104 8 -2.781718758770252e+04
8 105 -1.750380864590690e+04
105 8 -1.750380864590690e+04
8 106  3.713564968219975e+06
106 8  3.713564968219975e+06
8 107  1.924749205820262e+00
107 8  1.924749205820262e+00
8 108  8.965348887212923e+06
108 8  8.965348887212923e+06
8 109  1.147249822741014e+04
109 8  1.147249822741014e+04
8 110 -6.411145594778097e+04
110 8 -6.411145594778097e+04
8 111 -3.992567282205830e+04
111 8 -3.992567282205830e+04
8 112  6.853457177620208e+06
112 8  6.853457177620208e+06
8 113 -2.440251480511870e+06
113 8 -2.440251480511870e+06
8 114 -1.255503961623182e+03
114 8 -1.255503961623182e+03
9 9  1.000000000000000e+36
9 10 -1.080488369841656e+06
10 9 -1.080488369841656e+06
9 11  2.152403957871409e+05
11 9  2.152403957871409e+05
9 12 -1.092364081684521e+06
12 9 -1.092364081684521e+06
9 13 -6.648053322092642e+04
13 9 -6.648053322092642e+04
9 14  1.687612675426649e+04
14 9  1.687612675426649e+04
9 15 -4.483061617591201e+04
15 9 -4.483061617591201e+04
9 16 -1.176073937947174e+06
16 9 -1.176073937947174e+06
9 17  3.616459680566916e+05
17 9  3.616459680566916e+05
9 18  1.615031540764803e+05
18 9  1.615031540764803e+05
9 97 -7.143405956828722e+04
97 9 -7.143405956828722e+04
9 98  2.253486661309406e+04
98 9  2.253486661309406e+04
9 99 -1.341868277850540e+05
99 9 -1.341868277850540e+05
9 100  3.352589942175298e+05
100 9  3.352589942175298e+05
9 101 -1.687877015174266e+05
101 9 -1.687877015174266e+05
9 102 -6.715314264451355e+05
102 9 -6.715314264451355e+05
9 103  9.695976002133728e+04
103 9  9.695976002133728e+04
9 104 -1.535146925189970e+04
104 9 -1.535146925189970e+04
9 105  1.281231900257835e+05
105 9  1.281231900257835e+05
9 106 -1.173830111508826e+06
106 9 -1.173830111508826e+06
9 107  3.366734516184848e+05
107 9  3.366734516184848e+05
9 108 -1.045413582825715e+06
108 9 -1.045413582825715e+06
9 109  1.650961102613440e+04
109 9  1.650961102613440e+04
9 110 -4.411902889966545e+04
110 9 -4.411902889966545e+04
9 111 -2.232574711205186e+05
111 9 -2.232574711205186e+05
9 112 -1.236558853648352e+06
112 9 -1.236558853648352e+06
9 113  5.120922618488038e+05
113 9  5.120922618488038e+05
9 114  2.019179984199525e+05
114 9  2.019179984199525e+05
10 10  1.000000000000000e+36
10 11 -3.983706341149421e+08
11 10 -3.983706341149421e+08
10 12  3.215464299918469e+08
12 10  3.215464299918469e+08
10 13 -8.266138923037662e+05
13 10 -8.266138923037662e+05
10 14 -2.489557879156650e+06
14 10 -2.489557879156650e+06
10 15  4.296455068132008e+05
15 10  4.296455068132008e+05
10 16  6.243992043933917e+08
16 10  6.243992043933917e+08
10 17 -1.938677754886865e+08
17 10 -1.938677754886865e+08
10 18 -9.765038762767737e+07
18 10 -9.765038762767737e+07
10 97  8.962678322539122e+05
97 10  8.962678322539122e+05
10 98  1.401618628587521e+06
98 10  1.401618628587521e+06
10 99 -3.353218203023133e+05
99 10 -3.353218203023133e+05
10 100  6.877540037126852e+08
100 10  6.877540037126852e+08
10 101 -3.462794414416131e+08
101 10 -3.462794414416131e+08
10 102  2.714566018614724e+08
102 10  2.714566018614724e+08
10 103 -1.930836552358287e+06
103 10 -1.930836552358287e+06
10 104 -4.656175761685019e+06
104 10 -4.656175761685019e+06
10 105  1.479755581745007e+05
105 10  1.479755581745007e+05
10 106  1.453235848613944e+09
106 10  1.453235848613944e+09
10 107 -6.240153064606158e+08
107 10 -6.240153064606158e+08
10 108  2.693510430498733e+08
108 10  2.693510430498733e+08
10 109 -1.514967153153246e+06
109 10 -1.514967153153246e+06
10 110 -4.167394101501547e+06
110 10 -4.167394101501547e+06
10 111  1.135184115914980e+06
111 10  1.135184115914980e+06
10 112  6.580303944558092e+08
112 10  6.580303944558092e+08
10 113 -2.772550523621569e+08
113 10 -2.772550523621569e+08
10 114 -1.207626230049255e+08
114 10 -1.207626230049255e+08
11 11  1.000000000000000e+36
11 12  1.650104242970038e+08
12 11  1.650104242970038e+08
11 13  5.481582026417336e+05
13 11  5.481582026417336e+05
11 14  1.778914268442818e+06
14 11  1.778914268442818e+06
11 15 -3.783451395107111e+05
15 11 -3.783451395107111e+05
11 16 -1.631140213767999e+08
16 11 -1.631140213767999e+08
11 17  8.199294884168622e+07
17 11  8.199294884168622e+07
11 18  1.422767356123965e+08
18 11  1.422767356123965e+08
11 97 -5.692597341904909e+05
97 11 -5.692597341904909e+05
11 98 -1.144395924689785e+06
98 11 -1.144395924689785e+06
11 99  1.240911702533707e+05
99 11  1.240911702533707e+05
11 100 -2.544962061543159e+08
100 11 -2.544962061543159e+08
11 101  1.281361802718626e+08
101 11  1.281361802718626e+08
11 102  2.231674465643173e+07
102 11  2.231674465643173e+07
11 103  9.681010445002705e+04
103 11  9.681010445002705e+04
11 104  8.366144630126655e-01
104 11  8.366144630126655e-01
11 105  2.337192404145363e+05
105 11  2.337192404145363e+05
11 106 -4.706678833595729e+08
106 11 -4.706678833595729e+08
11 107  2.564648611539170e+08
107 11  2.564648611539170e+08
11 108  1.949569586478977e+08
108 11  1.949569586478977e+08
11 109  4.902729947328874e+05
109 11  4.902729947328874e+05
11 110  1.144395777388430e+06
110 11  1.144395777388430e+06
11 111 -3.147816591331004e+05
111 11 -3.147816591331004e+05
11 112 -1.957363870496827e+08
112 11 -1.957363870496827e+08
11 113  1.281361890461697e+08
113 11  1.281361890461697e+08
11 114  1.641756346772696e+08
114 11  1.641756346772696e+08
12 12  1.000000000000000e+36
12 13  1.754165988270662e+06
13 12  1.754165988270662e+06
12 14  6.241540927315340e+06
14 12  6.241540927315340e+06
12 15 -1.557144571827635e+06
15 12 -1.557144571827635e+06
12 16  3.848017139025513e+08
16 12  3.848017139025513e+08
12 17  9.625033488329126e+07
17 12  9.625033488329126e+07
12 18  7.433399323028603e+08
18 12  7.433399323028603e+08
12 97 -1.753884472556296e+06
97 12 -1.753884472556296e+06
12 98 -4.491968124524108e+06
98 12 -4.491968124524108e+06
12 99  4.446151818099232e+04
99 12  4.446151818099232e+04
12 100 -9.103912357995547e+07
100 12 -9.103912357995547e+07
12 101  4.581849371742235e+07
101 12  4.581849371742235e+07
12 102  8.087240180186026e+08
102 12  8.087240180186026e+08
12 103 -4.009646040404222e+06
103 12 -4.009646040404222e+06
12 104 -1.124099692726348e+07
104 12 -1.124099692726348e+07
12 105  1.930835887880373e+06
105 12  1.930835887880373e+06
12 106  2.693499294671565e+08
106 12  2.693499294671565e+08
12 107  2.584761010365871e+08
107 12  2.584761010365871e+08
12 108  1.991937932973378e+09
108 12  1.991937932973378e+09
12 109 -2.833773304099125e+05
109 12 -2.833773304099125e+05
12 110 -2.185205183084478e+06
110 12 -2.185205183084478e+06
12 111  5.742378380589632e+05
111 12  5.742378380589632e+05
12 112  2.417326107338597e+08
112 12  2.417326107338597e+08
12 113  2.124581931563190e+08
113 12  2.124581931563190e+08
12 114  8.384480637905695e+08
114 12  8.384480637905695e+08
13 13  1.000000000000000e+36
13 14 -2.906367462461002e+04
14 13 -2.906367462461002e+04
13 15  7.569487584438456e+04
15 13  7.569487584438456e+04
13 16  1.544838963288840e+06
16 13  1.544838963288840e+06
13 17  1.647369375824746e+05
17 13  1.647369375824746e+05
13 18  2.172852089584002e+06
18 13  2.172852089584002e+06
13 19 -4.483077782891805e+04
19 13 -4.483077782891805e+04
13 20 -1.479117719809200e+04
20 13 -1.479117719809200e+04
13 21 -6.866123959520207e+04
21 13 -6.866123959520207e+04
13 22  1.557144700875495e+06
22 13  1.557144700875495e+06
13 23 -3.783453366170884e+05
23 13 -3.783453366170884e+05
13 24 -4.296461319934446e+05
24 13 -4.296461319934446e+05
13 103 -2.142424901576989e+05
103 13 -2.142424901576989e+05
13 104  4.544853652176004e+04
104 13  4.544853652176004e+04
13 105 -3.940093883011314e+04
105 13 -3.940093883011314e+04
13 106 -8.905691525338569e+05
106 13 -8.905691525338569e+05
13 107  7.604291454550958e+05
107 13  7.604291454550958e+05
13 108  1.796899700942978e+06
108 13  1.796899700942978e+06
13 109  3.116355426742313e+04
109 13  3.116355426742313e+04
13 110  2.836579144300121e+04
110 13  2.836579144300121e+04
13 111  1.371218174848755e+05
111 13  1.371218174848755e+05
13 112  1.478438319855198e+06
112 13  1.478438319855198e+06
13 113  2.576793718332448e+05
113 13  2.576793718332448e+05
13 114  2.219245679116502e+06
114 13  2.219245679116502e+06
13 115 -8.827748351702387e+04
115 13 -8.827748351702387e+04
13 116 -5.566180058110611e+03
116 13 -5.566180058110611e+03
13 117 -3.827398168301847e+04
117 13 -3.827398168301847e+04
13 118  1.554699317745691e+06
118 13  1.554699317745691e+06
13 119 -4.976738452031733e+05
119 13 -4.976738452031733e+05
13 120 -4.259862551829455e+05
120 13 -4.259862551829455e+05
14 14  1.000000000000000e+36
14 15  2.906364878934417e+04
15 14  2.906364878934417e+04
14 16  6.906358285335627e+06
16 14  6.906358285335627e+06
14 17 -4.058762252097949e+00
17 14 -4.058762252097949e+00
14 18  6.906344122192298e+06
18 14  6.906344122192298e+06
14 19 -1.687610271235063e+04
19 14 -1.687610271235063e+04
14 20 -6.971666364364659e+03
20 14 -6.971666364364659e+03
14 21  2.300016790546638e+04
21 14  2.300016790546638e+04
14 22  6.241541955978233e+06
22 14  6.241541955978233e+06
14 23 -1.778915292133773e+06
23 14 -1.778915292133773e+06
14 24 -2.489560853133321e+06
24 14 -2.489560853133321e+06
14 103  4.127686937769084e+04
103 14  4.127686937769084e+04
14 104 -6.411148567191459e+04
104 14 -6.411148567191459e+04
14 105  4.679689117719280e+03
105 14  4.679689117719280e+03
14 106 -2.623873251320890e+06
106 14 -2.623873251320890e+06
14 107  2.440255652499612e+06
107 14  2.440255652499612e+06
14 108  6.331288153922390e+06
108 14  6.331288153922390e+06
14 109  3.234280390620502e+04
109 14  3.234280390620502e+04
14 110 -2.781715040645280e+04
110 14 -2.781715040645280e+04
14 111 -3.234280106784468e+04
111 14 -3.234280106784468e+04
14 112  6.861783151203308e+06
112 14  6.861783151203308e+06
14 113  1.229870062787086e+00
113 14  1.229870062787086e+00
14 114  6.861786074569631e+06
114 14  6.861786074569631e+06
14 115 -4.679703171826059e+03
115 14 -4.679703171826059e+03
14 116 -6.411145529955304e+04
116 14 -6.411145529955304e+04
14 117 -4.127683149895162e+04
117 14 -4.127683149895162e+04
14 118  6.331282193986664e+06
118 14  6.331282193986664e+06
14 119 -2.440251387550754e+06
119 14 -2.440251387550754e+06
14 120 -2.623866127359669e+06
120 14 -2.623866127359669e+06
15 15  1.000000000000000e+36
15 16 -2.172855694071156e+06
16 15 -2.172855694071156e+06
15 17  1.647390719217848e+05
17 15  1.647390719217848e+05
15 18 -1.544835146732546e+06
18 15 -1.544835146732546e+06
15 19 -6.648053809749165e+04
19 15 -6.648053809749165e+04
15 20  2.439327013653033e+04
20 15  2.439327013653033e+04
15 21  1.114678610288247e+04
21 15  1.114678610288247e+04
15 22 -1.754166287818489e+06
22 15 -1.754166287818489e+06
15 23  5.481585124226614e+05
23 15  5.481585124226614e+05
15 24  8.266147787234973e+05
24 15  8.266147787234973e+05
15 103 -3.827390998674830e+04
103 15 -3.827390998674830e+04
15 104  5.566167796874054e+03
104 15  5.566167796874054e+03
15 105 -8.827744995087845e+04
105 15 -8.827744995087845e+04
15 106  4.259881093030563e+05
106 15  4.259881093030563e+05
15 107 -4.976749633739384e+05
107 15 -4.976749633739384e+05
15 108 -1.554700894539721e+06
108 15 -1.554700894539721e+06
15 109  1.371218170628900e+05
109 15  1.371218170628900e+05
15 110 -2.836578914727413e+04
110 15 -2.836578914727413e+04
15 111  3.116350981669706e+04
111 15  3.116350981669706e+04
15 112 -2.219244813733657e+06
112 15 -2.219244813733657e+06
15 113  2.576786904599998e+05
113 15  2.576786904599998e+05
15 114 -1.478439075513741e+06
114 15 -1.478439075513741e+06
15 115 -3.940100944342090e+04
115 15 -3.940100944342090e+04
15 116 -4.544849757477711e+04
116 15 -4.544849757477711e+04
15 117 -2.142424363540579e+05
117 15 -2.142424363540579e+05
15 118 -1.796898010020528e+06
118 15 -1.796898010020528e+06
15 119  7.604279548274746e+05
119 15  7.604279548274746e+05
15 120  8.905671725731434e+05
120 15  8.905671725731434e+05
16 16  1.000000000000000e+36
16 17 -3.049000496976755e+08
17 16 -3.049000496976755e+08
16 18  4.547365541341308e+08
18 16  4.547365541341308e+08
16 19 -1.615039830017574e+05
19 16 -1.615039830017574e+05
16 20  8.848075330345196e+04
20 16  8.848075330345196e+04
16 21 -1.484471257063941e+05
21 16 -1.484471257063941e+05
16 22  7.433402846951032e+08
22 16  7.433402846951032e+08
16 23 -1.422768148178590e+08
23 16 -1.422768148178590e+08
16 24 -9.765052975689861e+07
24 16 -9.765052975689861e+07
16 103  3.287406043423130e+04
103 16  3.287406043423130e+04
16 104 -4.240844976826794e+05
104 16 -4.240844976826794e+05
16 105 -3.305217445607527e+05
105 16 -3.305217445607527e+05
16 106  7.692566159122479e+08
106 16  7.692566159122479e+08
16 107 -3.023861614262105e+08
107 16 -3.023861614262105e+08
16 108  2.878056394414589e+08
108 16  2.878056394414589e+08
16 109 -2.730615157405926e+06
109 16 -2.730615157405926e+06
16 110 -8.603494164610993e+06
110 16 -8.603494164610993e+06
16 111  2.078812244901122e+06
111 16  2.078812244901122e+06
16 112  1.722588679683305e+09
112 16  1.722588679683305e+09
16 113 -4.776006423065523e+08
113 16 -4.776006423065523e+08
16 114  3.809215306485837e+08
114 16  3.809215306485837e+08
16 115 -9.078516507733518e+05
115 16 -9.078516507733518e+05
16 116 -4.686413573230047e+06
116 16 -4.686413573230047e+06
16 117  1.749086257384354e+06
117 16  1.749086257384354e+06
16 118  7.272208977502492e+08
118 16  7.272208977502492e+08
16 119 -1.748460248405804e+08
119 16 -1.748460248405804e+08
16 120 -7.469104910883412e+07
120 16 -7.469104910883412e+07
17 17  1.000000000000000e+36
17 18  3.048993460006068e+08
18 17  3.048993460006068e+08
17 19  3.616458678426943e+05
19 17  3.616458678426943e+05
17 20  1.778915211815771e+06
20 17  1.778915211815771e+06
17 21 -5.593167011064107e+05
21 17 -5.593167011064107e+05
17 22 -9.625089413272128e+07
22 17 -9.625089413272128e+07
17 23  8.199302016886044e+07
23 17  8.199302016886044e+07
17 24  1.938677505108230e+08
24 17  1.938677505108230e+08
17 103 -4.784389009396426e+05
103 17 -4.784389009396426e+05
17 104 -1.144393620676057e+06
104 17 -1.144393620676057e+06
17 105  3.324911966394365e+05
105 17  3.324911966394365e+05
17 106 -2.265837494187428e+08
106 17 -2.265837494187428e+08
17 107  1.281361970399687e+08
107 17  1.281361970399687e+08
17 108  1.180091736618840e+08
108 17  1.180091736618840e+08
17 109  1.788814141372349e+05
109 17  1.788814141372349e+05
17 110  1.641971746226773e+00
110 17  1.641971746226773e+00
17 111  1.788807231130873e+05
111 17  1.788807231130873e+05
17 112 -3.602339281151533e+08
112 17 -3.602339281151533e+08
17 113  2.564648281913179e+08
113 17  2.564648281913179e+08
17 114  3.602331556726826e+08
114 17  3.602331556726826e+08
17 115  3.324918544119562e+05
115 17  3.324918544119562e+05
17 116  1.144397198894911e+06
116 17  1.144397198894911e+06
17 117 -4.784402586245892e+05
117 17 -4.784402586245892e+05
17 118 -1.180095560833979e+08
118 17 -1.180095560833979e+08
17 119  1.281361487774275e+08
119 17  1.281361487774275e+08
17 120  2.265834787508388e+08
120 17  2.265834787508388e+08
18 18  1.000000000000000e+36
18 19  1.176072875533909e+06
19 18  1.176072875533909e+06
18 20  6.719146434584164e+06
20 18  6.719146434584164e+06
18 21 -2.222255323240072e+06
21 18 -2.222255323240072e+06
18 22  3.848001383625683e+08
22 18  3.848001383625683e+08
18 23  1.631142100898204e+08
23 18  1.631142100898204e+08
18 24  6.243990399062206e+08
24 18  6.243990399062206e+08
18 103 -1.749086843331518e+06
103 18 -1.749086843331518e+06
18 104 -4.686415005184313e+06
104 18 -4.686415005184313e+06
18 105  9.078522504603087e+05
105 18  9.078522504603087e+05
18 106 -7.469210721363652e+07
106 18 -7.469210721363652e+07
18 107  1.748465844340790e+08
107 18  1.748465844340790e+08
18 108  7.272213639032152e+08
108 18  7.272213639032152e+08
18 109 -2.078810951744782e+06
109 18 -2.078810951744782e+06
18 110 -8.603489217278561e+06
110 18 -8.603489217278561e+06
18 111  2.730614530493147e+06
111 18  2.730614530493147e+06
18 112  3.809201552008528e+08
112 18  3.809201552008528e+08
18 113  4.776007851358393e+08
113 18  4.776007851358393e+08
18 114  1.722587465440776e+09
114 18  1.722587465440776e+09
18 115  3.305247128380787e+05
115 18  3.305247128380787e+05
18 116 -4.240704454495250e+05
116 18 -4.240704454495250e+05
18 117 -3.287946505731787e+04
117 18 -3.287946505731787e+04
18 118  2.878038886877688e+08
118 18  2.878038886877688e+08
18 119  3.023865577499032e+08
119 18  3.023865577499032e+08
18 120  7.692567591982101e+08
120 18  7.692567591982101e+08
19 19  1.000000000000000e+36
19 20 -1.572912387556404e+04
20 19 -1.572912387556404e+04
19 21  5.352438637801117e+04
21 19  5.352438637801117e+04
19 22  1.092364473897731e+06
22 19  1.092364473897731e+06
19 23  2.152410359549596e+05
23 19  2.152410359549596e+05
19 24  1.080490222482165e+06
24 19  1.080490222482165e+06
19 25 -8.441273382672916e+04
25 19 -8.441273382672916e+04
19 26 -4.330378899429188e+03
26 19 -4.330378899429188e+03
19 27 -2.907914528119029e+04
27 19 -2.907914528119029e+04
19 28  6.780667541831014e+05
28 19  6.780667541831014e+05
19 29 -1.397742770319886e+05
29 19 -1.397742770319886e+05
19 30 -3.681153382323238e+05
30 19 -3.681153382323238e+05
19 109 -2.232575510267473e+05
109 19 -2.232575510267473e+05
19 110  4.411902144663924e+04
110 19  4.411902144663924e+04
19 111  1.650957213757702e+04
111 19  1.650957213757702e+04
19 112 -2.019187642307064e+05
112 19 -2.019187642307064e+05
19 113  5.120922056885014e+05
113 19  5.120922056885014e+05
19 114  1.236557772584299e+06
114 19  1.236557772584299e+06
19 115  1.281232943776225e+05
115 19  1.281232943776225e+05
19 116  1.535145423615983e+04
116 19  1.535145423615983e+04
19 117  9.695978524190669e+04
117 19  9.695978524190669e+04
19 118  1.045414348482624e+06
118 19  1.045414348482624e+06
19 119  3.366734726076240e+05
119 19  3.366734726076240e+05
19 120  1.173830500389761e+06
120 19  1.173830500389761e+06
19 121 -1.341868109145087e+05
121 19 -1.341868109145087e+05
19 122 -2.253487019545522e+04
122 19 -2.253487019545522e+04
19 123 -7.143406037881297e+04
123 19 -7.143406037881297e+04
19 124  6.715314100247379e+05
124 19  6.715314100247379e+05
19 125 -1.687881782106649e+05
125 19 -1.687881782106649e+05
19 126 -3.352599573086653e+05
126 19 -3.352599573086653e+05
20 20  1.000000000000000e+36
20 21  3.797351501068891e+04
21 20  3.797351501068891e+04
20 22  9.023581012693536e+06
22 20  9.023581012693536e+06
20 23  3.931600963231176e+00
23 20  3.931600963231176e+00
20 24  3.737700054026269e+06
24 20  3.737700054026269e+06
20 25 -6.789717346154549e+03
25 20 -6.789717346154549e+03
20 26 -6.971603428228118e+03
26 20 -6.971603428228118e+03
20 27  2.770761873128334e+04
27 20  2.770761873128334e+04
20 28  4.813718726966697e+06
28 20  4.813718726966697e+06
20 29 -1.778914064877844e+06
29 20 -1.778914064877844e+06
20 30 -4.688585288590812e+06
30 20 -4.688585288590812e+06
20 109  3.992566324549926e+04
109 20  3.992566324549926e+04
20 110 -6.411145510750912e+04
110 20 -6.411145510750912e+04
20 111 -1.147247956186590e+04
111 20 -1.147247956186590e+04
20 112 -1.259634360486177e+03
112 20 -1.259634360486177e+03
20 113  2.440251425333491e+06
113 20  2.440251425333491e+06
20 114  6.853451932785819e+06
114 20  6.853451932785819e+06
20 115  1.750379734570883e+04
115 20  1.750379734570883e+04
20 116 -2.781714697327514e+04
116 20 -2.781714697327514e+04
20 117 -4.225790866402281e+04
117 20 -4.225790866402281e+04
20 118  8.965355637600226e+06
118 20  8.965355637600226e+06
20 119 -1.476839052513242e+00
119 20 -1.476839052513242e+00
20 120  3.713568796750794e+06
120 20  3.713568796750794e+06
20 121 -2.011944217139750e+04
121 20 -2.011944217139750e+04
20 122 -6.411148656339652e+04
122 20 -6.411148656339652e+04
20 123 -3.634401565261389e+04
123 20 -3.634401565261389e+04
20 124  4.845233739551794e+06
124 20  4.845233739551794e+06
20 125 -2.440255686845127e+06
125 20 -2.440255686845127e+06
20 126 -4.847022044088133e+06
126 20 -4.847022044088133e+06
21 21  1.000000000000000e+36
21 22 -3.265217897559017e+06
22 21 -3.265217897559017e+06
21 23  8.915417150868708e+04
23 21  8.915417150868708e+04
21 24 -1.092368130189244e+06
24 21 -1.092368130189244e+06
21 25 -2.689844316842657e+04
25 21 -2.689844316842657e+04
21 26  2.819681213427856e+04
26 21  2.819681213427856e+04
21 27  5.072900773754394e+04
27 21  5.072900773754394e+04
21 28 -1.692635495320814e+06
28 21 -1.692635495320814e+06
21 29  6.512184808725601e+05
29 21  6.512184808725601e+05
21 30  1.705691363267679e+06
30 21  1.705691363267679e+06
21 109  1.763660038362827e+04
109 21  1.763660038362827e+04
21 110 -1.224990943714402e+04
110 21 -1.224990943714402e+04
21 111 -7.926236879350022e+04
111 21 -7.926236879350022e+04
21 112 -1.343535744147766e+05
112 21 -1.343535744147766e+05
21 113 -7.507939340812286e+05
113 21 -7.507939340812286e+05
21 114 -2.243347662203731e+06
114 21 -2.243347662203731e+06
21 115  9.695978567233709e+04
115 21  9.695978567233709e+04
21 116 -3.706169163397187e+04
116 21 -3.706169163397187e+04
21 117 -6.579621588627723e+04
117 21 -6.579621588627723e+04
21 118 -3.264659767567972e+06
118 21 -3.264659767567972e+06
21 119  1.394553427189201e+05
119 21  1.394553427189201e+05
21 120 -1.045413280723839e+06
120 21 -1.045413280723839e+06
21 121 -7.256108967034789e+04
121 21 -7.256108967034789e+04
21 122 -3.985889397931796e+04
122 21 -3.985889397931796e+04
21 123 -1.683331398513315e+05
123 21 -1.683331398513315e+05
21 124 -1.706170916554935e+06
124 21 -1.706170916554935e+06
21 125  8.929968850374207e+05
125 21  8.929968850374207e+05
21 126  1.773738551678496e+06
126 21  1.773738551678496e+06
22 22  1.000000000000000e+36
22 23 -1.650100671950332e+08
23 22 -1.650100671950332e+08
22 24  3.215482808778260e+08
24 22  3.215482808778260e+08
22 25 -9.997313681361041e+04
25 22 -9.997313681361041e+04
22 26  2.653057300129337e+06
26 22  2.653057300129337e+06
22 27 -1.027527314739301e+06
27 22 -1.027527314739301e+06
22 28  8.274447476978769e+08
28 22  8.274447476978769e+08
22 29 -6.902548996973273e+07
29 22 -6.902548996973273e+07
22 30 -1.817545224821914e+08
30 22 -1.817545224821914e+08
22 109 -5.742375737505500e+05
109 22 -5.742375737505500e+05
22 110 -2.185203527339805e+06
110 22 -2.185203527339805e+06
22 111  2.833769636606944e+05
111 22  2.833769636606944e+05
22 112  8.384474964968828e+08
112 22  8.384474964968828e+08
22 113 -2.124580378938556e+08
113 22 -2.124580378938556e+08
22 114  2.417323808277888e+08
114 22  2.417323808277888e+08
22 115 -1.930836385783474e+06
115 22 -1.930836385783474e+06
22 116 -1.124100273798972e+07
116 22 -1.124100273798972e+07
22 117  4.009647246141907e+06
117 22  4.009647246141907e+06
22 118  1.991939802507577e+09
118 22  1.991939802507577e+09
22 119 -2.584758145569948e+08
119 22 -2.584758145569948e+08
22 120  2.693514400064647e+08
120 22  2.693514400064647e+08
22 121 -4.446207842559234e+04
121 22 -4.446207842559234e+04
22 122 -4.491974003471578e+06
122 22 -4.491974003471578e+06
22 123  1.753887290314205e+06
123 22  1.753887290314205e+06
22 124  8.087242796999660e+08
124 22  8.087242796999660e+08
22 125 -4.581907474342801e+07
125 22 -4.581907474342801e+07
22 126 -9.104027971873777e+07
126 22 -9.104027971873777e+07
23 23  1.000000000000000e+36
23 24  3.983708880944694e+08
24 23  3.983708880944694e+08
23 25  1.200759542259004e+05
25 23  1.200759542259004e+05
23 26  1.778916650855065e+06
26 23  1.778916650855065e+06
23 27 -6.551377070118974e+05
27 23 -6.551377070118974e+05
23 28 -1.473372939551356e+07
28 23 -1.473372939551356e+07
23 29  8.199296299891342e+07
29 23  8.199296299891342e+07
23 30  2.159439108287210e+08
30 23  2.159439108287210e+08
23 109 -3.147820140122782e+05
109 23 -3.147820140122782e+05
23 110 -1.144397115608667e+06
110 23 -1.144397115608667e+06
23 111  4.902735552168643e+05
111 23  4.902735552168643e+05
23 112 -1.641755482496819e+08
112 23 -1.641755482496819e+08
23 113  1.281361492334678e+08
113 23  1.281361492334678e+08
23 114  1.957363468733042e+08
114 23  1.957363468733042e+08
23 115  2.337191894921659e+05
115 23  2.337191894921659e+05
23 116 -1.803319739876315e+00
116 23 -1.803319739876315e+00
23 117  9.681024443417310e+04
117 23  9.681024443417310e+04
23 118 -1.949564756269012e+08
118 23 -1.949564756269012e+08
23 119  2.564648257497125e+08
119 23  2.564648257497125e+08
23 120  4.706680197204155e+08
120 23  4.706680197204155e+08
23 121  1.240911709563407e+05
121 23  1.240911709563407e+05
23 122  1.144393628606151e+06
122 23  1.144393628606151e+06
23 123 -5.692587765704885e+05
123 23 -5.692587765704885e+05
23 124 -2.231638556842669e+07
124 23 -2.231638556842669e+07
23 125  1.281361957094436e+08
125 23  1.281361957094436e+08
23 126  2.544962510571022e+08
126 23  2.544962510571022e+08
24 24  1.000000000000000e+36
24 25  2.969950007575396e+05
25 24  2.969950007575396e+05
24 26  6.173827550902253e+06
26 24  6.173827550902253e+06
24 27 -2.283788167628525e+06
27 24 -2.283788167628525e+06
24 28  3.006974495480298e+08
28 24  3.006974495480298e+08
24 29  2.051447159156843e+08
29 24  2.051447159156843e+08
24 30  5.402944893101491e+08
30 24  5.402944893101491e+08
24 109 -1.135184938530874e+06
109 24 -1.135184938530874e+06
24 110 -4.167396931742421e+06
110 24 -4.167396931742421e+06
24 111  1.514968534937095e+06
111 24  1.514968534937095e+06
24 112 -1.207626815687583e+08
112 24 -1.207626815687583e+08
24 113  2.772550144753633e+08
113 24  2.772550144753633e+08
24 114  6.580301464423028e+08
114 24  6.580301464423028e+08
24 115 -1.479757473189781e+05
115 24 -1.479757473189781e+05
24 116 -4.656179908158056e+06
116 24 -4.656179908158056e+06
24 117  1.930837091216108e+06
117 24  1.930837091216108e+06
24 118  2.693530080670307e+08
118 24  2.693530080670307e+08
24 119  6.240153400422099e+08
119 24  6.240153400422099e+08
24 120  1.453236819940486e+09
120 24  1.453236819940486e+09
24 121  3.353215946035923e+05
121 24  3.353215946035923e+05
24 122  1.401610088105277e+06
122 24  1.401610088105277e+06
24 123 -8.962641070589322e+05
123 24 -8.962641070589322e+05
24 124  2.714576546491295e+08
124 24  2.714576546491295e+08
24 125  3.462792492848035e+08
125 24  3.462792492848035e+08
24 126  6.877536617844100e+08
126 24  6.877536617844100e+08
25 25  1.000000000000000e+36
25 26  4.450457803613972e-03
26 25  4.450457803613972e-03
25 27  7.083772463374771e-03
27 25  7.083772463374771e-03
25 28  7.334591953622294e-02
