1 1  3.415637070702503e+05
1 2 -2.824438844401789e+04
2 1 -2.824438844401789e+04
1 3  2.254570015417700e+04
3 1  2.254570015417700e+04
1 4 -7.146285866414124e+06
4 1 -7.146285866414124e+06
1 5  9.192555726022283e+05
5 1  9.192555726022283e+05
1 6 -1.810107576440805e+07
6 1 -1.810107576440805e+07
1 7  1.162747482281312e+05
7 1  1.162747482281312e+05
1 8  3.239761921124840e+02
8 1  3.239761921124840e+02
1 9  1.900452948221432e+04
9 1  1.900452948221432e+04
1 10 -4.241171635664100e+06
10 1 -4.241171635664100e+06
1 11 -5.118903840629381e+06
11 1 -5.118903840629381e+06
1 12 -6.347361296368577e+06
12 1 -6.347361296368577e+06
1 91  1.051421616814882e+05
91 1  1.051421616814882e+05
1 92 -1.137653422270198e+02
92 1 -1.137653422270198e+02
1 93  7.871937520960346e+03
93 1  7.871937520960346e+03
1 94 -1.756751471884894e+06
94 1 -1.756751471884894e+06
1 95  6.038159413231608e+06
95 1  6.038159413231608e+06
1 96 -8.831782824526843e+06
96 1 -8.831782824526843e+06
1 97 -2.994374734971431e+05
97 1 -2.994374734971431e+05
1 98 -2.102108498854660e+02
98 1 -2.102108498854660e+02
1 99  3.553625042095775e+03
99 1  3.553625042095775e+03
1 100 -7.146285866414124e+06
100 1 -7.146285866414124e+06
1 101 -2.294607229646959e+05
101 1 -2.294607229646959e+05
1 102 -1.810107576440805e+07
102 1 -1.810107576440805e+07
1 103 -1.427432126397516e+05
103 1 -1.427432126397516e+05
1 104  4.353014802818139e+04
104 1  4.353014802818139e+04
1 105 -3.745953810707945e+04
105 1 -3.745953810707945e+04
1 106 -4.241171635664100e+06
106 1 -4.241171635664100e+06
1 107  1.277756943802492e+06
107 1  1.277756943802492e+06
1 108 -6.347361296368577e+06
108 1 -6.347361296368577e+06
1 187 -1.207999308429749e+05
187 1 -1.207999308429749e+05
1 188 -1.528575958416349e+04
188 1 -1.528575958416349e+04
1 189 -1.551625409236799e+04
189 1 -1.551625409236799e+04
1 190 -1.756751471884894e+06
190 1 -1.756751471884894e+06
1 191 -1.507217666767188e+06
191 1 -1.507217666767188e+06
1 192 -8.831782824526843e+06
192 1 -8.831782824526843e+06
2 2  1.045368879026387e+06
2 3  1.169921065135716e+04
3 2  1.169921065135716e+04
2 4 -2.695638740971233e+02
4 2 -2.695638740971233e+02
2 5 -2.766692966791133e-26
5 2 -2.766692966791133e-26
2 6 -6.507850211373589e+02
6 2 -6.507850211373589e+02
2 7 -3.239761921124840e+02
7 2 -3.239761921124840e+02
2 8  5.041066846732886e+05
8 2  5.041066846732886e+05
2 9 -4.848645891780023e+02
9 2 -4.848645891780023e+02
2 10  1.501076649692511e+03
10 2  1.501076649692511e+03
2 11  3.637978807091713e-12
11 2  3.637978807091713e-12
2 12 -1.002987448229211e+03
12 2 -1.002987448229211e+03
2 91  1.137653422277583e+02
91 2  1.137653422277583e+02
2 92  5.041067261206006e+05
92 2  5.041067261206006e+05
2 93  5.719367887775865e+02
93 2  5.719367887775865e+02
2 94 -1.770640523789635e+03
94 2 -1.770640523789635e+03
2 95 -3.637978807091747e-12
95 2 -3.637978807091747e-12
2 96  3.522024270918510e+02
96 2  3.522024270918510e+02
2 97  2.102108498847257e+02
97 2  2.102108498847257e+02
2 98 -1.009124172020774e+06
98 2 -1.009124172020774e+06
2 99 -8.707219959957689e+01
99 2 -8.707219959957689e+01
2 100  3.133895931417091e-13
100 2  3.133895931417091e-13
2 101  3.392732981174528e-26
101 2  3.392732981174528e-26
2 102  7.565892665377538e-13
102 2  7.565892665377538e-13
2 103  4.353014802818139e+04
103 2  4.353014802818139e+04
2 104 -5.222290388953165e+05
104 2 -5.222290388953165e+05
2 105  6.514746408653870e+04
105 2  6.514746408653870e+04
2 106 -2.319422791408054e-13
106 2 -2.319422791408054e-13
2 107 -2.019483917365790e-28
107 2 -2.019483917365790e-28
2 108 -3.471261179882287e-13
108 2 -3.471261179882287e-13
2 187 -1.528575958416349e+04
187 2 -1.528575958416349e+04
2 188 -5.222290789041861e+05
188 2 -5.222290789041861e+05
2 189 -7.684667473789585e+04
189 2 -7.684667473789585e+04
2 190 -8.144731400090364e-14
190 2 -8.144731400090364e-14
2 191  2.786887805964791e-26
191 2  2.786887805964791e-26
2 192 -4.094631485495390e-13
192 2 -4.094631485495390e-13
3 3  3.866550973573724e+05
3 4  3.808506871594392e+06
4 3  3.808506871594392e+06
3 5  2.219277504263548e+06
5 3  2.219277504263548e+06
3 6  7.146285866414124e+06
6 3  7.146285866414124e+06
3 7  1.900452948221432e+04
7 3  1.900452948221432e+04
3 8  4.848645891779987e+02
8 3  4.848645891779987e+02
3 9  1.320186119644399e+05
9 3  1.320186119644399e+05
3 10  2.833860560836932e+06
10 3  2.833860560836932e+06
3 11  3.420342526742579e+06
11 3  3.420342526742579e+06
3 12  4.241171635664099e+06
12 3  4.241171635664099e+06
3 91  7.871937520960360e+03
91 3  7.871937520960360e+03
3 92 -5.719367887777320e+02
92 3 -5.719367887777320e+02
3 93  1.431512232954717e+05
93 3  1.431512232954717e+05
3 94  3.494397218870788e+05
94 3  3.494397218870788e+05
3 95 -1.201065022479031e+06
95 3 -1.201065022479031e+06
3 96  1.756751471884894e+06
96 3  1.756751471884894e+06
3 97  3.553625042095782e+03
97 3  3.553625042095782e+03
3 98  8.707219959972605e+01
98 3  8.707219959972605e+01
3 99 -2.923302270349305e+05
99 3 -2.923302270349305e+05
3 100  3.808506871594392e+06
100 3  3.808506871594392e+06
3 101 -5.539656330637236e+05
101 3 -5.539656330637236e+05
3 102  7.146285866414124e+06
102 3  7.146285866414124e+06
3 103 -3.745953810707945e+04
103 3 -3.745953810707945e+04
3 104  6.514746408653870e+04
104 3  6.514746408653870e+04
3 105 -1.737757022436039e+05
105 3 -1.737757022436039e+05
3 106  2.833860560836932e+06
106 3  2.833860560836932e+06
3 107 -8.537699768923465e+05
107 3 -8.537699768923465e+05
3 108  4.241171635664099e+06
108 3  4.241171635664099e+06
3 187 -1.551625409236798e+04
187 3 -1.551625409236798e+04
3 188 -7.684667473789585e+04
188 3 -7.684667473789585e+04
3 189 -1.957190033387495e+05
189 3 -1.957190033387495e+05
3 190  3.494397218870790e+05
190 3  3.494397218870790e+05
3 191  2.998043438286230e+05
191 3  2.998043438286230e+05
3 192  1.756751471884894e+06
192 3  1.756751471884894e+06
4 4  2.776830548513678e+08
4 5  5.187505526276906e+07
5 4  5.187505526276906e+07
4 6  5.143135117214001e+08
6 4  5.143135117214001e+08
4 7 -4.241171635664100e+06
7 4 -4.241171635664100e+06
4 8 -1.501076649692512e+03
8 4 -1.501076649692512e+03
4 9  2.833860560836932e+06
9 4  2.833860560836932e+06
4 10  2.231768565314790e+08
10 4  2.231768565314790e+08
4 11  7.982003296383308e+07
11 4  7.982003296383308e+07
4 12  3.340077372679349e+08
12 4  3.340077372679349e+08
4 91 -1.756751471884894e+06
91 4 -1.756751471884894e+06
4 92  1.770640523789635e+03
92 4  1.770640523789635e+03
4 93  3.494397218870789e+05
93 4  3.494397218870789e+05
4 94  2.751965277542494e+07
94 4  2.751965277542494e+07
4 95 -2.802908023384642e+07
95 4 -2.802908023384642e+07
4 96  1.383505866416974e+08
96 4  1.383505866416974e+08
4 97  7.146285866414124e+06
97 4  7.146285866414124e+06
4 98  3.133895931417038e-13
98 4  3.133895931417038e-13
4 99 -3.808506871594392e+06
99 4 -3.808506871594392e+06
4 100  2.726967437353934e+08
100 4  2.726967437353934e+08
4 101 -5.179095272998671e+07
101 4 -5.179095272998671e+07
4 102  5.138108111090385e+08
102 4  5.138108111090385e+08
4 103  4.241171635664100e+06
103 4  4.241171635664100e+06
4 104 -2.319422791408054e-13
104 4 -2.319422791408054e-13
4 105 -2.833860560836932e+06
105 4 -2.833860560836932e+06
4 106  2.222411617388679e+08
106 4  2.222411617388679e+08
4 107 -7.994965147934128e+07
107 4 -7.994965147934128e+07
4 108  3.326073711846833e+08
108 4  3.326073711846833e+08
4 187  1.756751471884894e+06
187 4  1.756751471884894e+06
4 188 -8.144731400090363e-14
188 4 -8.144731400090363e-14
4 189 -3.494397218870788e+05
189 4 -3.494397218870788e+05
4 190  2.740427344658078e+07
190 4  2.740427344658078e+07
4 191  2.807459621657218e+07
191 4  2.807459621657218e+07
4 192  1.377705357972271e+08
192 4  1.377705357972271e+08
5 5  2.772859590000617e+09
5 6 -2.148737714730527e+07
6 5 -2.148737714730527e+07
5 7  5.118903840629381e+06
7 5  5.118903840629381e+06
5 8 -3.637978807091713e-12
8 5 -3.637978807091713e-12
5 9 -3.420342526742579e+06
9 5 -3.420342526742579e+06
5 10 -7.982003296383308e+07
10 5 -7.982003296383308e+07
5 11  1.386218548150827e+09
11 5  1.386218548150827e+09
5 12 -1.194591097537992e+08
12 5 -1.194591097537992e+08
5 91 -6.038159413231606e+06
91 5 -6.038159413231606e+06
5 92  3.637978807091684e-12
92 5  3.637978807091684e-12
5 93  1.201065022479030e+06
93 5  1.201065022479030e+06
5 94  2.802908023384637e+07
94 5  2.802908023384637e+07
5 95  1.386218746310008e+09
95 5  1.386218746310008e+09
5 96  1.409116504857490e+08
96 5  1.409116504857490e+08
5 97 -2.294607229646978e+05
97 5 -2.294607229646978e+05
5 98  2.908056841006738e-26
98 5  2.908056841006738e-26
5 99 -5.539656330637231e+05
99 5 -5.539656330637231e+05
5 100  5.179095272998667e+07
100 5  5.179095272998667e+07
5 101  2.466870902266624e+08
101 5  2.466870902266624e+08
5 102 -2.145254073195000e+07
102 5 -2.145254073195000e+07
5 103 -1.277756943802493e+06
103 5 -1.277756943802493e+06
5 104  2.019483917365790e-28
104 5  2.019483917365790e-28
5 105  8.537699768923465e+05
105 5  8.537699768923465e+05
5 106 -7.994965147934128e+07
106 5 -7.994965147934128e+07
5 107  1.232302058806336e+08
107 5  1.232302058806336e+08
5 108 -1.196530975522913e+08
108 5 -1.196530975522913e+08
5 187  1.507217666767187e+06
187 5  1.507217666767187e+06
5 188  2.786887805964791e-26
188 5  2.786887805964791e-26
5 189 -2.998043438286228e+05
189 5 -2.998043438286228e+05
5 190  2.807459621657218e+07
190 5  2.807459621657218e+07
5 191  1.232301199035926e+08
191 5  1.232301199035926e+08
5 192  1.411404746995964e+08
192 5  1.411404746995964e+08
6 6  1.306309874104184e+09
6 7 -6.347361296368577e+06
7 6 -6.347361296368577e+06
6 8  1.002987448229211e+03
8 6  1.002987448229211e+03
6 9  4.241171635664099e+06
9 6  4.241171635664099e+06
6 10  3.340077372679349e+08
10 6  3.340077372679349e+08
6 11  1.194591097537993e+08
11 6  1.194591097537993e+08
6 12  4.998778560137582e+08
12 6  4.998778560137582e+08
6 91 -8.831782824526843e+06
91 6 -8.831782824526843e+06
6 92 -3.522024270918518e+02
92 6 -3.522024270918518e+02
6 93  1.756751471884894e+06
93 6  1.756751471884894e+06
6 94  1.383505866416974e+08
94 6  1.383505866416974e+08
6 95 -1.409116504857492e+08
95 6 -1.409116504857492e+08
6 96  6.955351137712988e+08
96 6  6.955351137712988e+08
6 97  1.810107576440805e+07
97 6  1.810107576440805e+07
6 98  7.565892665377548e-13
98 6  7.565892665377548e-13
6 99 -7.146285866414123e+06
99 6 -7.146285866414123e+06
6 100  5.138108111090385e+08
100 6  5.138108111090385e+08
6 101  2.145254073194975e+07
101 6  2.145254073194975e+07
6 102  1.300318161860142e+09
102 6  1.300318161860142e+09
6 103  6.347361296368577e+06
103 6  6.347361296368577e+06
6 104 -3.471261179882287e-13
104 6 -3.471261179882287e-13
6 105 -4.241171635664099e+06
105 6 -4.241171635664099e+06
6 106  3.326073711846833e+08
106 6  3.326073711846833e+08
6 107 -1.196530975522913e+08
107 6 -1.196530975522913e+08
6 108  4.977820602664619e+08
108 6  4.977820602664619e+08
6 187  8.831782824526843e+06
187 6  8.831782824526843e+06
6 188 -4.094631485495390e-13
188 6 -4.094631485495390e-13
6 189 -1.756751471884894e+06
189 6 -1.756751471884894e+06
6 190  1.377705357972271e+08
190 6  1.377705357972271e+08
6 191  1.411404746995964e+08
191 6  1.411404746995964e+08
6 192  6.926190023192626e+08
192 6  6.926190023192626e+08
7 7  3.641093909861454e+05
7 8 -2.161731605835731e+04
8 7 -2.161731605835731e+04
7 9  3.188443196579559e+04
9 7  3.188443196579559e+04
7 10 -1.010637328472399e+07
10 7 -1.010637328472399e+07
7 11  1.698561313886803e+06
11 7  1.698561313886803e+06
7 12 -1.095479091480920e+07
12 7 -1.095479091480920e+07
7 13  1.320186119644399e+05
13 7  1.320186119644399e+05
7 14  4.848645891779987e+02
14 7  4.848645891779987e+02
7 15  1.900452948221432e+04
15 7  1.900452948221432e+04
7 16 -4.241171635664099e+06
16 7 -4.241171635664099e+06
7 17 -3.420342526742579e+06
17 7 -3.420342526742579e+06
7 18 -2.833860560836932e+06
18 7 -2.833860560836932e+06
7 97 -1.427432126397516e+05
97 7 -1.427432126397516e+05
7 98 -4.353014802818139e+04
98 7 -4.353014802818139e+04
7 99 -3.745953810707945e+04
99 7 -3.745953810707945e+04
7 100 -4.241171635664100e+06
100 7 -4.241171635664100e+06
7 101 -1.277756943802492e+06
101 7 -1.277756943802492e+06
7 102 -6.347361296368577e+06
102 7 -6.347361296368577e+06
7 103 -2.958838362953608e+05
103 7 -2.958838362953608e+05
7 104 -1.608883970655147e+02
104 7 -1.608883970655147e+02
7 105  5.025585283934686e+03
105 7  5.025585283934686e+03
7 106 -1.010637328472399e+07
106 7 -1.010637328472399e+07
7 107 -4.239869669101455e+05
107 7 -4.239869669101455e+05
7 108 -1.095479091480920e+07
108 7 -1.095479091480920e+07
7 109 -1.737757022436039e+05
109 7 -1.737757022436039e+05
7 110  6.514746408653870e+04
110 7  6.514746408653870e+04
7 111 -3.745953810707945e+04
111 7 -3.745953810707945e+04
7 112 -4.241171635664099e+06
112 7 -4.241171635664099e+06
7 113  8.537699768923465e+05
113 7  8.537699768923465e+05
7 114 -2.833860560836932e+06
114 7 -2.833860560836932e+06
8 8  1.045368838985630e+06
8 9  2.161731605835730e+04
9 8  2.161731605835730e+04
8 10 -4.980892014633001e+02
10 8 -4.980892014633001e+02
8 12 -4.980892014633001e+02
12 8 -4.980892014633001e+02
8 13 -4.848645891780023e+02
13 8 -4.848645891780023e+02
8 14  5.041066846732886e+05
14 8  5.041066846732886e+05
8 15 -3.239761921124840e+02
15 8 -3.239761921124840e+02
8 16  1.002987448229211e+03
16 8  1.002987448229211e+03
8 17  3.637978807091713e-12
17 8  3.637978807091713e-12
8 18 -1.501076649692512e+03
18 8 -1.501076649692512e+03
8 97 -4.353014802818139e+04
97 8 -4.353014802818139e+04
8 98 -5.222290388953165e+05
98 8 -5.222290388953165e+05
8 99 -6.514746408653870e+04
99 8 -6.514746408653870e+04
8 100 -2.319422791408054e-13
100 8 -2.319422791408054e-13
8 101  2.019483917365790e-28
101 8  2.019483917365790e-28
8 102 -3.471261179882287e-13
102 8 -3.471261179882287e-13
8 103  1.608883970655183e+02
103 8  1.608883970655183e+02
8 104 -1.009124130541574e+06
104 8 -1.009124130541574e+06
8 105 -1.608883970655183e+02
105 8 -1.608883970655183e+02
8 106  5.790683971290342e-13
106 8  5.790683971290342e-13
8 108  5.790683971290342e-13
108 8  5.790683971290342e-13
8 109  6.514746408653870e+04
109 8  6.514746408653870e+04
8 110 -5.222290388953165e+05
110 8 -5.222290388953165e+05
8 111  4.353014802818139e+04
111 8  4.353014802818139e+04
8 112 -3.471261179882287e-13
112 8 -3.471261179882287e-13
8 113 -2.019483917365790e-28
113 8 -2.019483917365790e-28
8 114 -2.319422791408054e-13
114 8 -2.319422791408054e-13
9 9  3.641093909861454e+05
9 10  1.095479091480920e+07
10 9  1.095479091480920e+07
9 11  1.698561313886803e+06
11 9  1.698561313886803e+06
9 12  1.010637328472399e+07
12 9  1.010637328472399e+07
9 13  1.900452948221432e+04
13 9  1.900452948221432e+04
9 14  3.239761921124840e+02
14 9  3.239761921124840e+02
9 15  1.162747482281312e+05
15 9  1.162747482281312e+05
9 16  6.347361296368577e+06
16 9  6.347361296368577e+06
9 17  5.118903840629381e+06
17 9  5.118903840629381e+06
9 18  4.241171635664100e+06
18 9  4.241171635664100e+06
9 97 -3.745953810707945e+04
97 9 -3.745953810707945e+04
9 98 -6.514746408653870e+04
98 9 -6.514746408653870e+04
9 99 -1.737757022436039e+05
99 9 -1.737757022436039e+05
9 100  2.833860560836932e+06
100 9  2.833860560836932e+06
9 101  8.537699768923465e+05
101 9  8.537699768923465e+05
9 102  4.241171635664099e+06
102 9  4.241171635664099e+06
9 103  5.025585283934686e+03
103 9  5.025585283934686e+03
9 104  1.608883970655147e+02
104 9  1.608883970655147e+02
9 105 -2.958838362953608e+05
105 9 -2.958838362953608e+05
9 106  1.095479091480920e+07
106 9  1.095479091480920e+07
9 107 -4.239869669101455e+05
107 9 -4.239869669101455e+05
9 108  1.010637328472399e+07
108 9  1.010637328472399e+07
9 109 -3.745953810707945e+04
109 9 -3.745953810707945e+04
9 110  4.353014802818139e+04
110 9  4.353014802818139e+04
9 111 -1.427432126397516e+05
111 9 -1.427432126397516e+05
9 112  6.347361296368577e+06
112 9  6.347361296368577e+06
9 113 -1.277756943802492e+06
113 9 -1.277756943802492e+06
9 114  4.241171635664100e+06
114 9  4.241171635664100e+06
10 10  7.919964352713132e+08
10 11  3.970344607295005e+07
11 10  3.970344607295005e+07
10 12  7.273490637330158e+08
12 10  7.273490637330158e+08
10 13 -4.241171635664099e+06
13 10 -4.241171635664099e+06
10 14 -1.002987448229211e+03
14 10 -1.002987448229211e+03
10 15  6.347361296368577e+06
15 10  6.347361296368577e+06
10 16  4.998778560137582e+08
16 10  4.998778560137582e+08
10 17  1.194591097537993e+08
17 10  1.194591097537993e+08
10 18  3.340077372679349e+08
18 10  3.340077372679349e+08
10 97  4.241171635664100e+06
97 10  4.241171635664100e+06
10 98 -2.319422791408054e-13
98 10 -2.319422791408054e-13
10 99 -2.833860560836932e+06
99 10 -2.833860560836932e+06
10 100  2.222411617388679e+08
100 10  2.222411617388679e+08
10 101  7.994965147934128e+07
101 10  7.994965147934128e+07
10 102  3.326073711846833e+08
102 10  3.326073711846833e+08
10 103  1.010637328472399e+07
103 10  1.010637328472399e+07
10 104  5.790683971290342e-13
104 10  5.790683971290342e-13
10 105 -1.095479091480920e+07
105 10 -1.095479091480920e+07
10 106  7.865074237156256e+08
106 10  7.865074237156256e+08
10 107 -3.963907678996618e+07
107 10 -3.963907678996618e+07
10 108  7.266381378387145e+08
108 10  7.266381378387145e+08
10 109  4.241171635664099e+06
109 10  4.241171635664099e+06
10 110 -3.471261179882287e-13
110 10 -3.471261179882287e-13
10 111 -6.347361296368577e+06
111 10 -6.347361296368577e+06
10 112  4.977820602664619e+08
112 10  4.977820602664619e+08
10 113 -1.196530975522913e+08
113 10 -1.196530975522913e+08
10 114  3.326073711846833e+08
114 10  3.326073711846833e+08
11 11  2.772859391850823e+09
11 12 -3.970344607295004e+07
12 11 -3.970344607295004e+07
11 13  3.420342526742579e+06
13 11  3.420342526742579e+06
11 14 -3.637978807091713e-12
14 11 -3.637978807091713e-12
11 15 -5.118903840629381e+06
15 11 -5.118903840629381e+06
11 16 -1.194591097537992e+08
16 11 -1.194591097537992e+08
11 17  1.386218548150827e+09
17 11  1.386218548150827e+09
11 18 -7.982003296383308e+07
18 11 -7.982003296383308e+07
11 97  1.277756943802493e+06
97 11  1.277756943802493e+06
11 98 -2.019483917365790e-28
98 11 -2.019483917365790e-28
11 99 -8.537699768923465e+05
99 11 -8.537699768923465e+05
11 100  7.994965147934128e+07
100 11  7.994965147934128e+07
11 101  1.232302058806336e+08
101 11  1.232302058806336e+08
11 102  1.196530975522913e+08
102 11  1.196530975522913e+08
11 103 -4.239869669101459e+05
103 11 -4.239869669101459e+05
11 105 -4.239869669101459e+05
105 11 -4.239869669101459e+05
11 106  3.963907678996617e+07
106 11  3.963907678996617e+07
11 107  2.466871762200722e+08
107 11  2.466871762200722e+08
11 108 -3.963907678996617e+07
108 11 -3.963907678996617e+07
11 109 -8.537699768923465e+05
109 11 -8.537699768923465e+05
11 110  2.019483917365790e-28
110 11  2.019483917365790e-28
11 111  1.277756943802493e+06
111 11  1.277756943802493e+06
11 112 -1.196530975522913e+08
112 11 -1.196530975522913e+08
11 113  1.232302058806336e+08
113 11  1.232302058806336e+08
11 114 -7.994965147934128e+07
114 11 -7.994965147934128e+07
12 12  7.919964352713132e+08
12 13 -2.833860560836932e+06
13 12 -2.833860560836932e+06
12 14  1.501076649692511e+03
14 12  1.501076649692511e+03
12 15  4.241171635664100e+06
15 12  4.241171635664100e+06
12 16  3.340077372679349e+08
16 12  3.340077372679349e+08
12 17  7.982003296383308e+07
17 12  7.982003296383308e+07
12 18  2.231768565314790e+08
18 12  2.231768565314790e+08
12 97  6.347361296368577e+06
97 12  6.347361296368577e+06
12 98 -3.471261179882287e-13
98 12 -3.471261179882287e-13
12 99 -4.241171635664099e+06
99 12 -4.241171635664099e+06
12 100  3.326073711846833e+08
100 12  3.326073711846833e+08
12 101  1.196530975522913e+08
101 12  1.196530975522913e+08
12 102  4.977820602664619e+08
102 12  4.977820602664619e+08
12 103  1.095479091480920e+07
103 12  1.095479091480920e+07
12 104  5.790683971290342e-13
104 12  5.790683971290342e-13
12 105 -1.010637328472399e+07
105 12 -1.010637328472399e+07
12 106  7.266381378387145e+08
106 12  7.266381378387145e+08
12 107  3.963907678996618e+07
107 12  3.963907678996618e+07
12 108  7.865074237156256e+08
108 12  7.865074237156256e+08
12 109  2.833860560836932e+06
109 12  2.833860560836932e+06
12 110 -2.319422791408054e-13
110 12 -2.319422791408054e-13
12 111 -4.241171635664100e+06
111 12 -4.241171635664100e+06
12 112  3.326073711846833e+08
112 12  3.326073711846833e+08
12 113 -7.994965147934128e+07
113 12 -7.994965147934128e+07
12 114  2.222411617388679e+08
114 12  2.222411617388679e+08
13 13  3.866550973573723e+05
13 14 -1.169921065135710e+04
14 13 -1.169921065135710e+04
13 15  2.254570015417699e+04
15 13  2.254570015417699e+04
13 16 -7.146285866414122e+06
16 13 -7.146285866414122e+06
13 17  2.219277504263548e+06
17 13  2.219277504263548e+06
13 18 -3.808506871594392e+06
18 13 -3.808506871594392e+06
13 19  1.431512232954717e+05
19 13  1.431512232954717e+05
13 20  5.719367887777465e+02
20 13  5.719367887777465e+02
13 21  7.871937520960353e+03
21 13  7.871937520960353e+03
13 22 -1.756751471884893e+06
22 13 -1.756751471884893e+06
13 23 -1.201065022479030e+06
23 13 -1.201065022479030e+06
13 24 -3.494397218870787e+05
24 13 -3.494397218870787e+05
13 103 -1.737757022436039e+05
103 13 -1.737757022436039e+05
13 104 -6.514746408653870e+04
104 13 -6.514746408653870e+04
13 105 -3.745953810707945e+04
105 13 -3.745953810707945e+04
13 106 -4.241171635664099e+06
106 13 -4.241171635664099e+06
13 107 -8.537699768923465e+05
107 13 -8.537699768923465e+05
13 108 -2.833860560836932e+06
108 13 -2.833860560836932e+06
13 109 -2.923302270349304e+05
109 13 -2.923302270349304e+05
13 110 -8.707219959974788e+01
110 13 -8.707219959974788e+01
13 111  3.553625042095775e+03
111 13  3.553625042095775e+03
13 112 -7.146285866414122e+06
112 13 -7.146285866414122e+06
13 113 -5.539656330637236e+05
113 13 -5.539656330637236e+05
13 114 -3.808506871594392e+06
114 13 -3.808506871594392e+06
13 115 -1.957190033387494e+05
115 13 -1.957190033387494e+05
13 116  7.684667473789580e+04
116 13  7.684667473789580e+04
13 117 -1.551625409236797e+04
117 13 -1.551625409236797e+04
13 118 -1.756751471884893e+06
118 13 -1.756751471884893e+06
13 119  2.998043438286230e+05
119 13  2.998043438286230e+05
13 120 -3.494397218870787e+05
120 13 -3.494397218870787e+05
14 14  1.045368879026387e+06
14 15  2.824438844401791e+04
15 14  2.824438844401791e+04
14 16 -6.507850211373589e+02
16 14 -6.507850211373589e+02
14 17 -1.413638742156053e-27
17 14 -1.413638742156053e-27
14 18 -2.695638740971233e+02
18 14 -2.695638740971233e+02
14 19 -5.719367887775865e+02
19 14 -5.719367887775865e+02
14 20  5.041067261206004e+05
20 14  5.041067261206004e+05
14 21 -1.137653422277556e+02
21 14 -1.137653422277556e+02
14 22  3.522024270918510e+02
22 14  3.522024270918510e+02
14 23  3.637978807091712e-12
23 14  3.637978807091712e-12
14 24 -1.770640523789635e+03
24 14 -1.770640523789635e+03
14 103 -6.514746408653870e+04
103 14 -6.514746408653870e+04
14 104 -5.222290388953165e+05
104 14 -5.222290388953165e+05
14 105 -4.353014802818139e+04
105 14 -4.353014802818139e+04
14 106 -3.471261179882287e-13
106 14 -3.471261179882287e-13
14 107  2.019483917365790e-28
107 14  2.019483917365790e-28
14 108 -2.319422791408054e-13
108 14 -2.319422791408054e-13
14 109  8.707219959958417e+01
109 14  8.707219959958417e+01
14 110 -1.009124172020774e+06
110 14 -1.009124172020774e+06
14 111 -2.102108498847284e+02
111 14 -2.102108498847284e+02
14 112  7.565892665377535e-13
112 14  7.565892665377535e-13
14 113  1.211690350419474e-27
113 14  1.211690350419474e-27
14 114  3.133895931417090e-13
114 14  3.133895931417090e-13
14 115  7.684667473789580e+04
115 14  7.684667473789580e+04
14 116 -5.222290789041860e+05
116 14 -5.222290789041860e+05
14 117  1.528575958416348e+04
117 14  1.528575958416348e+04
14 118 -4.094631485495248e-13
118 14 -4.094631485495248e-13
14 119  1.211690350419474e-27
119 14  1.211690350419474e-27
14 120 -8.144731400090082e-14
120 14 -8.144731400090082e-14
15 15  3.415637070702502e+05
15 16  1.810107576440804e+07
16 15  1.810107576440804e+07
15 17  9.192555726022245e+05
17 15  9.192555726022245e+05
15 18  7.146285866414123e+06
18 15  7.146285866414123e+06
15 19  7.871937520960353e+03
19 15  7.871937520960353e+03
15 20  1.137653422270225e+02
20 15  1.137653422270225e+02
15 21  1.051421616814881e+05
21 15  1.051421616814881e+05
15 22  8.831782824526837e+06
22 15  8.831782824526837e+06
15 23  6.038159413231606e+06
23 15  6.038159413231606e+06
15 24  1.756751471884892e+06
24 15  1.756751471884892e+06
15 103 -3.745953810707945e+04
103 15 -3.745953810707945e+04
15 104 -4.353014802818139e+04
104 15 -4.353014802818139e+04
15 105 -1.427432126397516e+05
105 15 -1.427432126397516e+05
15 106  6.347361296368577e+06
106 15  6.347361296368577e+06
15 107  1.277756943802492e+06
107 15  1.277756943802492e+06
15 108  4.241171635664100e+06
108 15  4.241171635664100e+06
15 109  3.553625042095775e+03
109 15  3.553625042095775e+03
15 110  2.102108498854615e+02
110 15  2.102108498854615e+02
15 111 -2.994374734971430e+05
111 15 -2.994374734971430e+05
15 112  1.810107576440804e+07
112 15  1.810107576440804e+07
15 113 -2.294607229646959e+05
113 15 -2.294607229646959e+05
15 114  7.146285866414123e+06
114 15  7.146285866414123e+06
15 115 -1.551625409236798e+04
115 15 -1.551625409236798e+04
15 116  1.528575958416348e+04
116 15  1.528575958416348e+04
15 117 -1.207999308429748e+05
117 15 -1.207999308429748e+05
15 118  8.831782824526837e+06
118 15  8.831782824526837e+06
15 119 -1.507217666767188e+06
119 15 -1.507217666767188e+06
15 120  1.756751471884892e+06
120 15  1.756751471884892e+06
16 16  1.306309874104183e+09
16 17  2.148737714730519e+07
17 16  2.148737714730519e+07
16 18  5.143135117214000e+08
18 16  5.143135117214000e+08
16 19 -1.756751471884892e+06
19 16 -1.756751471884892e+06
16 20 -3.522024270918518e+02
20 16 -3.522024270918518e+02
16 21  8.831782824526837e+06
21 16  8.831782824526837e+06
16 22  6.955351137712983e+08
22 16  6.955351137712983e+08
16 23  1.409116504857492e+08
23 16  1.409116504857492e+08
16 24  1.383505866416973e+08
24 16  1.383505866416973e+08
16 103  4.241171635664099e+06
103 16  4.241171635664099e+06
16 104 -3.471261179882287e-13
104 16 -3.471261179882287e-13
16 105 -6.347361296368577e+06
105 16 -6.347361296368577e+06
16 106  4.977820602664619e+08
106 16  4.977820602664619e+08
16 107  1.196530975522913e+08
107 16  1.196530975522913e+08
16 108  3.326073711846833e+08
108 16  3.326073711846833e+08
16 109  7.146285866414122e+06
109 16  7.146285866414122e+06
16 110  7.565892665377546e-13
110 16  7.565892665377546e-13
16 111 -1.810107576440804e+07
111 16 -1.810107576440804e+07
16 112  1.300318161860142e+09
112 16  1.300318161860142e+09
16 113 -2.145254073194966e+07
113 16 -2.145254073194966e+07
16 114  5.138108111090384e+08
114 16  5.138108111090384e+08
16 115  1.756751471884893e+06
115 16  1.756751471884893e+06
16 116 -4.094631485495248e-13
116 16 -4.094631485495248e-13
16 117 -8.831782824526837e+06
117 16 -8.831782824526837e+06
16 118  6.926190023192620e+08
118 16  6.926190023192620e+08
16 119 -1.411404746995963e+08
119 16 -1.411404746995963e+08
16 120  1.377705357972270e+08
120 16  1.377705357972270e+08
17 17  2.772859590000616e+09
17 18 -5.187505526276907e+07
18 17 -5.187505526276907e+07
17 19  1.201065022479029e+06
19 17  1.201065022479029e+06
17 20 -3.637978807091715e-12
20 17 -3.637978807091715e-12
17 21 -6.038159413231602e+06
21 17 -6.038159413231602e+06
17 22 -1.409116504857489e+08
22 17 -1.409116504857489e+08
17 23  1.386218746310007e+09
23 17  1.386218746310007e+09
17 24 -2.802908023384634e+07
24 17 -2.802908023384634e+07
17 103  8.537699768923465e+05
103 17  8.537699768923465e+05
17 104 -2.019483917365790e-28
104 17 -2.019483917365790e-28
17 105 -1.277756943802493e+06
105 17 -1.277756943802493e+06
17 106  1.196530975522913e+08
106 17  1.196530975522913e+08
17 107  1.232302058806336e+08
107 17  1.232302058806336e+08
17 108  7.994965147934128e+07
108 17  7.994965147934128e+07
17 109 -5.539656330637230e+05
109 17 -5.539656330637230e+05
17 110  1.615587133892632e-27
110 17  1.615587133892632e-27
17 111 -2.294607229646982e+05
111 17 -2.294607229646982e+05
17 112  2.145254073194994e+07
112 17  2.145254073194994e+07
17 113  2.466870902266620e+08
113 17  2.466870902266620e+08
17 114 -5.179095272998668e+07
114 17 -5.179095272998668e+07
17 115 -2.998043438286228e+05
115 17 -2.998043438286228e+05
17 116  1.413638742156053e-27
116 17  1.413638742156053e-27
17 117  1.507217666767187e+06
117 17  1.507217666767187e+06
17 118 -1.411404746995962e+08
118 17 -1.411404746995962e+08
17 119  1.232301199035923e+08
119 17  1.232301199035923e+08
17 120 -2.807459621657215e+07
120 17 -2.807459621657215e+07
18 18  2.776830548513677e+08
18 19 -3.494397218870787e+05
19 18 -3.494397218870787e+05
18 20  1.770640523789635e+03
20 18  1.770640523789635e+03
18 21  1.756751471884892e+06
21 18  1.756751471884892e+06
18 22  1.383505866416973e+08
22 18  1.383505866416973e+08
18 23  2.802908023384640e+07
23 18  2.802908023384640e+07
18 24  2.751965277542492e+07
24 18  2.751965277542492e+07
18 103  2.833860560836932e+06
103 18  2.833860560836932e+06
18 104 -2.319422791408054e-13
104 18 -2.319422791408054e-13
18 105 -4.241171635664100e+06
105 18 -4.241171635664100e+06
18 106  3.326073711846833e+08
106 18  3.326073711846833e+08
18 107  7.994965147934128e+07
107 18  7.994965147934128e+07
18 108  2.222411617388679e+08
108 18  2.222411617388679e+08
18 109  3.808506871594392e+06
109 18  3.808506871594392e+06
18 110  3.133895931417037e-13
110 18  3.133895931417037e-13
18 111 -7.146285866414123e+06
111 18 -7.146285866414123e+06
18 112  5.138108111090384e+08
112 18  5.138108111090384e+08
18 113  5.179095272998672e+07
113 18  5.179095272998672e+07
18 114  2.726967437353934e+08
114 18  2.726967437353934e+08
18 115  3.494397218870787e+05
115 18  3.494397218870787e+05
18 116 -8.144731400090082e-14
116 18 -8.144731400090082e-14
18 117 -1.756751471884892e+06
117 18 -1.756751471884892e+06
18 118  1.377705357972270e+08
118 18  1.377705357972270e+08
18 119 -2.807459621657217e+07
119 18 -2.807459621657217e+07
18 120  2.740427344658076e+07
120 18  2.740427344658076e+07
19 19  3.959938429183124e+05
19 23  2.402130044958059e+06
23 19  2.402130044958059e+06
19 24 -8.484186511141859e+05
24 19 -8.484186511141859e+05
19 25  1.431512232954717e+05
25 19  1.431512232954717e+05
19 26  5.719367887775792e+02
26 19  5.719367887775792e+02
19 27 -7.871937520960346e+03
27 19 -7.871937520960346e+03
19 28  1.756751471884892e+06
28 19  1.756751471884892e+06
19 29  1.201065022479029e+06
29 19  1.201065022479029e+06
19 30 -3.494397218870786e+05
30 19 -3.494397218870786e+05
19 109 -1.957190033387494e+05
109 19 -1.957190033387494e+05
19 110 -7.684667473789597e+04
110 19 -7.684667473789597e+04
19 111 -1.551625409236788e+04
111 19 -1.551625409236788e+04
19 112 -1.756751471884892e+06
112 19 -1.756751471884892e+06
19 113 -2.998043438286234e+05
113 19 -2.998043438286234e+05
19 114 -3.494397218870786e+05
114 19 -3.494397218870786e+05
19 115 -2.908582828317569e+05
115 19 -2.908582828317569e+05
19 119 -5.996086876572468e+05
119 19 -5.996086876572468e+05
19 120 -8.484186511141859e+05
120 19 -8.484186511141859e+05
19 121 -1.957190033387494e+05
121 19 -1.957190033387494e+05
19 122  7.684667473789597e+04
122 19  7.684667473789597e+04
19 123  1.551625409236788e+04
123 19  1.551625409236788e+04
19 124  1.756751471884892e+06
124 19  1.756751471884892e+06
19 125 -2.998043438286234e+05
125 19 -2.998043438286234e+05
19 126 -3.494397218870786e+05
126 19 -3.494397218870786e+05
20 20  1.045368919067145e+06
20 21  3.057151916832545e+04
21 20  3.057151916832545e+04
20 22 -7.044048541837019e+02
22 20 -7.044048541837019e+02
20 25 -5.719367887777320e+02
25 20 -5.719367887777320e+02
20 26  5.041067261206004e+05
26 20  5.041067261206004e+05
20 27  1.137653422270216e+02
27 20  1.137653422270216e+02
20 28 -3.522024270918518e+02
28 20 -3.522024270918518e+02
20 29  3.637978807091715e-12
29 20  3.637978807091715e-12
20 30 -1.770640523789635e+03
30 20 -1.770640523789635e+03
20 109 -7.684667473789597e+04
109 20 -7.684667473789597e+04
20 110 -5.222290789041860e+05
110 20 -5.222290789041860e+05
20 111 -1.528575958416273e+04
111 20 -1.528575958416273e+04
20 112 -4.094631485495260e-13
112 20 -4.094631485495260e-13
20 113  1.615587133892632e-27
113 20  1.615587133892632e-27
20 114 -8.144731400090107e-14
114 20 -8.144731400090107e-14
20 116 -1.009124213499974e+06
116 20 -1.009124213499974e+06
20 117 -2.275306844540442e+02
117 20 -2.275306844540442e+02
20 118  8.189262970990519e-13
118 20  8.189262970990519e-13
20 121  7.684667473789597e+04
121 20  7.684667473789597e+04
20 122 -5.222290789041860e+05
122 20 -5.222290789041860e+05
20 123 -1.528575958416273e+04
123 20 -1.528575958416273e+04
20 124 -4.094631485495260e-13
124 20 -4.094631485495260e-13
20 125 -1.615587133892632e-27
125 20 -1.615587133892632e-27
20 126  8.144731400090107e-14
126 20  8.144731400090107e-14
21 21  3.322249839646416e+05
21 22  2.106116479127226e+07
22 21  2.106116479127226e+07
21 25 -7.871937520960353e+03
25 21 -7.871937520960353e+03
21 26 -1.137653422277565e+02
26 21 -1.137653422277565e+02
21 27  1.051421616814881e+05
27 21  1.051421616814881e+05
21 28  8.831782824526835e+06
28 21  8.831782824526835e+06
21 29  6.038159413231600e+06
29 21  6.038159413231600e+06
21 30 -1.756751471884892e+06
30 21 -1.756751471884892e+06
21 109 -1.551625409236788e+04
109 21 -1.551625409236788e+04
21 110 -1.528575958416272e+04
110 21 -1.528575958416272e+04
21 111 -1.207999308429747e+05
111 21 -1.207999308429747e+05
21 112  8.831782824526835e+06
112 21  8.831782824526835e+06
21 113  1.507217666767190e+06
113 21  1.507217666767190e+06
21 114  1.756751471884892e+06
114 21  1.756751471884892e+06
21 116  2.275306844555103e+02
116 21  2.275306844555103e+02
21 117 -3.009094456416682e+05
117 21 -3.009094456416682e+05
21 118  2.106116479127226e+07
118 21  2.106116479127226e+07
21 121  1.551625409236788e+04
121 21  1.551625409236788e+04
21 122 -1.528575958416272e+04
122 21 -1.528575958416272e+04
21 123 -1.207999308429747e+05
123 21 -1.207999308429747e+05
21 124  8.831782824526835e+06
124 21  8.831782824526835e+06
21 125 -1.507217666767190e+06
125 21 -1.507217666767190e+06
21 126 -1.756751471884892e+06
126 21 -1.756751471884892e+06
22 22  1.519345542317656e+09
22 25  1.756751471884892e+06
25 22  1.756751471884892e+06
22 26  3.522024270918510e+02
26 22  3.522024270918510e+02
22 27  8.831782824526837e+06
27 22  8.831782824526837e+06
22 28  6.955351137712983e+08
28 22  6.955351137712983e+08
22 29  1.409116504857489e+08
29 22  1.409116504857489e+08
22 30 -1.383505866416973e+08
30 22 -1.383505866416973e+08
22 109  1.756751471884893e+06
109 22  1.756751471884893e+06
22 110 -4.094631485495260e-13
110 22 -4.094631485495260e-13
22 111 -8.831782824526839e+06
111 22 -8.831782824526839e+06
22 112  6.926190023192620e+08
112 22  6.926190023192620e+08
22 113  1.411404746995964e+08
113 22  1.411404746995964e+08
22 114  1.377705357972270e+08
114 22  1.377705357972270e+08
22 116  8.189262970990496e-13
116 22  8.189262970990496e-13
22 117 -2.106116479127227e+07
117 22 -2.106116479127227e+07
22 118  1.513145604458084e+09
118 22  1.513145604458084e+09
22 121 -1.756751471884893e+06
121 22 -1.756751471884893e+06
22 122 -4.094631485495260e-13
122 22 -4.094631485495260e-13
22 123 -8.831782824526839e+06
123 22 -8.831782824526839e+06
22 124  6.926190023192620e+08
124 22  6.926190023192620e+08
22 125 -1.411404746995964e+08
125 22 -1.411404746995964e+08
22 126 -1.377705357972270e+08
126 22 -1.377705357972270e+08
23 23  2.772859788150410e+09
23 24 -5.614919243314430e+07
24 23 -5.614919243314430e+07
23 25 -1.201065022479030e+06
25 23 -1.201065022479030e+06
23 26 -3.637978807091712e-12
26 23 -3.637978807091712e-12
23 27 -6.038159413231605e+06
27 23 -6.038159413231605e+06
23 28 -1.409116504857492e+08
28 23 -1.409116504857492e+08
23 29  1.386218746310007e+09
29 23  1.386218746310007e+09
23 30  2.802908023384640e+07
30 23  2.802908023384640e+07
23 109  2.998043438286235e+05
109 23  2.998043438286235e+05
23 110  1.211690350419474e-27
110 23  1.211690350419474e-27
23 111 -1.507217666767191e+06
111 23 -1.507217666767191e+06
23 112  1.411404746995965e+08
112 23  1.411404746995965e+08
23 113  1.232301199035923e+08
113 23  1.232301199035923e+08
23 114  2.807459621657221e+07
114 23  2.807459621657221e+07
23 115 -5.996086876572457e+05
115 23 -5.996086876572457e+05
23 119  2.466870042332519e+08
119 23  2.466870042332519e+08
23 120 -5.605816046769269e+07
120 23 -5.605816046769269e+07
23 121  2.998043438286235e+05
121 23  2.998043438286235e+05
23 122 -1.211690350419474e-27
122 23 -1.211690350419474e-27
23 123  1.507217666767191e+06
123 23  1.507217666767191e+06
23 124 -1.411404746995965e+08
124 23 -1.411404746995965e+08
23 125  1.232301199035923e+08
125 23  1.232301199035923e+08
23 126  2.807459621657221e+07
126 23  2.807459621657221e+07
24 24  6.464744505081932e+07
24 25 -3.494397218870787e+05
25 24 -3.494397218870787e+05
24 26  1.770640523789635e+03
26 24  1.770640523789635e+03
24 27 -1.756751471884893e+06
27 24 -1.756751471884893e+06
24 28 -1.383505866416973e+08
28 24 -1.383505866416973e+08
24 29 -2.802908023384635e+07
29 24 -2.802908023384635e+07
24 30  2.751965277542492e+07
30 24  2.751965277542492e+07
24 109  3.494397218870787e+05
109 24  3.494397218870787e+05
24 110 -8.144731400090107e-14
110 24 -8.144731400090107e-14
24 111 -1.756751471884893e+06
111 24 -1.756751471884893e+06
24 112  1.377705357972270e+08
112 24  1.377705357972270e+08
24 113  2.807459621657220e+07
113 24  2.807459621657220e+07
24 114  2.740427344658076e+07
114 24  2.740427344658076e+07
24 115  8.484186511141860e+05
115 24  8.484186511141860e+05
24 119  5.605816046769278e+07
119 24  5.605816046769278e+07
24 120  5.986935930173490e+07
120 24  5.986935930173490e+07
24 121  3.494397218870787e+05
121 24  3.494397218870787e+05
24 122  8.144731400090107e-14
122 24  8.144731400090107e-14
24 123  1.756751471884893e+06
123 24  1.756751471884893e+06
24 124 -1.377705357972270e+08
124 24 -1.377705357972270e+08
24 125  2.807459621657220e+07
125 24  2.807459621657220e+07
24 126  2.740427344658076e+07
126 24  2.740427344658076e+07
25 25  3.866550973573723e+05
25 26  1.169921065135710e+04
26 25  1.169921065135710e+04
25 27 -2.254570015417699e+04
27 25 -2.254570015417699e+04
25 28  7.146285866414122e+06
28 25  7.146285866414122e+06
25 29  2.219277504263548e+06
29 25  2.219277504263548e+06
25 30 -3.808506871594392e+06
30 25 -3.808506871594392e+06
25 31  1.320186119644399e+05
31 25  1.320186119644399e+05
25 32  4.848645891779987e+02
32 25  4.848645891779987e+02
25 33 -1.900452948221432e+04
33 25 -1.900452948221432e+04
25 34  4.241171635664099e+06
34 25  4.241171635664099e+06
25 35  3.420342526742579e+06
35 25  3.420342526742579e+06
25 36 -2.833860560836932e+06
36 25 -2.833860560836932e+06
25 115 -1.957190033387494e+05
115 25 -1.957190033387494e+05
25 116 -7.684667473789580e+04
116 25 -7.684667473789580e+04
25 117  1.551625409236797e+04
117 25  1.551625409236797e+04
25 118  1.756751471884893e+06
118 25  1.756751471884893e+06
25 119  2.998043438286230e+05
119 25  2.998043438286230e+05
25 120 -3.494397218870787e+05
120 25 -3.494397218870787e+05
25 121 -2.923302270349304e+05
121 25 -2.923302270349304e+05
25 122  8.707219959974788e+01
122 25  8.707219959974788e+01
25 123 -3.553625042095775e+03
123 25 -3.553625042095775e+03
25 124  7.146285866414122e+06
124 25  7.146285866414122e+06
25 125 -5.539656330637236e+05
125 25 -5.539656330637236e+05
25 126 -3.808506871594392e+06
126 25 -3.808506871594392e+06
25 127 -1.737757022436039e+05
127 25 -1.737757022436039e+05
25 128  6.514746408653870e+04
128 25  6.514746408653870e+04
25 129  3.745953810707945e+04
129 25  3.745953810707945e+04
25 130  4.241171635664099e+06
130 25  4.241171635664099e+06
25 131 -8.537699768923465e+05
131 25 -8.537699768923465e+05
25 132 -2.833860560836932e+06
132 25 -2.833860560836932e+06
26 26  1.045368879026387e+06
26 27  2.824438844401791e+04
27 26  2.824438844401791e+04
26 28 -6.507850211373589e+02
28 26 -6.507850211373589e+02
26 29  1.413638742156053e-27
29 26  1.413638742156053e-27
