1 1  1.000000000000000e+36
1 2 -3.504350099552678e+03
2 1 -3.504350099552678e+03
1 3  1.799125279535888e+03
3 1  1.799125279535888e+03
1 4 -1.397452819586871e+05
4 1 -1.397452819586871e+05
1 5 -1.763464312424645e+06
5 1 -1.763464312424645e+06
1 6 -2.859531551866557e+06
6 1 -2.859531551866557e+06
1 7 -6.879336979922796e+04
7 1 -6.879336979922796e+04
1 8 -2.674977225183029e+02
8 1 -2.674977225183029e+02
1 9  1.708436249354639e+03
9 1  1.708436249354639e+03
1 10 -1.397452819586871e+05
10 1 -1.397452819586871e+05
1 11 -6.183682643799547e+05
11 1 -6.183682643799547e+05
1 12 -2.859531551866557e+06
12 1 -2.859531551866557e+06
1 31  4.063545139051457e+04
31 1  4.063545139051457e+04
1 32  2.674977225183029e+02
32 1  2.674977225183029e+02
1 33 -3.411063231853392e+03
33 1 -3.411063231853392e+03
1 34 -2.292218342731008e+05
34 1 -2.292218342731008e+05
1 35 -1.763464312424645e+06
35 1 -1.763464312424645e+06
1 36 -2.327333061990297e+06
36 1 -2.327333061990297e+06
1 37 -6.992719602884333e+04
37 1 -6.992719602884333e+04
1 38  3.504350099552678e+03
38 1  3.504350099552678e+03
1 39 -9.649829703713613e+01
39 1 -9.649829703713613e+01
1 40 -2.292218342731008e+05
40 1 -2.292218342731008e+05
1 41 -6.183682643799547e+05
41 1 -6.183682643799547e+05
1 42 -2.327333061990297e+06
42 1 -2.327333061990297e+06
2 2  1.000000000000000e+36
2 3 -7.133260796587844e+04
3 2 -7.133260796587844e+04
2 4  6.839355137127250e+03
4 2  6.839355137127250e+03
2 6 -3.359963351842052e+02
6 2 -3.359963351842052e+02
2 7  2.674977225183029e+02
7 2  2.674977225183029e+02
2 8 -2.226086315274339e+05
8 2 -2.226086315274339e+05
2 9  5.445035350377551e+03
9 2  5.445035350377551e+03
2 10 -7.387924273605218e-13
10 2 -7.387924273605218e-13
2 11 -3.637978807091715e-12
11 2 -3.637978807091715e-12
2 12 -1.503844909667983e-11
12 2 -1.503844909667983e-11
2 31 -2.674977225183029e+02
31 2 -2.674977225183029e+02
2 32  2.223126825453292e+05
32 2  2.223126825453292e+05
2 33 -5.445035350377551e+03
33 2 -5.445035350377551e+03
2 34  6.839355137127250e+03
34 2  6.839355137127250e+03
2 35  3.637978807091715e-12
35 2  3.637978807091715e-12
2 36 -3.359963351842069e+02
36 2 -3.359963351842069e+02
2 37  3.504350099552678e+03
37 2  3.504350099552678e+03
2 38 -2.575958932320150e+05
38 2 -2.575958932320150e+05
2 39  7.133260796587844e+04
39 2  7.133260796587844e+04
2 40 -8.205326008503787e-13
40 2 -8.205326008503787e-13
2 42 -1.670230675501115e-11
42 2 -1.670230675501115e-11
3 3  1.000000000000000e+36
3 4  2.181931396171486e+04
4 3  2.181931396171486e+04
3 5  8.663353990588663e+04
5 3  8.663353990588663e+04
3 6  1.397452819586871e+05
6 3  1.397452819586871e+05
3 7  1.708436249354638e+03
7 3  1.708436249354638e+03
3 8 -5.445035350377559e+03
8 3 -5.445035350377559e+03
3 9 -3.410131877236655e+04
9 3 -3.410131877236655e+04
3 10  2.181931396171486e+04
10 3  2.181931396171486e+04
3 11  3.037851763217003e+04
11 3  3.037851763217003e+04
3 12  1.397452819586871e+05
12 3  1.397452819586871e+05
3 31 -3.474053891026697e+02
31 3 -3.474053891026697e+02
3 32  5.445035350377559e+03
32 3  5.445035350377559e+03
3 33  3.373143484842069e+04
33 3  3.373143484842069e+04
3 34  1.126095877692891e+04
34 3  1.126095877692891e+04
3 35  8.663353990588663e+04
35 3  8.663353990588663e+04
3 36  1.143346651699488e+05
36 3  1.143346651699488e+05
3 37 -3.160156139787857e+03
37 3 -3.160156139787857e+03
3 38  7.133260796587846e+04
38 3  7.133260796587846e+04
3 39 -1.342488418935805e+05
39 3 -1.342488418935805e+05
3 40  1.126095877692891e+04
40 3  1.126095877692891e+04
3 41  3.037851763217004e+04
41 3  3.037851763217004e+04
3 42  1.143346651699488e+05
42 3  1.143346651699488e+05
4 4  1.000000000000000e+36
4 5  5.358010407061906e+05
5 4  5.358010407061906e+05
4 6  4.956322384662760e+06
6 4  4.956322384662760e+06
4 7  1.397452819586871e+05
7 4  1.397452819586871e+05
4 8 -7.387924273605219e-13
8 4 -7.387924273605219e-13
4 9 -2.181931396171487e+04
9 4 -2.181931396171487e+04
4 10  2.453548069492898e+05
10 4  2.453548069492898e+05
4 11 -5.260904835750874e+05
11 4 -5.260904835750874e+05
4 12  4.994306436132493e+06
12 4  4.994306436132493e+06
4 31 -1.143115054977023e+05
31 4 -1.143115054977023e+05
4 32 -6.839355137127249e+03
32 4 -6.839355137127249e+03
4 33  1.157492710358091e+04
33 4  1.157492710358091e+04
4 34  4.474360103991718e+05
34 4  4.474360103991718e+05
4 35  5.260904835750874e+05
35 4  5.260904835750874e+05
4 36  4.558960864117882e+06
36 4  4.558960864117882e+06
4 37  1.143115054977023e+05
37 4  1.143115054977023e+05
4 38 -8.205326008503788e-13
38 4 -8.205326008503788e-13
4 39 -1.157492710358091e+04
39 4 -1.157492710358091e+04
4 40  4.440336120215267e+05
40 4  4.440336120215267e+05
4 41 -5.358010407061906e+05
41 4 -5.358010407061906e+05
4 42  4.489703528885515e+06
42 4  4.489703528885515e+06
5 5  1.000000000000000e+36
5 6  1.090646895961767e+07
6 5  1.090646895961767e+07
5 7 -6.183682643799543e+05
7 5 -6.183682643799543e+05
5 8  3.637978807091715e-12
8 5  3.637978807091715e-12
5 9  3.037851763217002e+04
9 5  3.037851763217002e+04
5 10  5.260904835750874e+05
10 5  5.260904835750874e+05
5 11  7.396538957087414e+07
11 5  7.396538957087414e+07
5 12  1.070880624177117e+07
12 5  1.070880624177117e+07
5 31  1.762433553702039e+06
31 5  1.762433553702039e+06
5 32 -3.637978807091715e-12
32 5 -3.637978807091715e-12
5 33 -1.006072087848712e+05
33 5 -1.006072087848712e+05
5 34 -1.050103066537008e+06
34 5 -1.050103066537008e+06
5 35  1.213000806560105e+08
35 5  1.213000806560105e+08
5 36 -1.067015278967346e+07
36 5 -1.067015278967346e+07
5 37  6.193990231025599e+05
37 5  6.193990231025599e+05
5 39 -1.640484875318544e+04
39 5 -1.640484875318544e+04
5 40 -1.059813623668112e+06
40 5 -1.059813623668112e+06
5 41  7.369076765602705e+07
41 5  7.369076765602705e+07
5 42 -1.086781550751997e+07
42 5 -1.086781550751997e+07
6 6  1.000000000000000e+36
6 7  2.859531551866557e+06
7 6  2.859531551866557e+06
6 8 -1.503844909667983e-11
8 6 -1.503844909667983e-11
6 9 -1.397452819586871e+05
9 6 -1.397452819586871e+05
6 10  4.994306436132492e+06
10 6  4.994306436132492e+06
6 11 -1.070880624177117e+07
11 6 -1.070880624177117e+07
6 12  1.016613331857391e+08
12 6  1.016613331857391e+08
6 31 -2.326861636540771e+06
31 6 -2.326861636540771e+06
6 32  3.359963351842370e+02
32 6  3.359963351842370e+02
6 33  2.356127994799244e+05
33 6  2.356127994799244e+05
6 34  9.107759388451211e+06
34 6  9.107759388451211e+06
6 35  1.070880624177117e+07
35 6  1.070880624177117e+07
6 36  9.279968005862622e+07
36 6  9.279968005862622e+07
6 37  2.326861636540771e+06
37 6  2.326861636540771e+06
6 38 -1.670230675501115e-11
38 6 -1.670230675501115e-11
6 39 -2.356127994799244e+05
39 6 -2.356127994799244e+05
6 40  9.038502053218845e+06
40 6  9.038502053218845e+06
6 41 -1.090646895961767e+07
41 6 -1.090646895961767e+07
6 42  9.138991613591701e+07
42 6  9.138991613591701e+07
7 7  1.000000000000000e+36
7 9  3.598250559071777e+03
9 7  3.598250559071777e+03
7 11 -3.526928624849289e+06
11 7 -3.526928624849289e+06
7 13 -6.879336979922796e+04
13 7 -6.879336979922796e+04
7 14 -2.674977225183029e+02
14 7 -2.674977225183029e+02
7 15  1.708436249354639e+03
15 7  1.708436249354639e+03
7 16 -1.397452819586871e+05
16 7 -1.397452819586871e+05
7 17 -6.183682643799547e+05
17 7 -6.183682643799547e+05
7 18 -2.859531551866557e+06
18 7 -2.859531551866557e+06
7 31 -6.992719602884333e+04
31 7 -6.992719602884333e+04
7 32 -3.504350099552678e+03
32 7 -3.504350099552678e+03
7 33 -9.649829703713613e+01
33 7 -9.649829703713613e+01
7 34  2.292218342731008e+05
34 7  2.292218342731008e+05
7 35 -6.183682643799547e+05
35 7 -6.183682643799547e+05
7 36  2.327333061990297e+06
36 7  2.327333061990297e+06
7 37  8.127090278102915e+04
37 7  8.127090278102915e+04
7 39 -6.822126463706783e+03
39 7 -6.822126463706783e+03
7 41 -3.526928624849289e+06
41 7 -3.526928624849289e+06
7 43 -6.992719602884333e+04
43 7 -6.992719602884333e+04
7 44  3.504350099552678e+03
44 7  3.504350099552678e+03
7 45 -9.649829703713613e+01
45 7 -9.649829703713613e+01
7 46 -2.292218342731008e+05
46 7 -2.292218342731008e+05
7 47 -6.183682643799547e+05
47 7 -6.183682643799547e+05
7 48 -2.327333061990297e+06
48 7 -2.327333061990297e+06
8 8  1.000000000000000e+36
8 10  1.367871027425450e+04
10 8  1.367871027425450e+04
8 12 -6.719926703684105e+02
12 8 -6.719926703684105e+02
8 13  2.674977225183029e+02
13 8  2.674977225183029e+02
8 14 -2.226086315274339e+05
14 8 -2.226086315274339e+05
8 15  5.445035350377551e+03
15 8  5.445035350377551e+03
8 16 -7.387924273605218e-13
16 8 -7.387924273605218e-13
8 17 -3.637978807091715e-12
17 8 -3.637978807091715e-12
8 18 -1.503844909667983e-11
18 8 -1.503844909667983e-11
8 31 -3.504350099552678e+03
31 8 -3.504350099552678e+03
8 32 -2.575958932320150e+05
32 8 -2.575958932320150e+05
8 33 -7.133260796587844e+04
33 8 -7.133260796587844e+04
8 34 -8.205326008503787e-13
34 8 -8.205326008503787e-13
8 36 -1.670230675501115e-11
36 8 -1.670230675501115e-11
8 38  4.446253650906583e+05
38 8  4.446253650906583e+05
8 40  1.367871027425450e+04
40 8  1.367871027425450e+04
8 42 -6.719926703684138e+02
42 8 -6.719926703684138e+02
8 43  3.504350099552678e+03
43 8  3.504350099552678e+03
8 44 -2.575958932320150e+05
44 8 -2.575958932320150e+05
8 45  7.133260796587844e+04
45 8  7.133260796587844e+04
8 46 -8.205326008503787e-13
46 8 -8.205326008503787e-13
8 48 -1.670230675501115e-11
48 8 -1.670230675501115e-11
9 9  1.000000000000000e+36
9 11  1.732670798117733e+05
11 9  1.732670798117733e+05
9 13  1.708436249354638e+03
13 9  1.708436249354638e+03
9 14 -5.445035350377559e+03
14 9 -5.445035350377559e+03
9 15 -3.410131877236655e+04
15 9 -3.410131877236655e+04
9 16  2.181931396171486e+04
16 9  2.181931396171486e+04
9 17  3.037851763217003e+04
17 9  3.037851763217003e+04
9 18  1.397452819586871e+05
18 9  1.397452819586871e+05
9 31 -3.160156139787857e+03
31 9 -3.160156139787857e+03
9 32 -7.133260796587846e+04
32 9 -7.133260796587846e+04
9 33 -1.342488418935805e+05
33 9 -1.342488418935805e+05
9 34 -1.126095877692891e+04
34 9 -1.126095877692891e+04
9 35  3.037851763217004e+04
35 9  3.037851763217004e+04
9 36 -1.143346651699488e+05
36 9 -1.143346651699488e+05
9 37 -6.948107782053394e+02
37 9 -6.948107782053394e+02
9 39  6.746286969684137e+04
39 9  6.746286969684137e+04
9 41  1.732670798117733e+05
41 9  1.732670798117733e+05
9 43 -3.160156139787857e+03
43 9 -3.160156139787857e+03
9 44  7.133260796587846e+04
44 9  7.133260796587846e+04
9 45 -1.342488418935805e+05
45 9 -1.342488418935805e+05
9 46  1.126095877692891e+04
46 9  1.126095877692891e+04
9 47  3.037851763217004e+04
47 9  3.037851763217004e+04
9 48  1.143346651699488e+05
48 9  1.143346651699488e+05
10 10  1.000000000000000e+36
10 12  9.912644769325519e+06
12 10  9.912644769325519e+06
10 13  1.397452819586871e+05
13 10  1.397452819586871e+05
10 14 -7.387924273605219e-13
14 10 -7.387924273605219e-13
10 15 -2.181931396171487e+04
15 10 -2.181931396171487e+04
10 16  2.453548069492898e+05
16 10  2.453548069492898e+05
10 17 -5.260904835750874e+05
17 10 -5.260904835750874e+05
10 18  4.994306436132493e+06
18 10  4.994306436132493e+06
10 31 -1.143115054977023e+05
31 10 -1.143115054977023e+05
10 32 -8.205326008503788e-13
32 10 -8.205326008503788e-13
10 33  1.157492710358091e+04
33 10  1.157492710358091e+04
10 34  4.440336120215267e+05
34 10  4.440336120215267e+05
10 35  5.358010407061906e+05
35 10  5.358010407061906e+05
10 36  4.489703528885515e+06
36 10  4.489703528885515e+06
10 38 -1.367871027425450e+04
38 10 -1.367871027425450e+04
10 40  8.948720207983436e+05
40 10  8.948720207983436e+05
10 42  9.117921728235764e+06
42 10  9.117921728235764e+06
10 43  1.143115054977023e+05
43 10  1.143115054977023e+05
10 44 -8.205326008503788e-13
44 10 -8.205326008503788e-13
10 45 -1.157492710358091e+04
45 10 -1.157492710358091e+04
10 46  4.440336120215267e+05
46 10  4.440336120215267e+05
10 47 -5.358010407061906e+05
47 10 -5.358010407061906e+05
10 48  4.489703528885515e+06
48 10  4.489703528885515e+06
11 11  1.000000000000000e+36
11 13 -6.183682643799543e+05
13 11 -6.183682643799543e+05
11 14  3.637978807091715e-12
14 11  3.637978807091715e-12
11 15  3.037851763217002e+04
15 11  3.037851763217002e+04
11 16  5.260904835750874e+05
16 11  5.260904835750874e+05
11 17  7.396538957087414e+07
17 11  7.396538957087414e+07
11 18  1.070880624177117e+07
18 11  1.070880624177117e+07
11 31  6.193990231025599e+05
31 11  6.193990231025599e+05
11 33 -1.640484875318544e+04
33 11 -1.640484875318544e+04
11 34  1.059813623668112e+06
34 11  1.059813623668112e+06
11 35  7.369076765602705e+07
35 11  7.369076765602705e+07
11 36  1.086781550751997e+07
36 11  1.086781550751997e+07
11 37  3.524867107404078e+06
37 11  3.524867107404078e+06
11 39 -2.012144175697424e+05
39 11 -2.012144175697424e+05
11 41  2.426001613120211e+08
41 11  2.426001613120211e+08
11 43  6.193990231025599e+05
43 11  6.193990231025599e+05
11 45 -1.640484875318544e+04
45 11 -1.640484875318544e+04
11 46 -1.059813623668112e+06
46 11 -1.059813623668112e+06
11 47  7.369076765602705e+07
47 11  7.369076765602705e+07
11 48 -1.086781550751997e+07
48 11 -1.086781550751997e+07
12 12  1.000000000000000e+36
12 13  2.859531551866557e+06
13 12  2.859531551866557e+06
12 14 -1.503844909667983e-11
14 12 -1.503844909667983e-11
12 15 -1.397452819586871e+05
15 12 -1.397452819586871e+05
12 16  4.994306436132492e+06
16 12  4.994306436132492e+06
12 17 -1.070880624177117e+07
17 12 -1.070880624177117e+07
12 18  1.016613331857391e+08
18 12  1.016613331857391e+08
12 31 -2.326861636540771e+06
31 12 -2.326861636540771e+06
12 32 -1.670230675501115e-11
32 12 -1.670230675501115e-11
12 33  2.356127994799244e+05
33 12  2.356127994799244e+05
12 34  9.038502053218845e+06
34 12  9.038502053218845e+06
12 35  1.090646895961767e+07
35 12  1.090646895961767e+07
12 36  9.138991613591701e+07
36 12  9.138991613591701e+07
12 38  6.719926703684739e+02
38 12  6.719926703684739e+02
12 40  1.821551877690242e+07
40 12  1.821551877690242e+07
12 42  1.855993601172524e+08
42 12  1.855993601172524e+08
12 43  2.326861636540771e+06
43 12  2.326861636540771e+06
12 44 -1.670230675501115e-11
44 12 -1.670230675501115e-11
12 45 -2.356127994799244e+05
45 12 -2.356127994799244e+05
12 46  9.038502053218845e+06
46 12  9.038502053218845e+06
12 47 -1.090646895961767e+07
47 12 -1.090646895961767e+07
12 48  9.138991613591701e+07
48 12  9.138991613591701e+07
13 13  1.000000000000000e+36
13 15  3.598250559071777e+03
15 13  3.598250559071777e+03
13 17 -3.526928624849289e+06
17 13 -3.526928624849289e+06
13 19 -6.879336979922796e+04
19 13 -6.879336979922796e+04
13 20 -2.674977225183029e+02
20 13 -2.674977225183029e+02
13 21  1.708436249354639e+03
21 13  1.708436249354639e+03
13 22 -1.397452819586871e+05
22 13 -1.397452819586871e+05
13 23 -6.183682643799547e+05
23 13 -6.183682643799547e+05
13 24 -2.859531551866557e+06
24 13 -2.859531551866557e+06
13 37 -6.992719602884333e+04
37 13 -6.992719602884333e+04
13 38 -3.504350099552678e+03
38 13 -3.504350099552678e+03
13 39 -9.649829703713613e+01
39 13 -9.649829703713613e+01
13 40  2.292218342731008e+05
40 13  2.292218342731008e+05
13 41 -6.183682643799547e+05
41 13 -6.183682643799547e+05
13 42  2.327333061990297e+06
42 13  2.327333061990297e+06
13 43  8.127090278102915e+04
43 13  8.127090278102915e+04
13 45 -6.822126463706783e+03
45 13 -6.822126463706783e+03
13 47 -3.526928624849289e+06
47 13 -3.526928624849289e+06
13 49 -6.992719602884333e+04
49 13 -6.992719602884333e+04
13 50  3.504350099552678e+03
50 13  3.504350099552678e+03
13 51 -9.649829703713613e+01
51 13 -9.649829703713613e+01
13 52 -2.292218342731008e+05
52 13 -2.292218342731008e+05
13 53 -6.183682643799547e+05
53 13 -6.183682643799547e+05
13 54 -2.327333061990297e+06
54 13 -2.327333061990297e+06
14 14  1.000000000000000e+36
14 16  1.367871027425450e+04
16 14  1.367871027425450e+04
14 18 -6.719926703684105e+02
18 14 -6.719926703684105e+02
14 19  2.674977225183029e+02
19 14  2.674977225183029e+02
14 20 -2.226086315274339e+05
20 14 -2.226086315274339e+05
14 21  5.445035350377551e+03
21 14  5.445035350377551e+03
14 22 -7.387924273605218e-13
22 14 -7.387924273605218e-13
14 23 -3.637978807091715e-12
23 14 -3.637978807091715e-12
14 24 -1.503844909667983e-11
24 14 -1.503844909667983e-11
14 37 -3.504350099552678e+03
37 14 -3.504350099552678e+03
14 38 -2.575958932320150e+05
38 14 -2.575958932320150e+05
14 39 -7.133260796587844e+04
39 14 -7.133260796587844e+04
14 40 -8.205326008503787e-13
40 14 -8.205326008503787e-13
14 42 -1.670230675501115e-11
42 14 -1.670230675501115e-11
14 44  4.446253650906583e+05
44 14  4.446253650906583e+05
14 46  1.367871027425450e+04
46 14  1.367871027425450e+04
14 48 -6.719926703684138e+02
48 14 -6.719926703684138e+02
14 49  3.504350099552678e+03
49 14  3.504350099552678e+03
14 50 -2.575958932320150e+05
50 14 -2.575958932320150e+05
14 51  7.133260796587844e+04
51 14  7.133260796587844e+04
14 52 -8.205326008503787e-13
52 14 -8.205326008503787e-13
14 54 -1.670230675501115e-11
54 14 -1.670230675501115e-11
15 15  1.000000000000000e+36
15 17  1.732670798117733e+05
17 15  1.732670798117733e+05
15 19  1.708436249354638e+03
19 15  1.708436249354638e+03
15 20 -5.445035350377559e+03
20 15 -5.445035350377559e+03
15 21 -3.410131877236655e+04
21 15 -3.410131877236655e+04
15 22  2.181931396171486e+04
22 15  2.181931396171486e+04
15 23  3.037851763217003e+04
23 15  3.037851763217003e+04
15 24  1.397452819586871e+05
24 15  1.397452819586871e+05
15 37 -3.160156139787857e+03
37 15 -3.160156139787857e+03
15 38 -7.133260796587846e+04
38 15 -7.133260796587846e+04
15 39 -1.342488418935805e+05
39 15 -1.342488418935805e+05
15 40 -1.126095877692891e+04
40 15 -1.126095877692891e+04
15 41  3.037851763217004e+04
41 15  3.037851763217004e+04
15 42 -1.143346651699488e+05
42 15 -1.143346651699488e+05
15 43 -6.948107782053394e+02
43 15 -6.948107782053394e+02
15 45  6.746286969684137e+04
45 15  6.746286969684137e+04
15 47  1.732670798117733e+05
47 15  1.732670798117733e+05
15 49 -3.160156139787857e+03
49 15 -3.160156139787857e+03
15 50  7.133260796587846e+04
50 15  7.133260796587846e+04
15 51 -1.342488418935805e+05
51 15 -1.342488418935805e+05
15 52  1.126095877692891e+04
52 15  1.126095877692891e+04
15 53  3.037851763217004e+04
53 15  3.037851763217004e+04
15 54  1.143346651699488e+05
54 15  1.143346651699488e+05
16 16  1.000000000000000e+36
16 18  9.912644769325519e+06
18 16  9.912644769325519e+06
16 19  1.397452819586871e+05
19 16  1.397452819586871e+05
16 20 -7.387924273605219e-13
20 16 -7.387924273605219e-13
16 21 -2.181931396171487e+04
21 16 -2.181931396171487e+04
16 22  2.453548069492898e+05
22 16  2.453548069492898e+05
16 23 -5.260904835750874e+05
23 16 -5.260904835750874e+05
16 24  4.994306436132493e+06
24 16  4.994306436132493e+06
16 37 -1.143115054977023e+05
37 16 -1.143115054977023e+05
16 38 -8.205326008503788e-13
38 16 -8.205326008503788e-13
16 39  1.157492710358091e+04
39 16  1.157492710358091e+04
16 40  4.440336120215267e+05
40 16  4.440336120215267e+05
16 41  5.358010407061906e+05
41 16  5.358010407061906e+05
16 42  4.489703528885515e+06
42 16  4.489703528885515e+06
16 44 -1.367871027425450e+04
44 16 -1.367871027425450e+04
16 46  8.948720207983436e+05
46 16  8.948720207983436e+05
16 48  9.117921728235764e+06
48 16  9.117921728235764e+06
16 49  1.143115054977023e+05
49 16  1.143115054977023e+05
16 50 -8.205326008503788e-13
50 16 -8.205326008503788e-13
16 51 -1.157492710358091e+04
51 16 -1.157492710358091e+04
16 52  4.440336120215267e+05
52 16  4.440336120215267e+05
16 53 -5.358010407061906e+05
53 16 -5.358010407061906e+05
16 54  4.489703528885515e+06
54 16  4.489703528885515e+06
17 17  1.000000000000000e+36
17 19 -6.183682643799543e+05
19 17 -6.183682643799543e+05
17 20  3.637978807091715e-12
20 17  3.637978807091715e-12
17 21  3.037851763217002e+04
21 17  3.037851763217002e+04
17 22  5.260904835750874e+05
22 17  5.260904835750874e+05
17 23  7.396538957087414e+07
23 17  7.396538957087414e+07
17 24  1.070880624177117e+07
24 17  1.070880624177117e+07
17 37  6.193990231025599e+05
37 17  6.193990231025599e+05
17 39 -1.640484875318544e+04
39 17 -1.640484875318544e+04
17 40  1.059813623668112e+06
40 17  1.059813623668112e+06
17 41  7.369076765602705e+07
41 17  7.369076765602705e+07
17 42  1.086781550751997e+07
42 17  1.086781550751997e+07
17 43  3.524867107404078e+06
43 17  3.524867107404078e+06
17 45 -2.012144175697424e+05
45 17 -2.012144175697424e+05
17 47  2.426001613120211e+08
47 17  2.426001613120211e+08
17 49  6.193990231025599e+05
49 17  6.193990231025599e+05
17 51 -1.640484875318544e+04
51 17 -1.640484875318544e+04
17 52 -1.059813623668112e+06
52 17 -1.059813623668112e+06
17 53  7.369076765602705e+07
53 17  7.369076765602705e+07
17 54 -1.086781550751997e+07
54 17 -1.086781550751997e+07
18 18  1.000000000000000e+36
18 19  2.859531551866557e+06
19 18  2.859531551866557e+06
18 20 -1.503844909667983e-11
20 18 -1.503844909667983e-11
18 21 -1.397452819586871e+05
21 18 -1.397452819586871e+05
18 22  4.994306436132492e+06
22 18  4.994306436132492e+06
18 23 -1.070880624177117e+07
23 18 -1.070880624177117e+07
18 24  1.016613331857391e+08
24 18  1.016613331857391e+08
18 37 -2.326861636540771e+06
37 18 -2.326861636540771e+06
18 38 -1.670230675501115e-11
38 18 -1.670230675501115e-11
18 39  2.356127994799244e+05
39 18  2.356127994799244e+05
18 40  9.038502053218845e+06
40 18  9.038502053218845e+06
18 41  1.090646895961767e+07
41 18  1.090646895961767e+07
18 42  9.138991613591701e+07
42 18  9.138991613591701e+07
18 44  6.719926703684739e+02
44 18  6.719926703684739e+02
18 46  1.821551877690242e+07
46 18  1.821551877690242e+07
18 48  1.855993601172524e+08
48 18  1.855993601172524e+08
18 49  2.326861636540771e+06
49 18  2.326861636540771e+06
18 50 -1.670230675501115e-11
50 18 -1.670230675501115e-11
18 51 -2.356127994799244e+05
51 18 -2.356127994799244e+05
18 52  9.038502053218845e+06
52 18  9.038502053218845e+06
18 53 -1.090646895961767e+07
53 18 -1.090646895961767e+07
18 54  9.138991613591701e+07
54 18  9.138991613591701e+07
19 19  1.000000000000000e+36
19 21  3.598250559071777e+03
21 19  3.598250559071777e+03
19 23 -3.526928624849289e+06
23 19 -3.526928624849289e+06
19 25 -6.879336979922796e+04
25 19 -6.879336979922796e+04
19 26 -2.674977225183029e+02
26 19 -2.674977225183029e+02
19 27  1.708436249354639e+03
27 19  1.708436249354639e+03
19 28 -1.397452819586871e+05
28 19 -1.397452819586871e+05
19 29 -6.183682643799547e+05
29 19 -6.183682643799547e+05
19 30 -2.859531551866557e+06
30 19 -2.859531551866557e+06
19 43 -6.992719602884333e+04
43 19 -6.992719602884333e+04
19 44 -3.504350099552678e+03
44 19 -3.504350099552678e+03
19 45 -9.649829703713613e+01
45 19 -9.649829703713613e+01
19 46  2.292218342731008e+05
46 19  2.292218342731008e+05
19 47 -6.183682643799547e+05
47 19 -6.183682643799547e+05
19 48  2.327333061990297e+06
48 19  2.327333061990297e+06
19 49  8.127090278102915e+04
49 19  8.127090278102915e+04
19 51 -6.822126463706783e+03
51 19 -6.822126463706783e+03
19 53 -3.526928624849289e+06
53 19 -3.526928624849289e+06
19 55 -6.992719602884333e+04
55 19 -6.992719602884333e+04
19 56  3.504350099552678e+03
56 19  3.504350099552678e+03
19 57 -9.649829703713613e+01
57 19 -9.649829703713613e+01
19 58 -2.292218342731008e+05
58 19 -2.292218342731008e+05
19 59 -6.183682643799547e+05
59 19 -6.183682643799547e+05
19 60 -2.327333061990297e+06
60 19 -2.327333061990297e+06
20 20  1.000000000000000e+36
20 22  1.367871027425450e+04
22 20  1.367871027425450e+04
20 24 -6.719926703684105e+02
24 20 -6.719926703684105e+02
20 25  2.674977225183029e+02
25 20  2.674977225183029e+02
20 26 -2.226086315274339e+05
26 20 -2.226086315274339e+05
20 27  5.445035350377551e+03
27 20  5.445035350377551e+03
20 28 -7.387924273605218e-13
28 20 -7.387924273605218e-13
20 29 -3.637978807091715e-12
29 20 -3.637978807091715e-12
20 30 -1.503844909667983e-11
30 20 -1.503844909667983e-11
20 43 -3.504350099552678e+03
43 20 -3.504350099552678e+03
20 44 -2.575958932320150e+05
44 20 -2.575958932320150e+05
20 45 -7.133260796587844e+04
45 20 -7.133260796587844e+04
20 46 -8.205326008503787e-13
46 20 -8.205326008503787e-13
20 48 -1.670230675501115e-11
48 20 -1.670230675501115e-11
20 50  4.446253650906583e+05
50 20  4.446253650906583e+05
20 52  1.367871027425450e+04
52 20  1.367871027425450e+04
20 54 -6.719926703684138e+02
54 20 -6.719926703684138e+02
20 55  3.504350099552678e+03
55 20  3.504350099552678e+03
20 56 -2.575958932320150e+05
56 20 -2.575958932320150e+05
20 57  7.133260796587844e+04
57 20  7.133260796587844e+04
20 58 -8.205326008503787e-13
58 20 -8.205326008503787e-13
20 60 -1.670230675501115e-11
60 20 -1.670230675501115e-11
21 21  1.000000000000000e+36
21 23  1.732670798117733e+05
23 21  1.732670798117733e+05
21 25  1.708436249354638e+03
25 21  1.708436249354638e+03
21 26 -5.445035350377559e+03
26 21 -5.445035350377559e+03
21 27 -3.410131877236655e+04
27 21 -3.410131877236655e+04
21 28  2.181931396171486e+04
28 21  2.181931396171486e+04
21 29  3.037851763217003e+04
29 21  3.037851763217003e+04
21 30  1.397452819586871e+05
30 21  1.397452819586871e+05
21 43 -3.160156139787857e+03
43 21 -3.160156139787857e+03
21 44 -7.133260796587846e+04
44 21 -7.133260796587846e+04
21 45 -1.342488418935805e+05
45 21 -1.342488418935805e+05
21 46 -1.126095877692891e+04
46 21 -1.126095877692891e+04
21 47  3.037851763217004e+04
47 21  3.037851763217004e+04
21 48 -1.143346651699488e+05
48 21 -1.143346651699488e+05
21 49 -6.948107782053394e+02
49 21 -6.948107782053394e+02
21 51  6.746286969684137e+04
51 21  6.746286969684137e+04
21 53  1.732670798117733e+05
53 21  1.732670798117733e+05
21 55 -3.160156139787857e+03
55 21 -3.160156139787857e+03
21 56  7.133260796587846e+04
56 21  7.133260796587846e+04
21 57 -1.342488418935805e+05
57 21 -1.342488418935805e+05
21 58  1.126095877692891e+04
58 21  1.126095877692891e+04
21 59  3.037851763217004e+04
59 21  3.037851763217004e+04
21 60  1.143346651699488e+05
60 21  1.143346651699488e+05
22 22  1.000000000000000e+36
22 24  9.912644769325519e+06
24 22  9.912644769325519e+06
22 25  1.397452819586871e+05
25 22  1.397452819586871e+05
22 26 -7.387924273605219e-13
26 22 -7.387924273605219e-13
22 27 -2.181931396171487e+04
27 22 -2.181931396171487e+04
22 28  2.453548069492898e+05
28 22  2.453548069492898e+05
22 29 -5.260904835750874e+05
29 22 -5.260904835750874e+05
22 30  4.994306436132493e+06
30 22  4.994306436132493e+06
22 43 -1.143115054977023e+05
43 22 -1.143115054977023e+05
22 44 -8.205326008503788e-13
44 22 -8.205326008503788e-13
22 45  1.157492710358091e+04
45 22  1.157492710358091e+04
22 46  4.440336120215267e+05
46 22  4.440336120215267e+05
22 47  5.358010407061906e+05
47 22  5.358010407061906e+05
22 48  4.489703528885515e+06
48 22  4.489703528885515e+06
22 50 -1.367871027425450e+04
50 22 -1.367871027425450e+04
22 52  8.948720207983436e+05
52 22  8.948720207983436e+05
22 54  9.117921728235764e+06
54 22  9.117921728235764e+06
22 55  1.143115054977023e+05
55 22  1.143115054977023e+05
22 56 -8.205326008503788e-13
56 22 -8.205326008503788e-13
22 57 -1.157492710358091e+04
57 22 -1.157492710358091e+04
22 58  4.440336120215267e+05
58 22  4.440336120215267e+05
22 59 -5.358010407061906e+05
59 22 -5.358010407061906e+05
22 60  4.489703528885515e+06
60 22  4.489703528885515e+06
23 23  1.000000000000000e+36
23 25 -6.183682643799543e+05
25 23 -6.183682643799543e+05
23 26  3.637978807091715e-12
26 23  3.637978807091715e-12
23 27  3.037851763217002e+04
27 23  3.037851763217002e+04
23 28  5.260904835750874e+05
28 23  5.260904835750874e+05
23 29  7.396538957087414e+07
29 23  7.396538957087414e+07
23 30  1.070880624177117e+07
30 23  1.070880624177117e+07
23 43  6.193990231025599e+05
43 23  6.193990231025599e+05
23 45 -1.640484875318544e+04
45 23 -1.640484875318544e+04
23 46  1.059813623668112e+06
46 23  1.059813623668112e+06
23 47  7.369076765602705e+07
47 23  7.369076765602705e+07
23 48  1.086781550751997e+07
48 23  1.086781550751997e+07
23 49  3.524867107404078e+06
49 23  3.524867107404078e+06
23 51 -2.012144175697424e+05
51 23 -2.012144175697424e+05
23 53  2.426001613120211e+08
53 23  2.426001613120211e+08
23 55  6.193990231025599e+05
55 23  6.193990231025599e+05
23 57 -1.640484875318544e+04
57 23 -1.640484875318544e+04
23 58 -1.059813623668112e+06
58 23 -1.059813623668112e+06
23 59  7.369076765602705e+07
59 23  7.369076765602705e+07
23 60 -1.086781550751997e+07
60 23 -1.086781550751997e+07
24 24  1.000000000000000e+36
24 25  2.859531551866557e+06
25 24  2.859531551866557e+06
24 26 -1.503844909667983e-11
26 24 -1.503844909667983e-11
24 27 -1.397452819586871e+05
27 24 -1.397452819586871e+05
24 28  4.994306436132492e+06
28 24  4.994306436132492e+06
24 29 -1.070880624177117e+07
29 24 -1.070880624177117e+07
24 30  1.016613331857391e+08
30 24  1.016613331857391e+08
24 43 -2.326861636540771e+06
43 24 -2.326861636540771e+06
24 44 -1.670230675501115e-11
44 24 -1.670230675501115e-11
24 45  2.356127994799244e+05
45 24  2.356127994799244e+05
24 46  9.038502053218845e+06
46 24  9.038502053218845e+06
24 47  1.090646895961767e+07
47 24  1.090646895961767e+07
24 48  9.138991613591701e+07
48 24  9.138991613591701e+07
24 50  6.719926703684739e+02
50 24  6.719926703684739e+02
24 52  1.821551877690242e+07
52 24  1.821551877690242e+07
24 54  1.855993601172524e+08
54 24  1.855993601172524e+08
24 55  2.326861636540771e+06
55 24  2.326861636540771e+06
24 56 -1.670230675501115e-11
56 24 -1.670230675501115e-11
24 57 -2.356127994799244e+05
57 24 -2.356127994799244e+05
24 58  9.038502053218845e+06
58 24  9.038502053218845e+06
24 59 -1.090646895961767e+07
59 24 -1.090646895961767e+07
24 60  9.138991613591701e+07
60 24  9.138991613591701e+07
25 25  1.000000000000000e+36
25 26  3.504350099552678e+03
26 25  3.504350099552678e+03
25 27  1.799125279535888e+03
27 25  1.799125279535888e+03
25 28  1.397452819586871e+05
28 25  1.397452819586871e+05
25 29 -1.763464312424645e+06
29 25 -1.763464312424645e+06
25 30  2.859531551866557e+06
30 25  2.859531551866557e+06
25 49 -6.992719602884333e+04
49 25 -6.992719602884333e+04
25 50 -3.504350099552678e+03
50 25 -3.504350099552678e+03
25 51 -9.649829703713613e+01
51 25 -9.649829703713613e+01
25 52  2.292218342731008e+05
52 25  2.292218342731008e+05
25 53 -6.183682643799547e+05
53 25 -6.183682643799547e+05
25 54  2.327333061990297e+06
54 25  2.327333061990297e+06
25 55  4.063545139051457e+04
55 25  4.063545139051457e+04
25 56 -2.674977225183029e+02
56 25 -2.674977225183029e+02
25 57 -3.411063231853392e+03
57 25 -3.411063231853392e+03
25 58  2.292218342731008e+05
58 25  2.292218342731008e+05
25 59 -1.763464312424645e+06
59 25 -1.763464312424645e+06
25 60  2.327333061990297e+06
60 25  2.327333061990297e+06
26 26  1.000000000000000e+36
26 27  7.133260796587844e+04
27 26  7.133260796587844e+04
26 28  6.839355137127250e+03
28 26  6.839355137127250e+03
26 30 -3.359963351842052e+02
30 26 -3.359963351842052e+02
26 49 -3.504350099552678e+03
49 26 -3.504350099552678e+03
26 50 -2.575958932320150e+05
50 26 -2.575958932320150e+05
26 51 -7.133260796587844e+04
51 26 -7.133260796587844e+04
26 52 -8.205326008503787e-13
52 26 -8.205326008503787e-13
26 54 -1.670230675501115e-11
54 26 -1.670230675501115e-11
26 55  2.674977225183029e+02
55 26  2.674977225183029e+02
26 56  2.223126825453292e+05
56 26  2.223126825453292e+05
26 57  5.445035350377551e+03
57 26  5.445035350377551e+03
26 58  6.839355137127250e+03
58 26  6.839355137127250e+03
26 59 -3.637978807091715e-12
59 26 -3.637978807091715e-12
26 60 -3.359963351842069e+02
60 26 -3.359963351842069e+02
27 27  1.000000000000000e+36
27 28 -2.181931396171486e+04
28 27 -2.181931396171486e+04
27 29  8.663353990588663e+04
29 27  8.663353990588663e+04
27 30 -1.397452819586871e+05
30 27 -1.397452819586871e+05
27 49 -3.160156139787857e+03
49 27 -3.160156139787857e+03
27 50 -7.133260796587846e+04
50 27 -7.133260796587846e+04
27 51 -1.342488418935805e+05
51 27 -1.342488418935805e+05
27 52 -1.126095877692891e+04
52 27 -1.126095877692891e+04
27 53  3.037851763217004e+04
53 27  3.037851763217004e+04
27 54 -1.143346651699488e+05
54 27 -1.143346651699488e+05
27 55 -3.474053891026697e+02
55 27 -3.474053891026697e+02
27 56 -5.445035350377559e+03
56 27 -5.445035350377559e+03
27 57  3.373143484842069e+04
57 27  3.373143484842069e+04
27 58 -1.126095877692891e+04
58 27 -1.126095877692891e+04
27 59  8.663353990588663e+04
59 27  8.663353990588663e+04
27 60 -1.143346651699488e+05
60 27 -1.143346651699488e+05
28 28  1.000000000000000e+36
28 29 -5.358010407061906e+05
29 28 -5.358010407061906e+05
28 30  4.956322384662760e+06
30 28  4.956322384662760e+06
28 49 -1.143115054977023e+05
49 28 -1.143115054977023e+05
28 50 -8.205326008503788e-13
50 28 -8.205326008503788e-13
28 51  1.157492710358091e+04
51 28  1.157492710358091e+04
28 52  4.440336120215267e+05
52 28  4.440336120215267e+05
28 53  5.358010407061906e+05
53 28  5.358010407061906e+05
28 54  4.489703528885515e+06
54 28  4.489703528885515e+06
28 55  1.143115054977023e+05
55 28  1.143115054977023e+05
28 56 -6.839355137127249e+03
56 28 -6.839355137127249e+03
28 57 -1.157492710358091e+04
57 28 -1.157492710358091e+04
28 58  4.474360103991718e+05
58 28  4.474360103991718e+05
28 59 -5.260904835750874e+05
59 28 -5.260904835750874e+05
28 60  4.558960864117882e+06
60 28  4.558960864117882e+06
29 29  1.000000000000000e+36
29 30 -1.090646895961767e+07
30 29 -1.090646895961767e+07
29 49  6.193990231025599e+05
49 29  6.193990231025599e+05
29 51 -1.640484875318544e+04
51 29 -1.640484875318544e+04
29 52  1.059813623668112e+06
52 29  1.059813623668112e+06
29 53  7.369076765602705e+07
53 29  7.369076765602705e+07
29 54  1.086781550751997e+07
54 29  1.086781550751997e+07
29 55  1.762433553702039e+06
55 29  1.762433553702039e+06
29 56  3.637978807091715e-12
56 29  3.637978807091715e-12
29 57 -1.006072087848712e+05
57 29 -1.006072087848712e+05
29 58  1.050103066537008e+06
58 29  1.050103066537008e+06
29 59  1.213000806560105e+08
59 29  1.213000806560105e+08
29 60  1.067015278967346e+07
60 29  1.067015278967346e+07
30 30  1.000000000000000e+36
30 49 -2.326861636540771e+06
49 30 -2.326861636540771e+06
30 50 -1.670230675501115e-11
50 30 -1.670230675501115e-11
30 51  2.356127994799244e+05
51 30  2.356127994799244e+05
30 52  9.038502053218845e+06
52 30  9.038502053218845e+06
30 53  1.090646895961767e+07
53 30  1.090646895961767e+07
30 54  9.138991613591701e+07
54 30  9.138991613591701e+07
30 55  2.326861636540771e+06
55 30  2.326861636540771e+06
30 56  3.359963351842370e+02
56 30  3.359963351842370e+02
30 57 -2.356127994799244e+05
57 30 -2.356127994799244e+05
30 58  9.107759388451211e+06
58 30  9.107759388451211e+06
30 59 -1.070880624177117e+07
59 30 -1.070880624177117e+07
30 60  9.279968005862622e+07
60 30  9.279968005862622e+07
31 31  1.972330165459377e+05
31 32 -6.974908399133249e+03
32 31 -6.974908399133249e+03
31 33  7.053898746577586e+03
33 31  7.053898746577586e+03
31 34 -5.562710655735547e+05
34 31 -5.562710655735547e+05
31 35  1.423721501174709e+04
35 31  1.423721501174709e+04
31 36 -5.677762484755523e+06
36 31 -5.677762484755523e+06
31 37 -1.372809512017867e+05
37 31 -1.372809512017867e+05
31 38 -5.324160130670865e+02
38 31 -5.324160130670865e+02
31 39  6.841513394662485e+03
39 31  6.841513394662485e+03
31 40 -5.562710655735547e+05
40 31 -5.562710655735547e+05
31 41  8.700968608286348e+03
41 31  8.700968608286348e+03
31 42 -5.677762484755523e+06
42 31 -5.677762484755523e+06
31 61  4.057023670108264e+04
61 31  4.057023670108264e+04
31 62  7.999137355853894e+02
62 31  7.999137355853894e+02
31 63 -4.122647318978303e+03
63 31 -4.122647318978303e+03
31 64 -4.547409234189306e+05
64 31 -4.547409234189306e+05
31 65 -1.748196338690292e+06
65 31 -1.748196338690292e+06
31 66 -2.286136780596771e+06
66 31 -2.286136780596771e+06
31 67 -7.123055740690486e+04
67 31 -7.123055740690486e+04
31 68  1.047925849868593e+04
68 31  1.047925849868593e+04
31 69 -6.265203293371244e+03
69 31 -6.265203293371244e+03
31 70 -4.547409234189306e+05
70 31 -4.547409234189306e+05
31 71 -6.106980544942735e+05
71 31 -6.106980544942735e+05
31 72 -2.286136780596771e+06
72 31 -2.286136780596771e+06
32 32  5.157836511909208e+05
32 33  6.869671293395077e+02
33 32  6.869671293395077e+02
32 34 -6.586527714307067e+01
34 32 -6.586527714307067e+01
32 36 -6.687528657641725e+02
36 32 -6.687528657641725e+02
32 37  5.324160130670856e+02
37 32  5.324160130670856e+02
32 38 -4.452172245404089e+05
38 32 -4.452172245404089e+05
32 39 -5.243830055139097e+01
39 32 -5.243830055139097e+01
32 40 -2.948045304326424e-12
40 32 -2.948045304326424e-12
32 41  1.615587133892632e-27
41 32  1.615587133892632e-27
32 42 -2.993206826666163e-11
42 32 -2.993206826666163e-11
32 61 -7.999137355853885e+02
61 32 -7.999137355853885e+02
32 62  2.223126440433614e+05
62 32  2.223126440433614e+05
32 63 -5.392597049826168e+03
63 32 -5.392597049826168e+03
32 64  6.773489859984176e+03
64 32  6.773489859984176e+03
32 65  3.637978807091713e-12
65 32  3.637978807091713e-12
32 66 -1.004749200948413e+03
66 32 -1.004749200948413e+03
32 67  1.047925849868593e+04
67 32  1.047925849868593e+04
32 68 -2.575958600071874e+05
68 32 -2.575958600071874e+05
32 69  7.064564083653894e+04
69 32  7.064564083653894e+04
32 70 -2.453685228597423e-12
70 32 -2.453685228597423e-12
32 72 -1.654145332965602e-11
72 32 -1.654145332965602e-11
33 33  2.681578540512263e+05
33 34  8.462392160326653e+04
34 33  8.462392160326653e+04
33 35  1.445517422417767e+05
35 33  1.445517422417767e+05
33 36  5.562710649556231e+05
36 33  5.562710649556231e+05
33 37  6.841513394662485e+03
37 33  6.841513394662485e+03
33 38  5.243830055138369e+01
38 33  5.243830055138369e+01
33 39 -6.849159659899744e+04
39 33 -6.849159659899744e+04
33 40  8.462392160326653e+04
40 33  8.462392160326653e+04
33 41  8.834404767643449e+04
41 33  8.834404767643449e+04
33 42  5.562710649556231e+05
42 33  5.562710649556231e+05
33 61  1.996919443871944e+03
61 33  1.996919443871944e+03
33 62  5.392597049826168e+03
62 33  5.392597049826168e+03
33 63  3.356278287411624e+04
63 33  3.356278287411624e+04
33 64  4.353059250971555e+04
64 33  4.353059250971555e+04
33 65  2.451589510266479e+05
65 33  2.451589510266479e+05
33 66  2.188430455509081e+05
66 33  2.188430455509081e+05
33 67 -1.238477005622149e+04
67 33 -1.238477005622149e+04
33 68  7.064564083653894e+04
68 33  7.064564083653894e+04
33 69 -1.327116332811852e+05
69 33 -1.327116332811852e+05
33 70  4.353059250971555e+04
70 33  4.353059250971555e+04
33 71  1.047488964296199e+05
71 33  1.047488964296199e+05
33 72  2.188430455509081e+05
72 33  2.188430455509081e+05
34 34  6.422549179972464e+06
34 35  2.093784240924125e+04
35 34  2.093784240924125e+04
34 36  1.973113138719540e+07
36 34  1.973113138719540e+07
34 37  5.562710655735548e+05
37 34  5.562710655735548e+05
34 38 -2.948045304326423e-12
38 34 -2.948045304326423e-12
34 39 -8.462392160326653e+04
39 34 -8.462392160326653e+04
34 40  1.954883469819462e+06
40 34  1.954883469819462e+06
34 41 -1.610365251049632e+03
41 34 -1.610365251049632e+03
34 42  1.988160746379386e+07
42 34  1.988160746379386e+07
34 61 -2.249809787583829e+05
61 34 -2.249809787583829e+05
34 62 -6.773489859984173e+03
62 34 -6.773489859984173e+03
34 63  4.539252250285565e+04
63 34  4.539252250285565e+04
34 64  1.786795054065521e+06
64 34  1.786795054065521e+06
34 65  1.051713431788051e+06
65 34  1.051713431788051e+06
34 66  9.006949905942595e+06
66 34  9.006949905942595e+06
34 67  2.249809787583828e+05
67 34  2.249809787583828e+05
34 68 -2.453685228597423e-12
68 34 -2.453685228597423e-12
34 69 -4.539252250285564e+04
69 34 -4.539252250285564e+04
34 70  1.756370009058985e+06
70 34  1.756370009058985e+06
34 71 -1.080751466077360e+06
71 34 -1.080751466077360e+06
34 72  8.801840278936371e+06
72 34  8.801840278936371e+06
35 35  2.432591703620797e+08
35 36 -2.064836647905409e+03
36 35 -2.064836647905409e+03
35 37  8.700968608284835e+03
37 35  8.700968608284835e+03
35 38 -1.615587133892632e-27
38 35 -1.615587133892632e-27
35 39  8.834404767643467e+04
39 35  8.834404767643467e+04
35 40  1.610365251042880e+03
40 35  1.610365251042880e+03
35 41  1.479307740506239e+08
41 35  1.479307740506239e+08
35 42 -1.612501615434885e+02
42 35 -1.612501615434885e+02
35 61  1.744085683152146e+06
61 35  1.744085683152146e+06
