1 1  2.688525960698251e+05
1 2 -8.582267473684624e-04
2 1 -8.582267473684624e-04
1 3 -2.755106275071739e-02
3 1 -2.755106275071739e-02
1 4  2.829541037317540e-02
4 1  2.829541037317540e-02
1 5 -1.452524405062988e+05
5 1 -1.452524405062988e+05
1 6 -2.983611374218213e+04
6 1 -2.983611374218213e+04
1 7 -6.781778306259890e+04
7 1 -6.781778306259890e+04
1 8 -6.576928353752010e-05
8 1 -6.576928353752010e-05
1 9  1.009133279012531e-02
9 1  1.009133279012531e-02
1 10  2.829541037226591e-02
10 1  2.829541037226591e-02
1 11 -8.877225770311116e+04
11 1 -8.877225770311116e+04
1 12 -2.983611374218214e+04
12 1 -2.983611374218214e+04
1 31  3.342276793695184e+04
31 1  3.342276793695184e+04
1 32 -5.445035284608268e+03
32 1 -5.445035284608268e+03
1 33 -2.700914813218003e+03
33 1 -2.700914813218003e+03
1 34 -6.383310418100953e+03
34 1 -6.383310418100953e+03
1 35 -7.262640114656762e+04
35 1 -7.262640114656762e+04
1 36  6.287006971844778e+02
36 1  6.287006971844778e+02
1 37 -1.339401738990182e+05
37 1 -1.339401738990182e+05
1 38 -7.133260710765171e+04
38 1 -7.133260710765171e+04
1 39  6.208493801838490e+03
39 1  6.208493801838490e+03
1 40 -6.383310418100957e+03
40 1 -6.383310418100957e+03
1 41 -4.438623952478569e+04
41 1 -4.438623952478569e+04
1 42  6.287006971844780e+02
42 1  6.287006971844780e+02
1 961  3.342277012565853e+04
961 1  3.342277012565853e+04
1 962  5.445035350377551e+03
962 1  5.445035350377551e+03
1 963  2.700901424169390e+03
963 1  2.700901424169390e+03
1 964  6.383278708419231e+03
964 1  6.383278708419231e+03
1 965 -7.262603935973119e+04
965 1 -7.262603935973119e+04
1 966  6.286968024116812e+02
966 1  6.286968024116812e+02
1 967 -1.339401771708184e+05
967 1 -1.339401771708184e+05
1 968  7.133260796587844e+04
968 1  7.133260796587844e+04
1 969 -6.208462953059918e+03
969 1 -6.208462953059918e+03
1 970  6.383278708419235e+03
970 1  6.383278708419235e+03
1 971 -4.438601817832546e+04
971 1 -4.438601817832546e+04
1 972  6.286968024116815e+02
972 1  6.286968024116815e+02
2 2  5.157836830241452e+05
2 3 -7.008717662944319e+03
3 2 -7.008717662944319e+03
2 4  6.719943468589812e+02
4 2  6.719943468589812e+02
2 6 -4.032526794617297e-05
6 2 -4.032526794617297e-05
2 7  6.576929081347771e-05
7 2  6.576929081347771e-05
2 8 -4.452172614278434e+05
8 2 -4.452172614278434e+05
2 9  5.349967780919690e+02
9 2  5.349967780919690e+02
2 10  3.007689790707697e-11
10 2  3.007689790707697e-11
2 11  2.019483917365790e-27
11 2  2.019483917365790e-27
2 12 -3.676577592766411e-18
12 2 -3.676577592766411e-18
2 31  5.445035284608268e+03
31 2  5.445035284608268e+03
2 32  2.223126809188324e+05
32 2  2.223126809188324e+05
2 33 -2.674990555736660e+02
33 2 -2.674990555736660e+02
2 34  3.359980116747776e+02
34 2  3.359980116747776e+02
2 35  3.637978807091713e-12
35 2  3.637978807091713e-12
2 36  6.839355096801982e+03
36 2  6.839355096801982e+03
2 37 -7.133260710765171e+04
37 2 -7.133260710765171e+04
2 38 -2.575958918284484e+05
38 2 -2.575958918284484e+05
2 39  3.504367563391641e+03
39 2  3.504367563391641e+03
2 40  1.670230645921723e-11
40 2  1.670230645921723e-11
2 42 -8.205366852942211e-13
42 2 -8.205366852942211e-13
2 961 -5.445035350377559e+03
961 2 -5.445035350377559e+03
2 962  2.223126825453292e+05
962 2  2.223126825453292e+05
2 963 -2.674977225183029e+02
963 2 -2.674977225183029e+02
2 964  3.359963351842068e+02
964 2  3.359963351842068e+02
2 965 -3.637978807091715e-12
965 2 -3.637978807091715e-12
2 966 -6.839355137127251e+03
966 2 -6.839355137127251e+03
2 967  7.133260796587846e+04
967 2  7.133260796587846e+04
2 968 -2.575958932320150e+05
968 2 -2.575958932320150e+05
2 969  3.504350099552678e+03
969 2  3.504350099552678e+03
2 970  1.670230675501115e-11
970 2  1.670230675501115e-11
2 972  8.205326008503788e-13
972 2  8.205326008503788e-13
3 3  1.965382881103443e+05
3 4  5.732550680836815e+06
4 3  5.732550680836815e+06
3 5  2.366408752277494e-02
5 3  2.366408752277494e-02
3 6  3.643334948037591e-03
6 3  3.643334948037591e-03
3 7  1.009133278830632e-02
7 3  1.009133278830632e-02
3 8 -5.349967780919687e+02
8 3 -5.349967780919687e+02
3 9 -1.379547969298079e+05
9 3 -1.379547969298079e+05
3 10  5.732550680836815e+06
10 3  5.732550680836815e+06
3 11  4.856064217165113e-03
11 3  4.856064217165113e-03
3 12  3.643334947923904e-03
12 3  3.643334947923904e-03
3 31  3.418634542601387e+03
31 3  3.418634542601387e+03
3 32  2.674990555736658e+02
32 3  2.674990555736658e+02
3 33  4.071028332305866e+04
33 3  4.071028332305866e+04
3 34  2.330296483303823e+06
34 3  2.330296483303823e+06
3 35 -1.763808153969048e+06
35 3 -1.763808153969048e+06
3 36 -2.295139869032890e+05
36 3 -2.295139869032890e+05
3 37  8.894444601910072e+01
37 3  8.894444601910072e+01
3 38  3.504367563391641e+03
38 3  3.504367563391641e+03
3 39 -7.000202986526630e+04
39 3 -7.000202986526630e+04
3 40  2.330296483303823e+06
40 3  2.330296483303823e+06
3 41 -6.180243943153996e+05
41 3 -6.180243943153996e+05
3 42 -2.295139869032890e+05
42 3 -2.295139869032890e+05
3 961 -3.418640533663709e+03
961 3 -3.418640533663709e+03
3 962  2.674977225183029e+02
962 3  2.674977225183029e+02
3 963  4.071028320325919e+04
963 3  4.071028320325919e+04
3 964  2.330296524372722e+06
964 3  2.330296524372722e+06
3 965  1.763808177633136e+06
965 3  1.763808177633136e+06
3 966  2.295137092497395e+05
966 3  2.295137092497395e+05
3 967 -8.892099522681747e+01
967 3 -8.892099522681747e+01
3 968  3.504350099552678e+03
968 3  3.504350099552678e+03
3 969 -7.000202784158797e+04
969 3 -7.000202784158797e+04
3 970  2.330296524372722e+06
970 3  2.330296524372722e+06
3 971  6.180243991714638e+05
971 3  6.180243991714638e+05
3 972  2.295137092497395e+05
972 3  2.295137092497395e+05
4 4  2.067565091361221e+08
4 5  1.137048117816448e-01
5 4  1.137048117816448e-01
4 6  3.549878459452884e-01
6 4  3.549878459452884e-01
4 7 -2.829541037317540e-02
7 4 -2.829541037317540e-02
4 8  3.007689790707697e-11
8 4  3.007689790707697e-11
4 9 -5.732550680836815e+06
9 4 -5.732550680836815e+06
4 10  2.038166553941567e+08
10 4  2.038166553941567e+08
4 11 -1.113274395465851e-01
11 4 -1.113274395465851e-01
4 12  1.657206313175266e-01
12 4  1.657206313175266e-01
4 31  2.358972093628710e+05
31 4  2.358972093628710e+05
4 32 -3.359980116748077e+02
32 4 -3.359980116748077e+02
4 33  2.329667786927760e+06
33 4  2.329667786927760e+06
4 34  9.291080820149463e+07
34 4  9.291080820149463e+07
4 35 -1.072170107576214e+07
35 4 -1.072170107576214e+07
4 36 -9.118715846756673e+06
36 4 -9.118715846756673e+06
4 37 -2.358972093628710e+05
37 4 -2.358972093628710e+05
4 38  1.670230645921722e-11
38 4  1.670230645921722e-11
4 39 -2.329667786927760e+06
39 4 -2.329667786927760e+06
4 40  9.150104432165404e+07
40 4  9.150104432165404e+07
4 41  1.091936379123127e+07
41 4  1.091936379123127e+07
4 42 -9.049458167654900e+06
42 4 -9.049458167654900e+06
4 961 -2.358969482978113e+05
961 4 -2.358969482978113e+05
4 962 -3.359963351842370e+02
962 4 -3.359963351842370e+02
4 963  2.329667829518695e+06
963 4  2.329667829518695e+06
4 964  9.291080989796718e+07
964 4  9.291080989796718e+07
4 965  1.072170118708958e+07
965 4  1.072170118708958e+07
4 966  9.118704700075163e+06
966 4  9.118704700075163e+06
4 967  2.358969482978113e+05
967 4  2.358969482978113e+05
4 968  1.670230675501115e-11
968 4  1.670230675501115e-11
4 969 -2.329667829518695e+06
969 4 -2.329667829518695e+06
4 970  9.150104597525796e+07
970 4  9.150104597525796e+07
4 971 -1.091936390493608e+07
971 4 -1.091936390493608e+07
4 972  9.049447364842797e+06
972 4  9.049447364842797e+06
5 5  2.432591931493828e+08
5 6  2.103959287577014e+04
6 5  2.103959287577014e+04
5 7 -8.877225770311116e+04
7 5 -8.877225770311116e+04
5 8 -2.019483917365790e-27
8 5 -2.019483917365790e-27
5 9  4.856063984334469e-03
9 5  4.856063984334469e-03
5 10  1.113274395465851e-01
10 5  1.113274395465851e-01
5 11  1.479307789266763e+08
11 5  1.479307789266763e+08
5 12  1.618430221213088e+03
12 5  1.618430221213088e+03
5 31  1.006076042945686e+05
31 5  1.006076042945686e+05
5 32 -3.637978807091713e-12
32 5 -3.637978807091713e-12
5 33  1.762433526702206e+06
33 5  1.762433526702206e+06
5 34  1.067015255325555e+07
34 5  1.067015255325555e+07
5 35  1.213000796491189e+08
35 5  1.213000796491189e+08
5 36 -1.050104335176990e+06
36 5 -1.050104335176990e+06
5 37  1.640503637678472e+04
37 5  1.640503637678472e+04
5 39  6.193990215822421e+05
39 5  6.193990215822421e+05
5 40  1.086781526872468e+07
40 5  1.086781526872468e+07
5 41  7.369076743893549e+07
41 5  7.369076743893549e+07
5 42 -1.059814940700444e+06
42 5 -1.059814940700444e+06
5 961  1.006072087848712e+05
961 5  1.006072087848712e+05
5 962  3.637978807091715e-12
962 5  3.637978807091715e-12
5 963 -1.762433553702039e+06
963 5 -1.762433553702039e+06
5 964 -1.067015278967347e+07
964 5 -1.067015278967347e+07
5 965  1.213000806560106e+08
965 5  1.213000806560106e+08
5 966 -1.050103066537009e+06
966 5 -1.050103066537009e+06
5 967  1.640484875318544e+04
967 5  1.640484875318544e+04
5 969 -6.193990231025600e+05
969 5 -6.193990231025600e+05
5 970 -1.086781550751997e+07
970 5 -1.086781550751997e+07
5 971  7.369076765602706e+07
971 5  7.369076765602706e+07
5 972 -1.059813623668112e+06
972 5 -1.059813623668112e+06
6 6  4.479206190918511e+06
6 7  2.983611374218213e+04
7 6  2.983611374218213e+04
6 8 -3.676577592766411e-18
8 6 -3.676577592766411e-18
6 9 -3.643334948037591e-03
9 6 -3.643334948037591e-03
6 10  1.657206313248025e-01
10 6  1.657206313248025e-01
6 11 -1.618430221213087e+03
11 6 -1.618430221213087e+03
6 12 -3.280034992836964e+03
12 6 -3.280034992836964e+03
6 31  1.782932176077113e-13
31 6  1.782932176077113e-13
6 32 -6.839355096801981e+03
32 6 -6.839355096801981e+03
6 33 -8.759037330771683e-15
33 6 -8.759037330771683e-15
6 34 -3.203812771790214e+04
34 6 -3.203812771790214e+04
6 35  8.092171269544933e+02
35 6  8.092171269544933e+02
6 36  1.573941849580479e+03
36 6  1.573941849580479e+03
6 37  1.262177448353619e-29
37 6  1.262177448353619e-29
6 38 -8.205366852942210e-13
38 6 -8.205366852942210e-13
6 39  7.888609052210118e-31
39 6  7.888609052210118e-31
6 40  3.721955138386939e+04
40 6  3.721955138386939e+04
6 41 -1.051982265040842e+04
41 6 -1.051982265040842e+04
6 42 -1.828490418088606e+03
42 6 -1.828490418088606e+03
6 961  1.782923312361536e-13
961 6  1.782923312361536e-13
6 962  6.839355137127248e+03
962 6  6.839355137127248e+03
6 963  8.758950030479230e-15
963 6  8.758950030479230e-15
6 964  3.203796867908190e+04
964 6  3.203796867908190e+04
6 965  8.092130942585936e+02
965 6  8.092130942585936e+02
6 966  1.573926173899474e+03
966 6  1.573926173899474e+03
6 967 -1.262177448353619e-29
967 6 -1.262177448353619e-29
6 968  8.205326008503787e-13
968 6  8.205326008503787e-13
6 970 -3.721936655328421e+04
970 6 -3.721936655328421e+04
6 971 -1.051977022536172e+04
971 6 -1.051977022536172e+04
6 972 -1.828472203745578e+03
972 6 -1.828472203745578e+03
7 7  5.377051921396502e+05
7 9 -5.510212550143478e-02
9 7 -5.510212550143478e-02
7 11 -2.905048810125976e+05
11 7 -2.905048810125976e+05
7 13 -6.781778306259890e+04
13 7 -6.781778306259890e+04
7 14 -6.576928353752010e-05
14 7 -6.576928353752010e-05
7 15  1.009133279012531e-02
15 7  1.009133279012531e-02
7 16  2.829541037226591e-02
16 7  2.829541037226591e-02
7 17 -8.877225770311116e+04
17 7 -8.877225770311116e+04
7 18 -2.983611374218214e+04
18 7 -2.983611374218214e+04
7 31 -1.339401738990182e+05
31 7 -1.339401738990182e+05
7 32  7.133260710765171e+04
32 7  7.133260710765171e+04
7 33  6.208493801838490e+03
33 7  6.208493801838490e+03
7 34  6.383310418100957e+03
34 7  6.383310418100957e+03
7 35 -4.438623952478569e+04
35 7 -4.438623952478569e+04
7 36 -6.287006971844780e+02
36 7 -6.287006971844780e+02
7 37  6.684553587390368e+04
37 7  6.684553587390368e+04
7 39 -5.401829626436005e+03
39 7 -5.401829626436005e+03
7 41 -1.452528022931352e+05
41 7 -1.452528022931352e+05
7 43 -1.339401738990182e+05
43 7 -1.339401738990182e+05
7 44 -7.133260710765171e+04
44 7 -7.133260710765171e+04
7 45  6.208493801838490e+03
45 7  6.208493801838490e+03
7 46 -6.383310418100957e+03
46 7 -6.383310418100957e+03
7 47 -4.438623952478569e+04
47 7 -4.438623952478569e+04
7 48  6.287006971844780e+02
48 7  6.287006971844780e+02
7 961 -1.339401771708184e+05
961 7 -1.339401771708184e+05
7 962 -7.133260796587844e+04
962 7 -7.133260796587844e+04
7 963 -6.208462953059918e+03
963 7 -6.208462953059918e+03
7 964 -6.383278708419235e+03
964 7 -6.383278708419235e+03
7 965 -4.438601817832546e+04
965 7 -4.438601817832546e+04
7 966 -6.286968024116815e+02
966 7 -6.286968024116815e+02
7 967  6.684554025131706e+04
967 7  6.684554025131706e+04
7 969  5.401802848338781e+03
969 7  5.401802848338781e+03
7 971 -1.452520787194624e+05
971 7 -1.452520787194624e+05
7 972 -1.136868377216160e-13
972 7 -1.136868377216160e-13
7 973 -1.339401771708184e+05
973 7 -1.339401771708184e+05
7 974  7.133260796587844e+04
974 7  7.133260796587844e+04
7 975 -6.208462953059918e+03
975 7 -6.208462953059918e+03
7 976  6.383278708419235e+03
976 7  6.383278708419235e+03
7 977 -4.438601817832546e+04
977 7 -4.438601817832546e+04
7 978  6.286968024116814e+02
978 7  6.286968024116814e+02
8 8  1.031567366048290e+06
8 10  1.343988693717962e+03
10 8  1.343988693717962e+03
8 12 -8.065053589234594e-05
12 8 -8.065053589234594e-05
8 13  6.576929081347771e-05
13 8  6.576929081347771e-05
8 14 -4.452172614278434e+05
14 8 -4.452172614278434e+05
8 15  5.349967780919690e+02
15 8  5.349967780919690e+02
8 16  3.007689790707697e-11
16 8  3.007689790707697e-11
8 17  2.019483917365790e-27
17 8  2.019483917365790e-27
8 18 -3.676577592766411e-18
18 8 -3.676577592766411e-18
8 31  7.133260710765171e+04
31 8  7.133260710765171e+04
8 32 -2.575958918284484e+05
32 8 -2.575958918284484e+05
8 33 -3.504367563391641e+03
33 8 -3.504367563391641e+03
8 34  1.670230645921723e-11
34 8  1.670230645921723e-11
8 36 -8.205366852942211e-13
36 8 -8.205366852942211e-13
8 38  4.446253618376648e+05
38 8  4.446253618376648e+05
8 40  6.719960233495552e+02
40 8  6.719960233495552e+02
8 42  1.367871019360396e+04
42 8  1.367871019360396e+04
8 43 -7.133260710765171e+04
43 8 -7.133260710765171e+04
8 44 -2.575958918284484e+05
44 8 -2.575958918284484e+05
8 45  3.504367563391641e+03
45 8  3.504367563391641e+03
8 46  1.670230645921723e-11
46 8  1.670230645921723e-11
8 48 -8.205366852942211e-13
48 8 -8.205366852942211e-13
8 961 -7.133260796587846e+04
961 8 -7.133260796587846e+04
8 962 -2.575958932320150e+05
962 8 -2.575958932320150e+05
8 963 -3.504350099552678e+03
963 8 -3.504350099552678e+03
8 964  1.670230675501115e-11
964 8  1.670230675501115e-11
8 966  8.205326008503788e-13
966 8  8.205326008503788e-13
8 968  4.446253650906583e+05
968 8  4.446253650906583e+05
8 970  6.719926703684137e+02
970 8  6.719926703684137e+02
8 972 -1.367871027425450e+04
972 8 -1.367871027425450e+04
8 973  7.133260796587846e+04
973 8  7.133260796587846e+04
8 974 -2.575958932320150e+05
974 8 -2.575958932320150e+05
8 975  3.504350099552678e+03
975 8  3.504350099552678e+03
8 976  1.670230675501115e-11
976 8  1.670230675501115e-11
8 978  8.205326008503788e-13
978 8  8.205326008503788e-13
9 9  3.930765762206886e+05
9 11  4.732817504554987e-02
11 9  4.732817504554987e-02
9 13  1.009133278830632e-02
13 9  1.009133278830632e-02
9 14 -5.349967780919687e+02
14 9 -5.349967780919687e+02
9 15 -1.379547969298079e+05
15 9 -1.379547969298079e+05
9 16  5.732550680836815e+06
16 9  5.732550680836815e+06
9 17  4.856064217165113e-03
17 9  4.856064217165113e-03
9 18  3.643334947923904e-03
18 9  3.643334947923904e-03
9 31  8.894444601910072e+01
31 9  8.894444601910072e+01
9 32 -3.504367563391641e+03
32 9 -3.504367563391641e+03
9 33 -7.000202986526630e+04
33 9 -7.000202986526630e+04
9 34 -2.330296483303823e+06
34 9 -2.330296483303823e+06
9 35 -6.180243943153996e+05
35 9 -6.180243943153996e+05
9 36  2.295139869032890e+05
36 9  2.295139869032890e+05
9 37  6.837269085202774e+03
37 9  6.837269085202774e+03
9 39  8.142056664611732e+04
39 9  8.142056664611732e+04
9 41 -3.527616307938096e+06
41 9 -3.527616307938096e+06
9 43  8.894444601910072e+01
43 9  8.894444601910072e+01
9 44  3.504367563391641e+03
44 9  3.504367563391641e+03
9 45 -7.000202986526630e+04
45 9 -7.000202986526630e+04
9 46  2.330296483303823e+06
46 9  2.330296483303823e+06
9 47 -6.180243943153996e+05
47 9 -6.180243943153996e+05
9 48 -2.295139869032890e+05
48 9 -2.295139869032890e+05
9 961 -8.892099522681747e+01
961 9 -8.892099522681747e+01
9 962 -3.504350099552678e+03
962 9 -3.504350099552678e+03
9 963 -7.000202784158797e+04
963 9 -7.000202784158797e+04
9 964 -2.330296524372722e+06
964 9 -2.330296524372722e+06
9 965  6.180243991714638e+05
965 9  6.180243991714638e+05
9 966 -2.295137092497395e+05
966 9 -2.295137092497395e+05
9 967 -6.837281067327416e+03
967 9 -6.837281067327416e+03
9 969  8.142056640651838e+04
969 9  8.142056640651838e+04
9 971  3.527616355266272e+06
971 9  3.527616355266272e+06
9 972 -5.820766091346741e-11
972 9 -5.820766091346741e-11
9 973 -8.892099522681929e+01
973 9 -8.892099522681929e+01
9 974  3.504350099552678e+03
974 9  3.504350099552678e+03
9 975 -7.000202784158797e+04
975 9 -7.000202784158797e+04
9 976  2.330296524372722e+06
976 9  2.330296524372722e+06
9 977  6.180243991714638e+05
977 9  6.180243991714638e+05
9 978  2.295137092497395e+05
978 9  2.295137092497395e+05
10 10  4.135130182722441e+08
10 12  7.099756918905769e-01
12 10  7.099756918905769e-01
10 13 -2.829541037317540e-02
13 10 -2.829541037317540e-02
10 14  3.007689790707697e-11
14 10  3.007689790707697e-11
10 15 -5.732550680836815e+06
15 10 -5.732550680836815e+06
10 16  2.038166553941567e+08
16 10  2.038166553941567e+08
10 17 -1.113274395465851e-01
17 10 -1.113274395465851e-01
10 18  1.657206313175266e-01
18 10  1.657206313175266e-01
10 31  2.358972093628710e+05
31 10  2.358972093628710e+05
10 32  1.670230645921722e-11
32 10  1.670230645921722e-11
10 33  2.329667786927760e+06
33 10  2.329667786927760e+06
10 34  9.150104432165404e+07
34 10  9.150104432165404e+07
10 35 -1.091936379123127e+07
35 10 -1.091936379123127e+07
10 36 -9.049458167654900e+06
36 10 -9.049458167654900e+06
10 38 -6.719960233496155e+02
38 10 -6.719960233496155e+02
10 40  1.858216164029893e+08
40 10  1.858216164029893e+08
10 42 -1.823743169351335e+07
42 10 -1.823743169351335e+07
10 43 -2.358972093628710e+05
43 10 -2.358972093628710e+05
10 44  1.670230645921722e-11
44 10  1.670230645921722e-11
10 45 -2.329667786927760e+06
45 10 -2.329667786927760e+06
10 46  9.150104432165404e+07
46 10  9.150104432165404e+07
10 47  1.091936379123127e+07
47 10  1.091936379123127e+07
10 48 -9.049458167654900e+06
48 10 -9.049458167654900e+06
10 961 -2.358969482978113e+05
961 10 -2.358969482978113e+05
10 962  1.670230675501115e-11
962 10  1.670230675501115e-11
10 963  2.329667829518695e+06
963 10  2.329667829518695e+06
10 964  9.150104597525796e+07
964 10  9.150104597525796e+07
10 965  1.091936390493608e+07
965 10  1.091936390493608e+07
10 966  9.049447364842797e+06
966 10  9.049447364842797e+06
10 967  2.910383045673370e-11
967 10  2.910383045673370e-11
10 968 -6.719926703684740e+02
968 10 -6.719926703684740e+02
10 970  1.858216197959344e+08
970 10  1.858216197959344e+08
10 972  1.823740940015032e+07
972 10  1.823740940015032e+07
10 973  2.358969482978113e+05
973 10  2.358969482978113e+05
10 974  1.670230675501115e-11
974 10  1.670230675501115e-11
10 975 -2.329667829518695e+06
975 10 -2.329667829518695e+06
10 976  9.150104597525796e+07
976 10  9.150104597525796e+07
10 977 -1.091936390493608e+07
977 10 -1.091936390493608e+07
10 978  9.049447364842795e+06
978 10  9.049447364842795e+06
11 11  4.865183862987657e+08
11 13 -8.877225770311116e+04
13 11 -8.877225770311116e+04
11 14 -2.019483917365790e-27
14 11 -2.019483917365790e-27
11 15  4.856063984334469e-03
15 11  4.856063984334469e-03
11 16  1.113274395465851e-01
16 11  1.113274395465851e-01
11 17  1.479307789266763e+08
17 11  1.479307789266763e+08
11 18  1.618430221213088e+03
18 11  1.618430221213088e+03
11 31  1.640503637678472e+04
31 11  1.640503637678472e+04
11 33  6.193990215822421e+05
33 11  6.193990215822421e+05
11 34 -1.086781526872468e+07
34 11 -1.086781526872468e+07
11 35  7.369076743893549e+07
35 11  7.369076743893549e+07
11 36  1.059814940700444e+06
36 11  1.059814940700444e+06
11 37  2.012152085891371e+05
37 11  2.012152085891371e+05
11 39  3.524867053404411e+06
39 11  3.524867053404411e+06
11 41  2.426001592982379e+08
41 11  2.426001592982379e+08
11 43  1.640503637678472e+04
43 11  1.640503637678472e+04
11 45  6.193990215822421e+05
45 11  6.193990215822421e+05
11 46  1.086781526872468e+07
46 11  1.086781526872468e+07
11 47  7.369076743893549e+07
47 11  7.369076743893549e+07
11 48 -1.059814940700444e+06
48 11 -1.059814940700444e+06
11 961  1.640484875318544e+04
961 11  1.640484875318544e+04
11 963 -6.193990231025600e+05
963 11 -6.193990231025600e+05
11 964  1.086781550751997e+07
964 11  1.086781550751997e+07
11 965  7.369076765602706e+07
965 11  7.369076765602706e+07
11 966  1.059813623668112e+06
966 11  1.059813623668112e+06
11 967  2.012144175697424e+05
967 11  2.012144175697424e+05
11 969 -3.524867107404078e+06
969 11 -3.524867107404078e+06
11 971  2.426001613120211e+08
971 11  2.426001613120211e+08
11 972  2.328306436538696e-10
972 11  2.328306436538696e-10
11 973  1.640484875318544e+04
973 11  1.640484875318544e+04
11 975 -6.193990231025600e+05
975 11 -6.193990231025600e+05
11 976 -1.086781550751997e+07
976 11 -1.086781550751997e+07
11 977  7.369076765602706e+07
977 11  7.369076765602706e+07
11 978 -1.059813623668112e+06
978 11 -1.059813623668112e+06
12 12  8.958412381837023e+06
12 13  2.983611374218213e+04
13 12  2.983611374218213e+04
12 14 -3.676577592766411e-18
14 12 -3.676577592766411e-18
12 15 -3.643334948037591e-03
15 12 -3.643334948037591e-03
12 16  1.657206313248025e-01
16 12  1.657206313248025e-01
12 17 -1.618430221213087e+03
17 12 -1.618430221213087e+03
12 18 -3.280034992836964e+03
18 12 -3.280034992836964e+03
12 31 -1.262177448353619e-29
31 12 -1.262177448353619e-29
12 32 -8.205366852942210e-13
32 12 -8.205366852942210e-13
12 33 -7.888609052210118e-31
33 12 -7.888609052210118e-31
12 34  3.721955138386939e+04
34 12  3.721955138386939e+04
12 35  1.051982265040842e+04
35 12  1.051982265040842e+04
12 36 -1.828490418088606e+03
36 12 -1.828490418088606e+03
12 38 -1.367871019360396e+04
38 12 -1.367871019360396e+04
12 40 -6.407625543580428e+04
40 12 -6.407625543580428e+04
12 42  3.147883699160957e+03
42 12  3.147883699160957e+03
12 43  1.262177448353619e-29
43 12  1.262177448353619e-29
12 44 -8.205366852942210e-13
44 12 -8.205366852942210e-13
12 45  7.888609052210118e-31
45 12  7.888609052210118e-31
12 46  3.721955138386939e+04
46 12  3.721955138386939e+04
12 47 -1.051982265040842e+04
47 12 -1.051982265040842e+04
12 48 -1.828490418088606e+03
48 12 -1.828490418088606e+03
12 961  1.262177448353619e-29
961 12  1.262177448353619e-29
12 962  8.205326008503787e-13
962 12  8.205326008503787e-13
12 964 -3.721936655328421e+04
964 12 -3.721936655328421e+04
12 965  1.051977022536172e+04
965 12  1.051977022536172e+04
12 966 -1.828472203745578e+03
966 12 -1.828472203745578e+03
12 968  1.367871027425450e+04
968 12  1.367871027425450e+04
12 970  6.407593735816380e+04
970 12  6.407593735816380e+04
12 972  3.147852347798949e+03
972 12  3.147852347798949e+03
12 973 -1.262177448353619e-29
973 12 -1.262177448353619e-29
12 974  8.205326008503787e-13
974 12  8.205326008503787e-13
12 976 -3.721936655328421e+04
976 12 -3.721936655328421e+04
12 977 -1.051977022536172e+04
977 12 -1.051977022536172e+04
12 978 -1.828472203745578e+03
978 12 -1.828472203745578e+03
13 13  5.377051921396502e+05
13 15 -5.510212550143478e-02
15 13 -5.510212550143478e-02
13 17 -2.905048810125976e+05
17 13 -2.905048810125976e+05
13 19 -6.781778306259890e+04
19 13 -6.781778306259890e+04
13 20 -6.576928353752010e-05
20 13 -6.576928353752010e-05
13 21  1.009133279012531e-02
21 13  1.009133279012531e-02
13 22  2.829541037226591e-02
22 13  2.829541037226591e-02
13 23 -8.877225770311116e+04
23 13 -8.877225770311116e+04
13 24 -2.983611374218214e+04
24 13 -2.983611374218214e+04
13 37 -1.339401738990182e+05
37 13 -1.339401738990182e+05
13 38  7.133260710765171e+04
38 13  7.133260710765171e+04
13 39  6.208493801838490e+03
39 13  6.208493801838490e+03
13 40  6.383310418100957e+03
40 13  6.383310418100957e+03
13 41 -4.438623952478569e+04
41 13 -4.438623952478569e+04
13 42 -6.287006971844780e+02
42 13 -6.287006971844780e+02
13 43  6.684553587390368e+04
43 13  6.684553587390368e+04
13 45 -5.401829626436005e+03
45 13 -5.401829626436005e+03
13 47 -1.452528022931352e+05
47 13 -1.452528022931352e+05
13 49 -1.339401738990182e+05
49 13 -1.339401738990182e+05
13 50 -7.133260710765171e+04
50 13 -7.133260710765171e+04
13 51  6.208493801838490e+03
51 13  6.208493801838490e+03
13 52 -6.383310418100957e+03
52 13 -6.383310418100957e+03
13 53 -4.438623952478569e+04
53 13 -4.438623952478569e+04
13 54  6.287006971844780e+02
54 13  6.287006971844780e+02
13 967 -1.339401771708184e+05
967 13 -1.339401771708184e+05
13 968 -7.133260796587844e+04
968 13 -7.133260796587844e+04
13 969 -6.208462953059918e+03
969 13 -6.208462953059918e+03
13 970 -6.383278708419235e+03
970 13 -6.383278708419235e+03
13 971 -4.438601817832546e+04
971 13 -4.438601817832546e+04
13 972 -6.286968024116814e+02
972 13 -6.286968024116814e+02
13 973  6.684554025131706e+04
973 13  6.684554025131706e+04
13 975  5.401802848338781e+03
975 13  5.401802848338781e+03
13 977 -1.452520787194624e+05
977 13 -1.452520787194624e+05
13 979 -1.339401771708184e+05
979 13 -1.339401771708184e+05
13 980  7.133260796587844e+04
980 13  7.133260796587844e+04
13 981 -6.208462953059918e+03
981 13 -6.208462953059918e+03
13 982  6.383278708419235e+03
982 13  6.383278708419235e+03
13 983 -4.438601817832546e+04
983 13 -4.438601817832546e+04
13 984  6.286968024116814e+02
984 13  6.286968024116814e+02
14 14  1.031567366048290e+06
14 16  1.343988693717962e+03
16 14  1.343988693717962e+03
14 18 -8.065053589234594e-05
18 14 -8.065053589234594e-05
14 19  6.576929081347771e-05
19 14  6.576929081347771e-05
14 20 -4.452172614278434e+05
20 14 -4.452172614278434e+05
14 21  5.349967780919690e+02
21 14  5.349967780919690e+02
14 22  3.007689790707697e-11
22 14  3.007689790707697e-11
14 23  2.019483917365790e-27
23 14  2.019483917365790e-27
14 24 -3.676577592766411e-18
24 14 -3.676577592766411e-18
14 37  7.133260710765171e+04
37 14  7.133260710765171e+04
14 38 -2.575958918284484e+05
38 14 -2.575958918284484e+05
14 39 -3.504367563391641e+03
39 14 -3.504367563391641e+03
14 40  1.670230645921723e-11
40 14  1.670230645921723e-11
14 42 -8.205366852942211e-13
42 14 -8.205366852942211e-13
14 44  4.446253618376648e+05
44 14  4.446253618376648e+05
14 46  6.719960233495552e+02
46 14  6.719960233495552e+02
14 48  1.367871019360396e+04
48 14  1.367871019360396e+04
14 49 -7.133260710765171e+04
49 14 -7.133260710765171e+04
14 50 -2.575958918284484e+05
50 14 -2.575958918284484e+05
14 51  3.504367563391641e+03
51 14  3.504367563391641e+03
14 52  1.670230645921723e-11
52 14  1.670230645921723e-11
14 54 -8.205366852942211e-13
54 14 -8.205366852942211e-13
14 967 -7.133260796587846e+04
967 14 -7.133260796587846e+04
14 968 -2.575958932320150e+05
968 14 -2.575958932320150e+05
14 969 -3.504350099552678e+03
969 14 -3.504350099552678e+03
14 970  1.670230675501115e-11
970 14  1.670230675501115e-11
14 972  8.205326008503788e-13
972 14  8.205326008503788e-13
14 974  4.446253650906583e+05
974 14  4.446253650906583e+05
14 976  6.719926703684137e+02
976 14  6.719926703684137e+02
14 978 -1.367871027425450e+04
978 14 -1.367871027425450e+04
14 979  7.133260796587846e+04
979 14  7.133260796587846e+04
14 980 -2.575958932320150e+05
980 14 -2.575958932320150e+05
14 981  3.504350099552678e+03
981 14  3.504350099552678e+03
14 982  1.670230675501115e-11
982 14  1.670230675501115e-11
14 984  8.205326008503788e-13
984 14  8.205326008503788e-13
15 15  3.930765762206886e+05
15 17  4.732817504554987e-02
17 15  4.732817504554987e-02
15 19  1.009133278830632e-02
19 15  1.009133278830632e-02
15 20 -5.349967780919687e+02
20 15 -5.349967780919687e+02
15 21 -1.379547969298079e+05
21 15 -1.379547969298079e+05
15 22  5.732550680836815e+06
22 15  5.732550680836815e+06
15 23  4.856064217165113e-03
23 15  4.856064217165113e-03
15 24  3.643334947923904e-03
24 15  3.643334947923904e-03
15 37  8.894444601910072e+01
37 15  8.894444601910072e+01
15 38 -3.504367563391641e+03
38 15 -3.504367563391641e+03
15 39 -7.000202986526630e+04
39 15 -7.000202986526630e+04
15 40 -2.330296483303823e+06
40 15 -2.330296483303823e+06
15 41 -6.180243943153996e+05
41 15 -6.180243943153996e+05
15 42  2.295139869032890e+05
42 15  2.295139869032890e+05
15 43  6.837269085202774e+03
43 15  6.837269085202774e+03
15 45  8.142056664611732e+04
45 15  8.142056664611732e+04
15 47 -3.527616307938096e+06
47 15 -3.527616307938096e+06
15 49  8.894444601910072e+01
49 15  8.894444601910072e+01
15 50  3.504367563391641e+03
50 15  3.504367563391641e+03
15 51 -7.000202986526630e+04
51 15 -7.000202986526630e+04
15 52  2.330296483303823e+06
52 15  2.330296483303823e+06
15 53 -6.180243943153996e+05
53 15 -6.180243943153996e+05
15 54 -2.295139869032890e+05
54 15 -2.295139869032890e+05
15 967 -8.892099522681929e+01
967 15 -8.892099522681929e+01
15 968 -3.504350099552678e+03
968 15 -3.504350099552678e+03
15 969 -7.000202784158797e+04
969 15 -7.000202784158797e+04
15 970 -2.330296524372722e+06
970 15 -2.330296524372722e+06
15 971  6.180243991714638e+05
971 15  6.180243991714638e+05
15 972 -2.295137092497395e+05
972 15 -2.295137092497395e+05
15 973 -6.837281067327414e+03
973 15 -6.837281067327414e+03
15 975  8.142056640651838e+04
975 15  8.142056640651838e+04
15 977  3.527616355266272e+06
977 15  3.527616355266272e+06
15 979 -8.892099522681929e+01
979 15 -8.892099522681929e+01
15 980  3.504350099552678e+03
980 15  3.504350099552678e+03
15 981 -7.000202784158797e+04
981 15 -7.000202784158797e+04
15 982  2.330296524372722e+06
982 15  2.330296524372722e+06
15 983  6.180243991714638e+05
983 15  6.180243991714638e+05
15 984  2.295137092497395e+05
984 15  2.295137092497395e+05
16 16  4.135130182722441e+08
16 18  7.099756918905769e-01
18 16  7.099756918905769e-01
16 19 -2.829541037317540e-02
19 16 -2.829541037317540e-02
16 20  3.007689790707697e-11
20 16  3.007689790707697e-11
16 21 -5.732550680836815e+06
21 16 -5.732550680836815e+06
16 22  2.038166553941567e+08
22 16  2.038166553941567e+08
16 23 -1.113274395465851e-01
23 16 -1.113274395465851e-01
16 24  1.657206313175266e-01
24 16  1.657206313175266e-01
16 37  2.358972093628710e+05
37 16  2.358972093628710e+05
16 38  1.670230645921722e-11
38 16  1.670230645921722e-11
16 39  2.329667786927760e+06
39 16  2.329667786927760e+06
16 40  9.150104432165404e+07
40 16  9.150104432165404e+07
16 41 -1.091936379123127e+07
41 16 -1.091936379123127e+07
16 42 -9.049458167654900e+06
42 16 -9.049458167654900e+06
16 44 -6.719960233496155e+02
44 16 -6.719960233496155e+02
16 46  1.858216164029893e+08
46 16  1.858216164029893e+08
16 48 -1.823743169351335e+07
48 16 -1.823743169351335e+07
16 49 -2.358972093628710e+05
49 16 -2.358972093628710e+05
16 50  1.670230645921722e-11
50 16  1.670230645921722e-11
16 51 -2.329667786927760e+06
51 16 -2.329667786927760e+06
16 52  9.150104432165404e+07
52 16  9.150104432165404e+07
16 53  1.091936379123127e+07
53 16  1.091936379123127e+07
16 54 -9.049458167654900e+06
54 16 -9.049458167654900e+06
16 967 -2.358969482978113e+05
967 16 -2.358969482978113e+05
16 968  1.670230675501115e-11
968 16  1.670230675501115e-11
16 969  2.329667829518695e+06
969 16  2.329667829518695e+06
16 970  9.150104597525796e+07
970 16  9.150104597525796e+07
16 971  1.091936390493608e+07
971 16  1.091936390493608e+07
16 972  9.049447364842795e+06
972 16  9.049447364842795e+06
16 974 -6.719926703684740e+02
974 16 -6.719926703684740e+02
16 976  1.858216197959344e+08
976 16  1.858216197959344e+08
16 978  1.823740940015032e+07
978 16  1.823740940015032e+07
16 979  2.358969482978113e+05
979 16  2.358969482978113e+05
16 980  1.670230675501115e-11
980 16  1.670230675501115e-11
16 981 -2.329667829518695e+06
981 16 -2.329667829518695e+06
16 982  9.150104597525796e+07
982 16  9.150104597525796e+07
16 983 -1.091936390493608e+07
983 16 -1.091936390493608e+07
16 984  9.049447364842795e+06
984 16  9.049447364842795e+06
17 17  4.865183862987657e+08
17 19 -8.877225770311116e+04
19 17 -8.877225770311116e+04
17 20 -2.019483917365790e-27
20 17 -2.019483917365790e-27
17 21  4.856063984334469e-03
21 17  4.856063984334469e-03
17 22  1.113274395465851e-01
22 17  1.113274395465851e-01
17 23  1.479307789266763e+08
23 17  1.479307789266763e+08
17 24  1.618430221213088e+03
24 17  1.618430221213088e+03
17 37  1.640503637678472e+04
37 17  1.640503637678472e+04
17 39  6.193990215822421e+05
39 17  6.193990215822421e+05
17 40 -1.086781526872468e+07
40 17 -1.086781526872468e+07
17 41  7.369076743893549e+07
41 17  7.369076743893549e+07
17 42  1.059814940700444e+06
42 17  1.059814940700444e+06
17 43  2.012152085891371e+05
43 17  2.012152085891371e+05
17 45  3.524867053404411e+06
45 17  3.524867053404411e+06
17 47  2.426001592982379e+08
47 17  2.426001592982379e+08
17 49  1.640503637678472e+04
49 17  1.640503637678472e+04
17 51  6.193990215822421e+05
51 17  6.193990215822421e+05
17 52  1.086781526872468e+07
52 17  1.086781526872468e+07
17 53  7.369076743893549e+07
53 17  7.369076743893549e+07
17 54 -1.059814940700444e+06
54 17 -1.059814940700444e+06
17 967  1.640484875318544e+04
967 17  1.640484875318544e+04
17 969 -6.193990231025600e+05
969 17 -6.193990231025600e+05
17 970  1.086781550751997e+07
970 17  1.086781550751997e+07
17 971  7.369076765602706e+07
971 17  7.369076765602706e+07
17 972  1.059813623668112e+06
972 17  1.059813623668112e+06
17 973  2.012144175697424e+05
973 17  2.012144175697424e+05
17 975 -3.524867107404078e+06
975 17 -3.524867107404078e+06
17 977  2.426001613120211e+08
977 17  2.426001613120211e+08
17 979  1.640484875318544e+04
979 17  1.640484875318544e+04
17 981 -6.193990231025600e+05
981 17 -6.193990231025600e+05
17 982 -1.086781550751997e+07
982 17 -1.086781550751997e+07
17 983  7.369076765602706e+07
983 17  7.369076765602706e+07
17 984 -1.059813623668112e+06
984 17 -1.059813623668112e+06
18 18  8.958412381837023e+06
18 19  2.983611374218213e+04
19 18  2.983611374218213e+04
18 20 -3.676577592766411e-18
20 18 -3.676577592766411e-18
18 21 -3.643334948037591e-03
21 18 -3.643334948037591e-03
18 22  1.657206313248025e-01
22 18  1.657206313248025e-01
18 23 -1.618430221213087e+03
23 18 -1.618430221213087e+03
18 24 -3.280034992836964e+03
24 18 -3.280034992836964e+03
18 37 -1.262177448353619e-29
37 18 -1.262177448353619e-29
18 38 -8.205366852942210e-13
38 18 -8.205366852942210e-13
18 39 -7.888609052210118e-31
39 18 -7.888609052210118e-31
18 40  3.721955138386939e+04
40 18  3.721955138386939e+04
18 41  1.051982265040842e+04
41 18  1.051982265040842e+04
18 42 -1.828490418088606e+03
42 18 -1.828490418088606e+03
18 44 -1.367871019360396e+04
44 18 -1.367871019360396e+04
18 46 -6.407625543580428e+04
46 18 -6.407625543580428e+04
18 48  3.147883699160957e+03
48 18  3.147883699160957e+03
18 49  1.262177448353619e-29
49 18  1.262177448353619e-29
18 50 -8.205366852942210e-13
50 18 -8.205366852942210e-13
18 51  7.888609052210118e-31
51 18  7.888609052210118e-31
18 52  3.721955138386939e+04
52 18  3.721955138386939e+04
18 53 -1.051982265040842e+04
53 18 -1.051982265040842e+04
18 54 -1.828490418088606e+03
54 18 -1.828490418088606e+03
18 967  1.262177448353619e-29
967 18  1.262177448353619e-29
18 968  8.205326008503787e-13
968 18  8.205326008503787e-13
18 970 -3.721936655328421e+04
970 18 -3.721936655328421e+04
18 971  1.051977022536172e+04
971 18  1.051977022536172e+04
18 972 -1.828472203745578e+03
972 18 -1.828472203745578e+03
18 974  1.367871027425450e+04
974 18  1.367871027425450e+04
18 976  6.407593735816380e+04
976 18  6.407593735816380e+04
18 978  3.147852347798949e+03
978 18  3.147852347798949e+03
18 979 -1.262177448353619e-29
979 18 -1.262177448353619e-29
18 980  8.205326008503787e-13
980 18  8.205326008503787e-13
18 982 -3.721936655328421e+04
982 18 -3.721936655328421e+04
18 983 -1.051977022536172e+04
983 18 -1.051977022536172e+04
18 984 -1.828472203745578e+03
984 18 -1.828472203745578e+03
19 19  5.377051921396502e+05
19 21 -5.510212550143478e-02
21 19 -5.510212550143478e-02
19 23 -2.905048810125976e+05
23 19 -2.905048810125976e+05
19 25 -6.781778306259890e+04
25 19 -6.781778306259890e+04
19 26 -6.576928353752010e-05
26 19 -6.576928353752010e-05
19 27  1.009133279012531e-02
27 19  1.009133279012531e-02
19 28  2.829541037226591e-02
28 19  2.829541037226591e-02
19 29 -8.877225770311116e+04
29 19 -8.877225770311116e+04
19 30 -2.983611374218214e+04
30 19 -2.983611374218214e+04
19 43 -1.339401738990182e+05
43 19 -1.339401738990182e+05
19 44  7.133260710765171e+04
44 19  7.133260710765171e+04
19 45  6.208493801838490e+03
45 19  6.208493801838490e+03
19 46  6.383310418100957e+03
46 19  6.383310418100957e+03
19 47 -4.438623952478569e+04
47 19 -4.438623952478569e+04
19 48 -6.287006971844780e+02
48 19 -6.287006971844780e+02
19 49  6.684553587390368e+04
49 19  6.684553587390368e+04
19 51 -5.401829626436005e+03
51 19 -5.401829626436005e+03
19 53 -1.452528022931352e+05
53 19 -1.452528022931352e+05
19 55 -1.339401738990182e+05
55 19 -1.339401738990182e+05
19 56 -7.133260710765171e+04
56 19 -7.133260710765171e+04
19 57  6.208493801838490e+03
57 19  6.208493801838490e+03
19 58 -6.383310418100957e+03
58 19 -6.383310418100957e+03
19 59 -4.438623952478569e+04
59 19 -4.438623952478569e+04
19 60  6.287006971844780e+02
60 19  6.287006971844780e+02
19 973 -1.339401771708184e+05
973 19 -1.339401771708184e+05
19 974 -7.133260796587844e+04
974 19 -7.133260796587844e+04
19 975 -6.208462953059918e+03
975 19 -6.208462953059918e+03
19 976 -6.383278708419235e+03
976 19 -6.383278708419235e+03
19 977 -4.438601817832546e+04
977 19 -4.438601817832546e+04
19 978 -6.286968024116814e+02
978 19 -6.286968024116814e+02
19 979  6.684554025131706e+04
979 19  6.684554025131706e+04
19 981  5.401802848338781e+03
981 19  5.401802848338781e+03
19 983 -1.452520787194624e+05
983 19 -1.452520787194624e+05
19 984  1.136868377216160e-13
984 19  1.136868377216160e-13
19 985 -1.339401771708184e+05
985 19 -1.339401771708184e+05
19 986  7.133260796587844e+04
986 19  7.133260796587844e+04
19 987 -6.208462953059918e+03
987 19 -6.208462953059918e+03
19 988  6.383278708419235e+03
988 19  6.383278708419235e+03
19 989 -4.438601817832546e+04
989 19 -4.438601817832546e+04
19 990  6.286968024116815e+02
990 19  6.286968024116815e+02
20 20  1.031567366048290e+06
20 22  1.343988693717962e+03
22 20  1.343988693717962e+03
20 24 -8.065053589234594e-05
24 20 -8.065053589234594e-05
20 25  6.576929081347771e-05
25 20  6.576929081347771e-05
20 26 -4.452172614278434e+05
26 20 -4.452172614278434e+05
20 27  5.349967780919690e+02
27 20  5.349967780919690e+02
20 28  3.007689790707697e-11
28 20  3.007689790707697e-11
20 29  2.019483917365790e-27
29 20  2.019483917365790e-27
20 30 -3.676577592766411e-18
30 20 -3.676577592766411e-18
20 43  7.133260710765171e+04
43 20  7.133260710765171e+04
20 44 -2.575958918284484e+05
44 20 -2.575958918284484e+05
20 45 -3.504367563391641e+03
45 20 -3.504367563391641e+03
20 46  1.670230645921723e-11
46 20  1.670230645921723e-11
20 48 -8.205366852942211e-13
48 20 -8.205366852942211e-13
20 50  4.446253618376648e+05
50 20  4.446253618376648e+05
20 52  6.719960233495552e+02
52 20  6.719960233495552e+02
20 54  1.367871019360396e+04
54 20  1.367871019360396e+04
20 55 -7.133260710765171e+04
55 20 -7.133260710765171e+04
20 56 -2.575958918284484e+05
56 20 -2.575958918284484e+05
20 57  3.504367563391641e+03
57 20  3.504367563391641e+03
20 58  1.670230645921723e-11
58 20  1.670230645921723e-11
20 60 -8.205366852942211e-13
60 20 -8.205366852942211e-13
20 973 -7.133260796587846e+04
973 20 -7.133260796587846e+04
20 974 -2.575958932320150e+05
974 20 -2.575958932320150e+05
20 975 -3.504350099552678e+03
975 20 -3.504350099552678e+03
20 976  1.670230675501115e-11
976 20  1.670230675501115e-11
20 978  8.205326008503788e-13
978 20  8.205326008503788e-13
