1 1  1.000000000000000e+36
1 2 -3.797350361753424e+04
2 1 -3.797350361753424e+04
1 3  5.352434484599279e+04
3 1  5.352434484599279e+04
1 4  1.092363662054295e+06
4 1  1.092363662054295e+06
1 5  8.915559179340804e+04
5 1  8.915559179340804e+04
1 6  3.265215988175184e+06
6 1  3.265215988175184e+06
1 7  1.114690341954931e+04
7 1  1.114690341954931e+04
1 8 -2.300019277510914e+04
8 1 -2.300019277510914e+04
1 9 -6.866123537961367e+04
9 1 -6.866123537961367e+04
1 10  2.222257767457964e+06
10 1  2.222257767457964e+06
1 11 -5.593171730347175e+05
11 1 -5.593171730347175e+05
1 12  1.484481171203107e+05
12 1  1.484481171203107e+05
1 91  5.072897670794406e+04
91 1  5.072897670794406e+04
1 92 -2.819680330760614e+04
92 1 -2.819680330760614e+04
1 93 -2.689842112634585e+04
93 1 -2.689842112634585e+04
1 94 -1.705692685820173e+06
94 1 -1.705692685820173e+06
1 95  6.512189980854915e+05
95 1  6.512189980854915e+05
1 96  1.692636700477734e+06
96 1  1.692636700477734e+06
1 97 -6.579630459882220e+04
97 1 -6.579630459882220e+04
1 98  3.706170930312167e+04
98 1  3.706170930312167e+04
1 99  9.695976024110455e+04
99 1  9.695976024110455e+04
1 100  1.045411875395939e+06
100 1  1.045411875395939e+06
1 101  1.394555235177988e+05
101 1  1.394555235177988e+05
1 102  3.264657381227624e+06
102 1  3.264657381227624e+06
1 103 -7.926235724710113e+04
103 1 -7.926235724710113e+04
1 104  1.224992173224570e+04
104 1  1.224992173224570e+04
1 105  1.763663979790885e+04
105 1  1.763663979790885e+04
1 106  2.243349407742211e+06
106 1  2.243349407742211e+06
1 107 -7.507939472742303e+05
107 1 -7.507939472742303e+05
1 108  1.343549584082342e+05
108 1  1.343549584082342e+05
1 187 -1.683330611913323e+05
187 1 -1.683330611913323e+05
1 188  3.985886866488216e+04
188 1  3.985886866488216e+04
1 189 -7.256108837904668e+04
189 1 -7.256108837904668e+04
1 190 -1.773736112802141e+06
190 1 -1.773736112802141e+06
1 191  8.929957040438864e+05
191 1  8.929957040438864e+05
1 192  1.706171252159468e+06
192 1  1.706171252159468e+06
2 2  1.000000000000000e+36
2 3  1.572913480039901e+04
3 2  1.572913480039901e+04
2 4  3.737687079152931e+06
4 2  3.737687079152931e+06
2 5  2.383292904123664e-01
5 2  2.383292904123664e-01
2 6  9.023575942539899e+06
6 2  9.023575942539899e+06
2 7 -2.439329608394862e+04
7 2 -2.439329608394862e+04
2 8 -6.971600695885258e+03
8 2 -6.971600695885258e+03
2 9  1.479119999930268e+04
9 2  1.479119999930268e+04
2 10  6.719153196884641e+06
10 2  6.719153196884641e+06
2 11 -1.778916373244120e+06
11 2 -1.778916373244120e+06
2 12  8.848411113593479e+04
12 2  8.848411113593479e+04
2 91 -2.770761012720859e+04
91 2 -2.770761012720859e+04
2 92 -6.971623597913509e+03
92 2 -6.971623597913509e+03
2 93  6.789708078288294e+03
93 2  6.789708078288294e+03
2 94 -4.688588938685187e+06
94 2 -4.688588938685187e+06
2 95  1.778915489782122e+06
95 2  1.778915489782122e+06
2 96  4.813721962016176e+06
96 2  4.813721962016176e+06
2 97  4.225791861316850e+04
97 2  4.225791861316850e+04
2 98 -2.781718758770252e+04
98 2 -2.781718758770252e+04
2 99 -1.750380864590690e+04
99 2 -1.750380864590690e+04
2 100  3.713564968219975e+06
100 2  3.713564968219975e+06
2 101  1.924749205820262e+00
101 2  1.924749205820262e+00
2 102  8.965348887212923e+06
102 2  8.965348887212923e+06
2 103  1.147249822741014e+04
103 2  1.147249822741014e+04
2 104 -6.411145594778097e+04
104 2 -6.411145594778097e+04
2 105 -3.992567282205830e+04
105 2 -3.992567282205830e+04
2 106  6.853457177620208e+06
106 2  6.853457177620208e+06
2 107 -2.440251480511870e+06
107 2 -2.440251480511870e+06
2 108 -1.255503961623182e+03
108 2 -1.255503961623182e+03
2 187  3.634399298811283e+04
187 2  3.634399298811283e+04
2 188 -6.411146273420857e+04
188 2 -6.411146273420857e+04
2 189  2.011943858997521e+04
189 2  2.011943858997521e+04
2 190 -4.847015030359220e+06
190 2 -4.847015030359220e+06
2 191  2.440252283474682e+06
191 2  2.440252283474682e+06
2 192  4.845234521805864e+06
192 2  4.845234521805864e+06
3 3  1.000000000000000e+36
3 4 -1.080488369841656e+06
4 3 -1.080488369841656e+06
3 5  2.152403957871409e+05
5 3  2.152403957871409e+05
3 6 -1.092364081684521e+06
6 3 -1.092364081684521e+06
3 7 -6.648053322092642e+04
7 3 -6.648053322092642e+04
3 8  1.687612675426649e+04
8 3  1.687612675426649e+04
3 9 -4.483061617591201e+04
9 3 -4.483061617591201e+04
3 10 -1.176073937947174e+06
10 3 -1.176073937947174e+06
3 11  3.616459680566916e+05
11 3  3.616459680566916e+05
3 12  1.615031540764803e+05
12 3  1.615031540764803e+05
3 91 -2.907912310425084e+04
91 3 -2.907912310425084e+04
3 92  4.330369983805584e+03
92 3  4.330369983805584e+03
3 93 -8.441279138214752e+04
93 3 -8.441279138214752e+04
3 94  3.681158202663049e+05
94 3  3.681158202663049e+05
3 95 -1.397744635757610e+05
95 3 -1.397744635757610e+05
3 96 -6.780670809949415e+05
96 3 -6.780670809949415e+05
3 97  9.695976002133728e+04
97 3  9.695976002133728e+04
3 98 -1.535146925189970e+04
98 3 -1.535146925189970e+04
3 99  1.281231900257835e+05
99 3  1.281231900257835e+05
3 100 -1.173830111508826e+06
100 3 -1.173830111508826e+06
3 101  3.366734516184848e+05
101 3  3.366734516184848e+05
3 102 -1.045413582825715e+06
102 3 -1.045413582825715e+06
3 103  1.650961102613440e+04
103 3  1.650961102613440e+04
3 104 -4.411902889966545e+04
104 3 -4.411902889966545e+04
3 105 -2.232574711205186e+05
105 3 -2.232574711205186e+05
3 106 -1.236558853648352e+06
106 3 -1.236558853648352e+06
3 107  5.120922618488038e+05
107 3  5.120922618488038e+05
3 108  2.019179984199525e+05
108 3  2.019179984199525e+05
3 187 -7.143405956828722e+04
187 3 -7.143405956828722e+04
3 188  2.253486661309406e+04
188 3  2.253486661309406e+04
3 189 -1.341868277850540e+05
189 3 -1.341868277850540e+05
3 190  3.352589942175298e+05
190 3  3.352589942175298e+05
3 191 -1.687877015174266e+05
191 3 -1.687877015174266e+05
3 192 -6.715314264451355e+05
192 3 -6.715314264451355e+05
4 4  1.000000000000000e+36
4 5 -3.983706341149421e+08
5 4 -3.983706341149421e+08
4 6  3.215464299918469e+08
6 4  3.215464299918469e+08
4 7 -8.266138923037662e+05
7 4 -8.266138923037662e+05
4 8 -2.489557879156650e+06
8 4 -2.489557879156650e+06
4 9  4.296455068132008e+05
9 4  4.296455068132008e+05
4 10  6.243992043933917e+08
10 4  6.243992043933917e+08
4 11 -1.938677754886865e+08
11 4 -1.938677754886865e+08
4 12 -9.765038762767737e+07
12 4 -9.765038762767737e+07
4 91  2.283786103507092e+06
91 4  2.283786103507092e+06
4 92  6.173822034602764e+06
92 4  6.173822034602764e+06
4 93 -2.969949907587118e+05
93 4 -2.969949907587118e+05
4 94  5.402944406674410e+08
94 4  5.402944406674410e+08
4 95 -2.051447003917003e+08
95 4 -2.051447003917003e+08
4 96  3.006964272763981e+08
96 4  3.006964272763981e+08
4 97 -1.930836552358287e+06
97 4 -1.930836552358287e+06
4 98 -4.656175761685019e+06
98 4 -4.656175761685019e+06
4 99  1.479755581745007e+05
99 4  1.479755581745007e+05
4 100  1.453235848613944e+09
100 4  1.453235848613944e+09
4 101 -6.240153064606158e+08
101 4 -6.240153064606158e+08
4 102  2.693510430498733e+08
102 4  2.693510430498733e+08
4 103 -1.514967153153246e+06
103 4 -1.514967153153246e+06
4 104 -4.167394101501547e+06
104 4 -4.167394101501547e+06
4 105  1.135184115914980e+06
105 4  1.135184115914980e+06
4 106  6.580303944558092e+08
106 4  6.580303944558092e+08
4 107 -2.772550523621569e+08
107 4 -2.772550523621569e+08
4 108 -1.207626230049255e+08
108 4 -1.207626230049255e+08
4 187  8.962678322539122e+05
187 4  8.962678322539122e+05
4 188  1.401618628587521e+06
188 4  1.401618628587521e+06
4 189 -3.353218203023133e+05
189 4 -3.353218203023133e+05
4 190  6.877540037126852e+08
190 4  6.877540037126852e+08
4 191 -3.462794414416131e+08
191 4 -3.462794414416131e+08
4 192  2.714566018614724e+08
192 4  2.714566018614724e+08
5 5  1.000000000000000e+36
5 6  1.650104242970038e+08
6 5  1.650104242970038e+08
5 7  5.481582026417336e+05
7 5  5.481582026417336e+05
5 8  1.778914268442818e+06
8 5  1.778914268442818e+06
5 9 -3.783451395107111e+05
9 5 -3.783451395107111e+05
5 10 -1.631140213767999e+08
10 5 -1.631140213767999e+08
5 11  8.199294884168622e+07
11 5  8.199294884168622e+07
5 12  1.422767356123965e+08
12 5  1.422767356123965e+08
5 91 -6.551371594275652e+05
91 5 -6.551371594275652e+05
5 92 -1.778915196085217e+06
92 5 -1.778915196085217e+06
5 93  1.200759921887635e+05
93 5  1.200759921887635e+05
5 94 -2.159439770048584e+08
94 5 -2.159439770048584e+08
5 95  8.199298955338201e+07
95 5  8.199298955338201e+07
5 96  1.473412799556284e+07
96 5  1.473412799556284e+07
5 97  9.681010445002705e+04
97 5  9.681010445002705e+04
5 98  8.366144630126655e-01
98 5  8.366144630126655e-01
5 99  2.337192404145363e+05
99 5  2.337192404145363e+05
5 100 -4.706678833595729e+08
100 5 -4.706678833595729e+08
5 101  2.564648611539170e+08
101 5  2.564648611539170e+08
5 102  1.949569586478977e+08
102 5  1.949569586478977e+08
5 103  4.902729947328874e+05
103 5  4.902729947328874e+05
5 104  1.144395777388430e+06
104 5  1.144395777388430e+06
5 105 -3.147816591331004e+05
105 5 -3.147816591331004e+05
5 106 -1.957363870496827e+08
106 5 -1.957363870496827e+08
5 107  1.281361890461697e+08
107 5  1.281361890461697e+08
5 108  1.641756346772696e+08
108 5  1.641756346772696e+08
5 187 -5.692597341904909e+05
187 5 -5.692597341904909e+05
5 188 -1.144395924689785e+06
188 5 -1.144395924689785e+06
5 189  1.240911702533707e+05
189 5  1.240911702533707e+05
5 190 -2.544962061543159e+08
190 5 -2.544962061543159e+08
5 191  1.281361802718626e+08
191 5  1.281361802718626e+08
5 192  2.231674465643173e+07
192 5  2.231674465643173e+07
6 6  1.000000000000000e+36
6 7  1.754165988270662e+06
7 6  1.754165988270662e+06
6 8  6.241540927315340e+06
8 6  6.241540927315340e+06
6 9 -1.557144571827635e+06
9 6 -1.557144571827635e+06
6 10  3.848017139025513e+08
10 6  3.848017139025513e+08
6 11  9.625033488329126e+07
11 6  9.625033488329126e+07
6 12  7.433399323028603e+08
12 6  7.433399323028603e+08
6 91  1.027525866924586e+06
91 6  1.027525866924586e+06
6 92  2.653053365016832e+06
92 6  2.653053365016832e+06
6 93  9.997340939182836e+04
93 6  9.997340939182836e+04
6 94 -1.817550523737565e+08
94 6 -1.817550523737565e+08
6 95  6.902569387601866e+07
95 6  6.902569387601866e+07
6 96  8.274448272541333e+08
96 6  8.274448272541333e+08
6 97 -4.009646040404222e+06
97 6 -4.009646040404222e+06
6 98 -1.124099692726348e+07
98 6 -1.124099692726348e+07
6 99  1.930835887880373e+06
99 6  1.930835887880373e+06
6 100  2.693499294671565e+08
100 6  2.693499294671565e+08
6 101  2.584761010365871e+08
101 6  2.584761010365871e+08
6 102  1.991937932973378e+09
102 6  1.991937932973378e+09
6 103 -2.833773304099125e+05
103 6 -2.833773304099125e+05
6 104 -2.185205183084478e+06
104 6 -2.185205183084478e+06
6 105  5.742378380589632e+05
105 6  5.742378380589632e+05
6 106  2.417326107338597e+08
106 6  2.417326107338597e+08
6 107  2.124581931563190e+08
107 6  2.124581931563190e+08
6 108  8.384480637905695e+08
108 6  8.384480637905695e+08
6 187 -1.753884472556296e+06
187 6 -1.753884472556296e+06
6 188 -4.491968124524108e+06
188 6 -4.491968124524108e+06
6 189  4.446151818099232e+04
189 6  4.446151818099232e+04
6 190 -9.103912357995547e+07
190 6 -9.103912357995547e+07
6 191  4.581849371742235e+07
191 6  4.581849371742235e+07
6 192  8.087240180186026e+08
192 6  8.087240180186026e+08
7 7  1.000000000000000e+36
7 8 -2.906367462461002e+04
8 7 -2.906367462461002e+04
7 9  7.569487584438456e+04
9 7  7.569487584438456e+04
7 10  1.544838963288840e+06
10 7  1.544838963288840e+06
7 11  1.647369375824746e+05
11 7  1.647369375824746e+05
7 12  2.172852089584002e+06
12 7  2.172852089584002e+06
7 13 -4.483077782891805e+04
13 7 -4.483077782891805e+04
7 14 -1.479117719809200e+04
14 7 -1.479117719809200e+04
7 15 -6.866123959520207e+04
15 7 -6.866123959520207e+04
7 16  1.557144700875495e+06
16 7  1.557144700875495e+06
7 17 -3.783453366170884e+05
17 7 -3.783453366170884e+05
7 18 -4.296461319934446e+05
18 7 -4.296461319934446e+05
7 97 -2.142424901576989e+05
97 7 -2.142424901576989e+05
7 98  4.544853652176004e+04
98 7  4.544853652176004e+04
7 99 -3.940093883011314e+04
99 7 -3.940093883011314e+04
7 100 -8.905691525338569e+05
100 7 -8.905691525338569e+05
7 101  7.604291454550958e+05
101 7  7.604291454550958e+05
7 102  1.796899700942978e+06
102 7  1.796899700942978e+06
7 103  3.116355426742313e+04
103 7  3.116355426742313e+04
7 104  2.836579144300121e+04
104 7  2.836579144300121e+04
7 105  1.371218174848755e+05
105 7  1.371218174848755e+05
7 106  1.478438319855198e+06
106 7  1.478438319855198e+06
7 107  2.576793718332448e+05
107 7  2.576793718332448e+05
7 108  2.219245679116502e+06
108 7  2.219245679116502e+06
7 109 -8.827748351702387e+04
109 7 -8.827748351702387e+04
7 110 -5.566180058110611e+03
110 7 -5.566180058110611e+03
7 111 -3.827398168301847e+04
111 7 -3.827398168301847e+04
7 112  1.554699317745691e+06
112 7  1.554699317745691e+06
7 113 -4.976738452031733e+05
113 7 -4.976738452031733e+05
7 114 -4.259862551829455e+05
114 7 -4.259862551829455e+05
8 8  1.000000000000000e+36
8 9  2.906364878934417e+04
9 8  2.906364878934417e+04
8 10  6.906358285335627e+06
10 8  6.906358285335627e+06
8 11 -4.058762252097949e+00
11 8 -4.058762252097949e+00
8 12  6.906344122192298e+06
12 8  6.906344122192298e+06
8 13 -1.687610271235063e+04
13 8 -1.687610271235063e+04
8 14 -6.971666364364659e+03
14 8 -6.971666364364659e+03
8 15  2.300016790546638e+04
15 8  2.300016790546638e+04
8 16  6.241541955978233e+06
16 8  6.241541955978233e+06
8 17 -1.778915292133773e+06
17 8 -1.778915292133773e+06
8 18 -2.489560853133321e+06
18 8 -2.489560853133321e+06
8 97  4.127686937769084e+04
97 8  4.127686937769084e+04
8 98 -6.411148567191459e+04
98 8 -6.411148567191459e+04
8 99  4.679689117719280e+03
99 8  4.679689117719280e+03
8 100 -2.623873251320890e+06
100 8 -2.623873251320890e+06
8 101  2.440255652499612e+06
101 8  2.440255652499612e+06
8 102  6.331288153922390e+06
102 8  6.331288153922390e+06
8 103  3.234280390620502e+04
103 8  3.234280390620502e+04
8 104 -2.781715040645280e+04
104 8 -2.781715040645280e+04
8 105 -3.234280106784468e+04
105 8 -3.234280106784468e+04
8 106  6.861783151203308e+06
106 8  6.861783151203308e+06
8 107  1.229870062787086e+00
107 8  1.229870062787086e+00
8 108  6.861786074569631e+06
108 8  6.861786074569631e+06
8 109 -4.679703171826059e+03
109 8 -4.679703171826059e+03
8 110 -6.411145529955304e+04
110 8 -6.411145529955304e+04
8 111 -4.127683149895162e+04
111 8 -4.127683149895162e+04
8 112  6.331282193986664e+06
112 8  6.331282193986664e+06
8 113 -2.440251387550754e+06
113 8 -2.440251387550754e+06
8 114 -2.623866127359669e+06
114 8 -2.623866127359669e+06
9 9  1.000000000000000e+36
9 10 -2.172855694071156e+06
10 9 -2.172855694071156e+06
9 11  1.647390719217848e+05
11 9  1.647390719217848e+05
9 12 -1.544835146732546e+06
12 9 -1.544835146732546e+06
9 13 -6.648053809749165e+04
13 9 -6.648053809749165e+04
9 14  2.439327013653033e+04
14 9  2.439327013653033e+04
9 15  1.114678610288247e+04
15 9  1.114678610288247e+04
9 16 -1.754166287818489e+06
16 9 -1.754166287818489e+06
9 17  5.481585124226614e+05
17 9  5.481585124226614e+05
9 18  8.266147787234973e+05
18 9  8.266147787234973e+05
9 97 -3.827390998674830e+04
97 9 -3.827390998674830e+04
9 98  5.566167796874054e+03
98 9  5.566167796874054e+03
9 99 -8.827744995087845e+04
99 9 -8.827744995087845e+04
9 100  4.259881093030563e+05
100 9  4.259881093030563e+05
9 101 -4.976749633739384e+05
101 9 -4.976749633739384e+05
9 102 -1.554700894539721e+06
102 9 -1.554700894539721e+06
9 103  1.371218170628900e+05
103 9  1.371218170628900e+05
9 104 -2.836578914727413e+04
104 9 -2.836578914727413e+04
9 105  3.116350981669706e+04
105 9  3.116350981669706e+04
9 106 -2.219244813733657e+06
106 9 -2.219244813733657e+06
9 107  2.576786904599998e+05
107 9  2.576786904599998e+05
9 108 -1.478439075513741e+06
108 9 -1.478439075513741e+06
9 109 -3.940100944342090e+04
109 9 -3.940100944342090e+04
9 110 -4.544849757477711e+04
110 9 -4.544849757477711e+04
9 111 -2.142424363540579e+05
111 9 -2.142424363540579e+05
9 112 -1.796898010020528e+06
112 9 -1.796898010020528e+06
9 113  7.604279548274746e+05
113 9  7.604279548274746e+05
9 114  8.905671725731434e+05
114 9  8.905671725731434e+05
10 10  1.000000000000000e+36
10 11 -3.049000496976755e+08
11 10 -3.049000496976755e+08
10 12  4.547365541341308e+08
12 10  4.547365541341308e+08
10 13 -1.615039830017574e+05
13 10 -1.615039830017574e+05
10 14  8.848075330345196e+04
14 10  8.848075330345196e+04
10 15 -1.484471257063941e+05
15 10 -1.484471257063941e+05
10 16  7.433402846951032e+08
16 10  7.433402846951032e+08
10 17 -1.422768148178590e+08
17 10 -1.422768148178590e+08
10 18 -9.765052975689861e+07
18 10 -9.765052975689861e+07
10 97  3.287406043423130e+04
97 10  3.287406043423130e+04
10 98 -4.240844976826794e+05
98 10 -4.240844976826794e+05
10 99 -3.305217445607527e+05
99 10 -3.305217445607527e+05
10 100  7.692566159122479e+08
100 10  7.692566159122479e+08
10 101 -3.023861614262105e+08
101 10 -3.023861614262105e+08
10 102  2.878056394414589e+08
102 10  2.878056394414589e+08
10 103 -2.730615157405926e+06
103 10 -2.730615157405926e+06
10 104 -8.603494164610993e+06
104 10 -8.603494164610993e+06
10 105  2.078812244901122e+06
105 10  2.078812244901122e+06
10 106  1.722588679683305e+09
106 10  1.722588679683305e+09
10 107 -4.776006423065523e+08
107 10 -4.776006423065523e+08
10 108  3.809215306485837e+08
108 10  3.809215306485837e+08
10 109 -9.078516507733518e+05
109 10 -9.078516507733518e+05
10 110 -4.686413573230047e+06
110 10 -4.686413573230047e+06
10 111  1.749086257384354e+06
111 10  1.749086257384354e+06
10 112  7.272208977502492e+08
112 10  7.272208977502492e+08
10 113 -1.748460248405804e+08
113 10 -1.748460248405804e+08
10 114 -7.469104910883412e+07
114 10 -7.469104910883412e+07
11 11  1.000000000000000e+36
11 12  3.048993460006068e+08
12 11  3.048993460006068e+08
11 13  3.616458678426943e+05
13 11  3.616458678426943e+05
11 14  1.778915211815771e+06
14 11  1.778915211815771e+06
11 15 -5.593167011064107e+05
15 11 -5.593167011064107e+05
11 16 -9.625089413272128e+07
16 11 -9.625089413272128e+07
11 17  8.199302016886044e+07
17 11  8.199302016886044e+07
11 18  1.938677505108230e+08
18 11  1.938677505108230e+08
11 97 -4.784389009396426e+05
97 11 -4.784389009396426e+05
11 98 -1.144393620676057e+06
98 11 -1.144393620676057e+06
11 99  3.324911966394365e+05
99 11  3.324911966394365e+05
11 100 -2.265837494187428e+08
100 11 -2.265837494187428e+08
11 101  1.281361970399687e+08
101 11  1.281361970399687e+08
11 102  1.180091736618840e+08
102 11  1.180091736618840e+08
11 103  1.788814141372349e+05
103 11  1.788814141372349e+05
11 104  1.641971746226773e+00
104 11  1.641971746226773e+00
11 105  1.788807231130873e+05
105 11  1.788807231130873e+05
11 106 -3.602339281151533e+08
106 11 -3.602339281151533e+08
11 107  2.564648281913179e+08
107 11  2.564648281913179e+08
11 108  3.602331556726826e+08
108 11  3.602331556726826e+08
11 109  3.324918544119562e+05
109 11  3.324918544119562e+05
11 110  1.144397198894911e+06
110 11  1.144397198894911e+06
11 111 -4.784402586245892e+05
111 11 -4.784402586245892e+05
11 112 -1.180095560833979e+08
112 11 -1.180095560833979e+08
11 113  1.281361487774275e+08
113 11  1.281361487774275e+08
11 114  2.265834787508388e+08
114 11  2.265834787508388e+08
12 12  1.000000000000000e+36
12 13  1.176072875533909e+06
13 12  1.176072875533909e+06
12 14  6.719146434584164e+06
14 12  6.719146434584164e+06
12 15 -2.222255323240072e+06
15 12 -2.222255323240072e+06
12 16  3.848001383625683e+08
16 12  3.848001383625683e+08
12 17  1.631142100898204e+08
17 12  1.631142100898204e+08
12 18  6.243990399062206e+08
18 12  6.243990399062206e+08
12 97 -1.749086843331518e+06
97 12 -1.749086843331518e+06
12 98 -4.686415005184313e+06
98 12 -4.686415005184313e+06
12 99  9.078522504603087e+05
99 12  9.078522504603087e+05
12 100 -7.469210721363652e+07
100 12 -7.469210721363652e+07
12 101  1.748465844340790e+08
101 12  1.748465844340790e+08
12 102  7.272213639032152e+08
102 12  7.272213639032152e+08
12 103 -2.078810951744782e+06
103 12 -2.078810951744782e+06
12 104 -8.603489217278561e+06
104 12 -8.603489217278561e+06
12 105  2.730614530493147e+06
105 12  2.730614530493147e+06
12 106  3.809201552008528e+08
106 12  3.809201552008528e+08
12 107  4.776007851358393e+08
107 12  4.776007851358393e+08
12 108  1.722587465440776e+09
108 12  1.722587465440776e+09
12 109  3.305247128380787e+05
109 12  3.305247128380787e+05
12 110 -4.240704454495250e+05
110 12 -4.240704454495250e+05
12 111 -3.287946505731787e+04
111 12 -3.287946505731787e+04
12 112  2.878038886877688e+08
112 12  2.878038886877688e+08
12 113  3.023865577499032e+08
113 12  3.023865577499032e+08
12 114  7.692567591982101e+08
114 12  7.692567591982101e+08
13 13  1.000000000000000e+36
13 14 -1.572912387556404e+04
14 13 -1.572912387556404e+04
13 15  5.352438637801117e+04
15 13  5.352438637801117e+04
13 16  1.092364473897731e+06
16 13  1.092364473897731e+06
13 17  2.152410359549596e+05
17 13  2.152410359549596e+05
13 18  1.080490222482165e+06
18 13  1.080490222482165e+06
13 19 -8.441273382672916e+04
19 13 -8.441273382672916e+04
13 20 -4.330378899429188e+03
20 13 -4.330378899429188e+03
13 21 -2.907914528119029e+04
21 13 -2.907914528119029e+04
13 22  6.780667541831014e+05
22 13  6.780667541831014e+05
13 23 -1.397742770319886e+05
23 13 -1.397742770319886e+05
13 24 -3.681153382323238e+05
24 13 -3.681153382323238e+05
13 103 -2.232575510267473e+05
103 13 -2.232575510267473e+05
13 104  4.411902144663924e+04
104 13  4.411902144663924e+04
13 105  1.650957213757702e+04
105 13  1.650957213757702e+04
13 106 -2.019187642307064e+05
106 13 -2.019187642307064e+05
13 107  5.120922056885014e+05
107 13  5.120922056885014e+05
13 108  1.236557772584299e+06
108 13  1.236557772584299e+06
13 109  1.281232943776225e+05
109 13  1.281232943776225e+05
13 110  1.535145423615983e+04
110 13  1.535145423615983e+04
13 111  9.695978524190669e+04
111 13  9.695978524190669e+04
13 112  1.045414348482624e+06
112 13  1.045414348482624e+06
13 113  3.366734726076240e+05
113 13  3.366734726076240e+05
13 114  1.173830500389761e+06
114 13  1.173830500389761e+06
13 115 -1.341868109145087e+05
115 13 -1.341868109145087e+05
13 116 -2.253487019545522e+04
116 13 -2.253487019545522e+04
13 117 -7.143406037881297e+04
117 13 -7.143406037881297e+04
13 118  6.715314100247379e+05
118 13  6.715314100247379e+05
13 119 -1.687881782106649e+05
119 13 -1.687881782106649e+05
13 120 -3.352599573086653e+05
120 13 -3.352599573086653e+05
14 14  1.000000000000000e+36
14 15  3.797351501068891e+04
15 14  3.797351501068891e+04
14 16  9.023581012693536e+06
16 14  9.023581012693536e+06
14 17  3.931600963231176e+00
17 14  3.931600963231176e+00
14 18  3.737700054026269e+06
18 14  3.737700054026269e+06
14 19 -6.789717346154549e+03
19 14 -6.789717346154549e+03
14 20 -6.971603428228118e+03
20 14 -6.971603428228118e+03
14 21  2.770761873128334e+04
21 14  2.770761873128334e+04
14 22  4.813718726966697e+06
22 14  4.813718726966697e+06
14 23 -1.778914064877844e+06
23 14 -1.778914064877844e+06
14 24 -4.688585288590812e+06
24 14 -4.688585288590812e+06
14 103  3.992566324549926e+04
103 14  3.992566324549926e+04
14 104 -6.411145510750912e+04
104 14 -6.411145510750912e+04
14 105 -1.147247956186590e+04
105 14 -1.147247956186590e+04
14 106 -1.259634360486177e+03
106 14 -1.259634360486177e+03
14 107  2.440251425333491e+06
107 14  2.440251425333491e+06
14 108  6.853451932785819e+06
108 14  6.853451932785819e+06
14 109  1.750379734570883e+04
109 14  1.750379734570883e+04
14 110 -2.781714697327514e+04
110 14 -2.781714697327514e+04
14 111 -4.225790866402281e+04
111 14 -4.225790866402281e+04
14 112  8.965355637600226e+06
112 14  8.965355637600226e+06
14 113 -1.476839052513242e+00
113 14 -1.476839052513242e+00
14 114  3.713568796750794e+06
114 14  3.713568796750794e+06
14 115 -2.011944217139750e+04
115 14 -2.011944217139750e+04
14 116 -6.411148656339652e+04
116 14 -6.411148656339652e+04
14 117 -3.634401565261389e+04
117 14 -3.634401565261389e+04
14 118  4.845233739551794e+06
118 14  4.845233739551794e+06
14 119 -2.440255686845127e+06
119 14 -2.440255686845127e+06
14 120 -4.847022044088133e+06
120 14 -4.847022044088133e+06
15 15  1.000000000000000e+36
15 16 -3.265217897559017e+06
16 15 -3.265217897559017e+06
15 17  8.915417150868708e+04
17 15  8.915417150868708e+04
15 18 -1.092368130189244e+06
18 15 -1.092368130189244e+06
15 19 -2.689844316842657e+04
19 15 -2.689844316842657e+04
15 20  2.819681213427856e+04
20 15  2.819681213427856e+04
15 21  5.072900773754394e+04
21 15  5.072900773754394e+04
15 22 -1.692635495320814e+06
22 15 -1.692635495320814e+06
15 23  6.512184808725601e+05
23 15  6.512184808725601e+05
15 24  1.705691363267679e+06
24 15  1.705691363267679e+06
15 103  1.763660038362827e+04
103 15  1.763660038362827e+04
15 104 -1.224990943714402e+04
104 15 -1.224990943714402e+04
15 105 -7.926236879350022e+04
105 15 -7.926236879350022e+04
15 106 -1.343535744147766e+05
106 15 -1.343535744147766e+05
15 107 -7.507939340812286e+05
107 15 -7.507939340812286e+05
15 108 -2.243347662203731e+06
108 15 -2.243347662203731e+06
15 109  9.695978567233709e+04
109 15  9.695978567233709e+04
15 110 -3.706169163397187e+04
110 15 -3.706169163397187e+04
15 111 -6.579621588627723e+04
111 15 -6.579621588627723e+04
15 112 -3.264659767567972e+06
112 15 -3.264659767567972e+06
15 113  1.394553427189201e+05
113 15  1.394553427189201e+05
15 114 -1.045413280723839e+06
114 15 -1.045413280723839e+06
15 115 -7.256108967034789e+04
115 15 -7.256108967034789e+04
15 116 -3.985889397931796e+04
116 15 -3.985889397931796e+04
15 117 -1.683331398513315e+05
117 15 -1.683331398513315e+05
15 118 -1.706170916554935e+06
118 15 -1.706170916554935e+06
15 119  8.929968850374207e+05
119 15  8.929968850374207e+05
15 120  1.773738551678496e+06
120 15  1.773738551678496e+06
16 16  1.000000000000000e+36
16 17 -1.650100671950332e+08
17 16 -1.650100671950332e+08
16 18  3.215482808778260e+08
18 16  3.215482808778260e+08
16 19 -9.997313681361041e+04
19 16 -9.997313681361041e+04
16 20  2.653057300129337e+06
20 16  2.653057300129337e+06
16 21 -1.027527314739301e+06
21 16 -1.027527314739301e+06
16 22  8.274447476978769e+08
22 16  8.274447476978769e+08
16 23 -6.902548996973273e+07
23 16 -6.902548996973273e+07
16 24 -1.817545224821914e+08
24 16 -1.817545224821914e+08
16 103 -5.742375737505500e+05
103 16 -5.742375737505500e+05
16 104 -2.185203527339805e+06
104 16 -2.185203527339805e+06
16 105  2.833769636606944e+05
105 16  2.833769636606944e+05
16 106  8.384474964968828e+08
106 16  8.384474964968828e+08
16 107 -2.124580378938556e+08
107 16 -2.124580378938556e+08
16 108  2.417323808277888e+08
108 16  2.417323808277888e+08
16 109 -1.930836385783474e+06
109 16 -1.930836385783474e+06
16 110 -1.124100273798972e+07
110 16 -1.124100273798972e+07
16 111  4.009647246141907e+06
111 16  4.009647246141907e+06
16 112  1.991939802507577e+09
112 16  1.991939802507577e+09
16 113 -2.584758145569948e+08
113 16 -2.584758145569948e+08
16 114  2.693514400064647e+08
114 16  2.693514400064647e+08
16 115 -4.446207842559234e+04
115 16 -4.446207842559234e+04
16 116 -4.491974003471578e+06
116 16 -4.491974003471578e+06
16 117  1.753887290314205e+06
117 16  1.753887290314205e+06
16 118  8.087242796999660e+08
118 16  8.087242796999660e+08
16 119 -4.581907474342801e+07
119 16 -4.581907474342801e+07
16 120 -9.104027971873777e+07
120 16 -9.104027971873777e+07
17 17  1.000000000000000e+36
17 18  3.983708880944694e+08
18 17  3.983708880944694e+08
17 19  1.200759542259004e+05
19 17  1.200759542259004e+05
17 20  1.778916650855065e+06
20 17  1.778916650855065e+06
17 21 -6.551377070118974e+05
21 17 -6.551377070118974e+05
17 22 -1.473372939551356e+07
22 17 -1.473372939551356e+07
17 23  8.199296299891342e+07
23 17  8.199296299891342e+07
17 24  2.159439108287210e+08
24 17  2.159439108287210e+08
17 103 -3.147820140122782e+05
103 17 -3.147820140122782e+05
17 104 -1.144397115608667e+06
104 17 -1.144397115608667e+06
17 105  4.902735552168643e+05
105 17  4.902735552168643e+05
17 106 -1.641755482496819e+08
106 17 -1.641755482496819e+08
17 107  1.281361492334678e+08
107 17  1.281361492334678e+08
17 108  1.957363468733042e+08
108 17  1.957363468733042e+08
17 109  2.337191894921659e+05
109 17  2.337191894921659e+05
17 110 -1.803319739876315e+00
110 17 -1.803319739876315e+00
17 111  9.681024443417310e+04
111 17  9.681024443417310e+04
17 112 -1.949564756269012e+08
112 17 -1.949564756269012e+08
17 113  2.564648257497125e+08
113 17  2.564648257497125e+08
17 114  4.706680197204155e+08
114 17  4.706680197204155e+08
17 115  1.240911709563407e+05
115 17  1.240911709563407e+05
17 116  1.144393628606151e+06
116 17  1.144393628606151e+06
17 117 -5.692587765704885e+05
117 17 -5.692587765704885e+05
17 118 -2.231638556842669e+07
118 17 -2.231638556842669e+07
17 119  1.281361957094436e+08
119 17  1.281361957094436e+08
17 120  2.544962510571022e+08
120 17  2.544962510571022e+08
18 18  1.000000000000000e+36
18 19  2.969950007575396e+05
19 18  2.969950007575396e+05
18 20  6.173827550902253e+06
20 18  6.173827550902253e+06
18 21 -2.283788167628525e+06
21 18 -2.283788167628525e+06
18 22  3.006974495480298e+08
22 18  3.006974495480298e+08
18 23  2.051447159156843e+08
23 18  2.051447159156843e+08
18 24  5.402944893101491e+08
24 18  5.402944893101491e+08
18 103 -1.135184938530874e+06
103 18 -1.135184938530874e+06
18 104 -4.167396931742421e+06
104 18 -4.167396931742421e+06
18 105  1.514968534937095e+06
105 18  1.514968534937095e+06
18 106 -1.207626815687583e+08
106 18 -1.207626815687583e+08
18 107  2.772550144753633e+08
107 18  2.772550144753633e+08
18 108  6.580301464423028e+08
108 18  6.580301464423028e+08
18 109 -1.479757473189781e+05
109 18 -1.479757473189781e+05
18 110 -4.656179908158056e+06
110 18 -4.656179908158056e+06
18 111  1.930837091216108e+06
111 18  1.930837091216108e+06
18 112  2.693530080670307e+08
112 18  2.693530080670307e+08
18 113  6.240153400422099e+08
113 18  6.240153400422099e+08
18 114  1.453236819940486e+09
114 18  1.453236819940486e+09
18 115  3.353215946035923e+05
115 18  3.353215946035923e+05
18 116  1.401610088105277e+06
116 18  1.401610088105277e+06
18 117 -8.962641070589322e+05
117 18 -8.962641070589322e+05
18 118  2.714576546491295e+08
118 18  2.714576546491295e+08
18 119  3.462792492848035e+08
119 18  3.462792492848035e+08
18 120  6.877536617844100e+08
120 18  6.877536617844100e+08
19 19  1.000000000000000e+36
19 20  4.450457803613972e-03
20 19  4.450457803613972e-03
19 21  7.083772463374771e-03
21 19  7.083772463374771e-03
19 22  7.334591953622294e-02
22 19  7.334591953622294e-02
19 23  2.329746347361494e+05
23 19  2.329746347361494e+05
19 24  6.280165956979452e+05
24 19  6.280165956979452e+05
19 25 -8.441273534678110e+04
25 19 -8.441273534678110e+04
19 26  6.789715601061468e+03
26 19  6.789715601061468e+03
19 27  2.689843758025970e+04
27 19  2.689843758025970e+04
19 28  9.997320818772333e+04
28 19  9.997320818772333e+04
19 29  1.200759592218162e+05
29 19  1.200759592218162e+05
19 30  2.969949787042756e+05
30 19  2.969949787042756e+05
19 109 -1.900973558332469e+05
109 19 -1.900973558332469e+05
19 110  3.607282384055086e+04
110 19  3.607282384055086e+04
19 111  6.241896346107116e+04
111 19  6.241896346107116e+04
19 112 -1.111907961620201e+05
112 19 -1.111907961620201e+05
19 113  1.857952207296947e+05
113 19  1.857952207296947e+05
19 114  3.533899824770801e+05
114 19  3.533899824770801e+05
19 115  1.682851935749613e+05
115 19  1.682851935749613e+05
19 116  1.777113138814457e-03
116 19  1.777113138814457e-03
19 117  5.566776697378373e-03
117 19  5.566776697378373e-03
19 118  7.323295428068377e-02
118 19  7.323295428068377e-02
19 119  3.644131618512902e+05
119 19  3.644131618512902e+05
19 120  7.408065526141970e+05
120 19  7.408065526141970e+05
19 121 -1.900973643222703e+05
121 19 -1.900973643222703e+05
19 122 -3.607282832302871e+04
122 19 -3.607282832302871e+04
19 123 -6.241897052345343e+04
123 19 -6.241897052345343e+04
19 124  1.111908674191173e+05
124 19  1.111908674191173e+05
19 125  1.857952198326220e+05
125 19  1.857952198326220e+05
19 126  3.533899538980425e+05
126 19  3.533899538980425e+05
20 20  1.000000000000000e+36
20 21  4.110221904341738e+04
21 20  4.110221904341738e+04
20 22  9.767043777014092e+06
22 20  9.767043777014092e+06
20 23  4.672164157964289e-01
23 20  4.672164157964289e-01
20 24  1.253120504319668e+00
24 20  1.253120504319668e+00
20 25  4.330376842248070e+03
25 20  4.330376842248070e+03
20 26 -6.971602716611415e+03
26 20 -6.971602716611415e+03
20 27  2.819681295611940e+04
27 20  2.819681295611940e+04
20 28  2.653056323895496e+06
28 20  2.653056323895496e+06
20 29 -1.778916181380124e+06
29 20 -1.778916181380124e+06
20 30 -6.173825892516545e+06
30 20 -6.173825892516545e+06
20 109  3.249617654615915e+04
109 20  3.249617654615915e+04
20 110 -6.411145248871693e+04
110 20 -6.411145248871693e+04
20 111 -2.587809697733283e+04
111 20 -2.587809697733283e+04
20 112  2.621545496611634e+06
112 20  2.621545496611634e+06
20 113  2.440250747721609e+06
113 20  2.440250747721609e+06
20 114  6.332248173330559e+06
114 20  6.332248173330559e+06
20 115  1.291546864194970e-03
115 20  1.291546864194970e-03
20 116 -2.781720409391166e+04
116 20 -2.781720409391166e+04
20 117 -4.573964666156567e+04
117 20 -4.573964666156567e+04
20 118  9.704019599882292e+06
118 20  9.704019599882292e+06
20 119 -7.771525145508349e-01
119 20 -7.771525145508349e-01
20 120 -1.534967778250575e+00
120 20 -1.534967778250575e+00
20 121 -3.249618023098269e+04
121 20 -3.249618023098269e+04
20 122 -6.411145902217053e+04
122 20 -6.411145902217053e+04
20 123 -2.587810049491684e+04
123 20 -2.587810049491684e+04
20 124  2.621543950280858e+06
124 20  2.621543950280858e+06
20 125 -2.440251522615030e+06
125 20 -2.440251522615030e+06
20 126 -6.332249303031694e+06
126 20 -6.332249303031694e+06
21 21  1.000000000000000e+36
21 22 -3.717686501341106e+06
22 21 -3.717686501341106e+06
21 23 -1.671360065229237e-01
23 21 -1.671360065229237e-01
21 24 -4.480757100973278e-01
24 21 -4.480757100973278e-01
21 25  2.907913981283305e+04
25 21  2.907913981283305e+04
21 26  2.770761967608499e+04
26 21  2.770761967608499e+04
21 27  5.072901035640912e+04
27 21  5.072901035640912e+04
21 28 -1.027526952355476e+06
28 21 -1.027526952355476e+06
21 29  6.551375384462399e+05
29 21  6.551375384462399e+05
21 30  2.283787570260590e+06
30 21  2.283787570260590e+06
21 109  6.354599165748557e+04
109 21  6.354599165748557e+04
21 110 -2.820106912425596e+04
110 21 -2.820106912425596e+04
21 111 -1.124224654430861e+05
111 21 -1.124224654430861e+05
21 112 -1.017524407532702e+06
112 21 -1.017524407532702e+06
21 113 -8.896120951051047e+05
113 21 -8.896120951051047e+05
21 114 -2.334076211347062e+06
114 21 -2.334076211347062e+06
21 115  5.772960277681705e-03
115 21  5.772960277681705e-03
21 116 -4.011531467395897e+04
116 21 -4.011531467395897e+04
21 117 -1.059583867199836e+05
117 21 -1.059583867199836e+05
21 118 -3.697680469529435e+06
118 21 -3.697680469529435e+06
21 119  3.122586091049016e-01
119 21  3.122586091049016e-01
21 120  6.164122757036239e-01
120 21  6.164122757036239e-01
21 121 -6.354599904586108e+04
121 21 -6.354599904586108e+04
21 122 -2.820107365257079e+04
122 21 -2.820107365257079e+04
21 123 -1.124224792419165e+05
123 21 -1.124224792419165e+05
21 124 -1.017523827753348e+06
124 21 -1.017523827753348e+06
21 125  8.896124059355028e+05
125 21  8.896124059355028e+05
21 126  2.334076678470597e+06
126 21  2.334076678470597e+06
22 22  1.000000000000000e+36
22 23  9.140160810016096e+01
23 22  9.140160810016096e+01
22 24  2.301009750515223e+02
24 22  2.301009750515223e+02
22 25 -6.780669598728226e+05
25 22 -6.780669598728226e+05
22 26  4.813720175578791e+06
26 22  4.813720175578791e+06
22 27 -1.692636051823506e+06
27 22 -1.692636051823506e+06
22 28  8.274448153820698e+08
28 22  8.274448153820698e+08
22 29  1.473382980623947e+07
29 22  1.473382980623947e+07
22 30 -3.006972310271211e+08
30 22 -3.006972310271211e+08
22 109 -5.694397937751389e+05
109 22 -5.694397937751389e+05
22 110 -3.613657221764057e+06
110 22 -3.613657221764057e+06
22 111  1.146766181730564e+06
111 22  1.146766181730564e+06
22 112  8.547958605042179e+08
112 22  8.547958605042179e+08
22 113 -9.018498974737302e+07
113 22 -9.018498974737302e+07
22 114  1.602293930149899e+08
114 22  1.602293930149899e+08
22 115 -1.713517591706477e-01
115 22 -1.713517591706477e-01
22 116 -1.216716607143667e+07
116 22 -1.216716607143667e+07
22 117  4.809424628662897e+06
117 22  4.809424628662897e+06
22 118  2.103505227214823e+09
118 22  2.103505227214823e+09
22 119 -1.721892857402563e+02
119 22 -1.721892857402563e+02
22 120 -3.328161361515522e+02
120 22 -3.328161361515522e+02
22 121  5.694400974707002e+05
121 22  5.694400974707002e+05
22 122 -3.613659386358858e+06
122 22 -3.613659386358858e+06
22 123  1.146767238091965e+06
123 22  1.146767238091965e+06
22 124  8.547958167334200e+08
124 22  8.547958167334200e+08
22 125  9.018482656459567e+07
125 22  9.018482656459567e+07
22 126 -1.602297374095480e+08
126 22 -1.602297374095480e+08
23 23  1.000000000000000e+36
23 24  4.311932076693052e+08
24 23  4.311932076693052e+08
23 25 -1.397743463943645e+05
25 23 -1.397743463943645e+05
23 26  1.778914510125096e+06
26 23  1.778914510125096e+06
23 27 -6.512186481794810e+05
27 23 -6.512186481794810e+05
23 28  6.902557098450600e+07
28 23  6.902557098450600e+07
23 29  8.199296548901504e+07
29 23  8.199296548901504e+07
23 30  2.051446842444881e+08
30 23  2.051446842444881e+08
23 109 -1.032010342070025e+05
109 23 -1.032010342070025e+05
23 110 -1.144396279072541e+06
110 23 -1.144396279072541e+06
23 111  5.734150881991225e+05
111 23  5.734150881991225e+05
23 112 -7.677336639904648e+07
112 23 -7.677336639904648e+07
23 113  1.281361857811837e+08
113 23  1.281361857811837e+08
23 114  2.436641676061986e+08
114 23  2.436641676061986e+08
23 115  2.529759924549108e+05
115 23  2.529759924549108e+05
23 116 -4.876367480028421e-01
116 23 -4.876367480028421e-01
23 117  1.819840973475948e-01
117 23  1.819840973475948e-01
23 118  9.229357255995274e+01
118 23  9.229357255995274e+01
23 119  2.564648673589298e+08
119 23  2.564648673589298e+08
23 120  5.094472636704446e+08
120 23  5.094472636704446e+08
23 121 -1.032009695577046e+05
121 23 -1.032009695577046e+05
23 122  1.144395854245621e+06
122 23  1.144395854245621e+06
23 123 -5.734149357402924e+05
123 23 -5.734149357402924e+05
23 124  7.677344830317484e+07
124 23  7.677344830317484e+07
23 125  1.281361860809309e+08
125 23  1.281361860809309e+08
23 126  2.436641363037853e+08
126 23  2.436641363037853e+08
24 24  1.000000000000000e+36
24 25 -3.681155093966167e+05
25 24 -3.681155093966167e+05
24 26  4.688586343556993e+06
26 24  4.688586343556993e+06
24 27 -1.705691761395032e+06
27 24 -1.705691761395032e+06
24 28  1.817547250015992e+08
28 24  1.817547250015992e+08
24 29  2.159439139903165e+08
29 24  2.159439139903165e+08
24 30  5.402944007090477e+08
30 24  5.402944007090477e+08
24 109 -2.717945227243646e+05
109 24 -2.717945227243646e+05
24 110 -3.013929504036789e+06
110 24 -3.013929504036789e+06
24 111  1.510169761741979e+06
111 24  1.510169761741979e+06
24 112 -2.022653679853808e+08
112 24 -2.022653679853808e+08
24 113  3.374544835015433e+08
113 24  3.374544835015433e+08
24 114  6.416826647050597e+08
114 24  6.416826647050597e+08
24 115  6.518031286046692e+05
115 24  6.518031286046692e+05
24 116 -1.179281912278384e+00
116 24 -1.179281912278384e+00
24 117  4.331840034574270e-01
117 24  4.331840034574270e-01
24 118  2.318731297254562e+02
118 24  2.318731297254562e+02
24 119  6.754294969296947e+08
119 24  6.754294969296947e+08
24 120  1.341667475389550e+09
120 24  1.341667475389550e+09
24 121 -2.717943539493093e+05
121 24 -2.717943539493093e+05
24 122  3.013928375232015e+06
122 24  3.013928375232015e+06
24 123 -1.510169348722919e+06
123 24 -1.510169348722919e+06
24 124  2.022655722785876e+08
124 24  2.022655722785876e+08
24 125  3.374544783265556e+08
125 24  3.374544783265556e+08
24 126  6.416825741726003e+08
126 24  6.416825741726003e+08
25 25  1.000000000000000e+36
25 26  1.572911943888192e+04
26 25  1.572911943888192e+04
25 27 -5.352438138959273e+04
27 25 -5.352438138959273e+04
25 28 -1.092363850220780e+06
