1 1  2.625881600792701e+05
1 2  2.773435223320629e+04
2 1  2.773435223320629e+04
1 3 -8.211957753304734e+04
3 1 -8.211957753304734e+04
1 4  2.688673152759331e+05
4 1  2.688673152759331e+05
1 5  4.814275241811379e+05
5 1  4.814275241811379e+05
1 6  1.682465391407996e+06
6 1  1.682465391407996e+06
1 7  1.156459526680038e+05
7 1  1.156459526680038e+05
1 8 -1.742111640318865e+03
8 1 -1.742111640318865e+03
1 9 -9.867914364773096e+04
9 1 -9.867914364773096e+04
1 10  4.304225991676642e+05
10 1  4.304225991676642e+05
1 11  7.505627570715267e+05
11 1  7.505627570715267e+05
1 12  1.815050073720225e+06
12 1  1.815050073720225e+06
1 31 -1.169978945632127e+05
31 1 -1.169978945632127e+05
1 32  1.029566537448682e+04
32 1  1.029566537448682e+04
1 33  9.778405425966735e+04
33 1  9.778405425966735e+04
1 34  8.602100485115849e+05
34 1  8.602100485115849e+05
1 35  5.258402044181336e+05
35 1  5.258402044181336e+05
1 36  1.165825715141655e+06
36 1  1.165825715141655e+06
1 37 -2.612362181840612e+05
37 1 -2.612362181840612e+05
1 38 -3.628790596737425e+04
38 1 -3.628790596737425e+04
1 39  8.301466692111096e+04
39 1  8.301466692111096e+04
1 40  1.021765332430249e+06
40 1  1.021765332430249e+06
1 41  7.949754373667137e+05
41 1  7.949754373667137e+05
1 42  1.298410397661480e+06
42 1  1.298410397661480e+06
2 2  1.062406244851682e+05
2 3 -1.324189332672451e+04
3 2 -1.324189332672451e+04
2 4 -9.524184215648960e+05
4 2 -9.524184215648960e+05
2 5 -1.628588344014594e+06
5 2 -1.628588344014594e+06
2 6 -5.694661139447774e+06
6 2 -5.694661139447774e+06
2 7 -7.082483925886558e+03
7 2 -7.082483925886558e+03
2 8  3.764007276711197e+04
8 2  3.764007276711197e+04
2 9 -5.672824036060816e+03
9 2 -5.672824036060816e+03
2 10 -1.502661722222496e+06
10 2 -1.502661722222496e+06
2 11 -2.568269340480775e+06
11 2 -2.568269340480775e+06
2 12 -6.146233080676281e+06
12 2 -6.146233080676281e+06
2 31  1.045433132933769e+04
31 2  1.045433132933769e+04
2 32 -6.695558392797825e+04
32 2 -6.695558392797825e+04
2 33  8.602683056557489e+03
33 2  8.602683056557489e+03
2 34 -2.951552095316410e+06
34 2 -2.951552095316410e+06
2 35 -1.770160343689142e+06
35 2 -1.770160343689142e+06
2 36 -3.946058356438145e+06
36 2 -3.946058356438145e+06
2 37 -3.110619963665742e+04
37 2 -3.110619963665742e+04
2 38 -7.692511332430189e+04
38 2 -7.692511332430189e+04
2 39  1.031203430622784e+04
39 2  1.031203430622784e+04
2 40 -3.501795395915820e+06
40 2 -3.501795395915820e+06
2 41 -2.709841340126601e+06
41 2 -2.709841340126601e+06
2 42 -4.397630297618896e+06
42 2 -4.397630297618896e+06
3 3  1.459092313047823e+05
3 4  2.321347665615909e+05
4 3  2.321347665615909e+05
3 5  3.990781619281477e+05
5 3  3.990781619281477e+05
3 6  1.364355798861601e+06
6 3  1.364355798861601e+06
3 7 -9.976566274860998e+04
7 3 -9.976566274860998e+04
3 8 -1.809569172874579e+03
8 3 -1.809569172874579e+03
3 9  1.551923672184894e+05
9 3  1.551923672184894e+05
3 10  3.666498043998819e+05
10 3  3.666498043998819e+05
3 11  6.219189702800164e+05
11 3  6.219189702800164e+05
3 12  1.474749181240245e+06
12 3  1.474749181240245e+06
3 31  9.894166674189744e+04
31 3  9.894166674189744e+04
3 32  8.756406101297049e+03
32 3  8.756406101297049e+03
3 33 -1.562286130721397e+05
33 3 -1.562286130721397e+05
3 34  7.119644327371405e+05
34 3  7.119644327371405e+05
3 35  4.301133094556255e+05
35 3  4.301133094556255e+05
3 36  9.452055500392399e+05
36 3  9.452055500392399e+05
3 37  8.294357353975988e+04
37 3  8.294357353975988e+04
3 38  6.295056398302043e+03
38 3  6.295056398302043e+03
3 39 -1.448729854511321e+05
39 3 -1.448729854511321e+05
3 40  8.464794707830281e+05
40 3  8.464794707830281e+05
3 41  6.529541178552504e+05
41 3  6.529541178552504e+05
3 42  1.055598932362229e+06
42 3  1.055598932362229e+06
4 4  4.135061790261673e+08
4 5  8.744275396271405e+07
5 4  8.744275396271405e+07
4 6 -1.467798408221140e+08
6 4 -1.467798408221140e+08
4 7  1.771758604225236e+06
7 4  1.771758604225236e+06
4 8 -4.999999007668475e+06
8 4 -4.999999007668475e+06
4 9  1.442334934491072e+06
9 4  1.442334934491072e+06
4 10  5.042425537527845e+08
10 4  5.042425537527845e+08
4 11  1.712270712577696e+08
11 4  1.712270712577696e+08
4 12 -7.223677292074095e+07
12 4 -7.223677292074095e+07
4 31 -1.334885498087378e+06
31 4 -1.334885498087378e+06
4 32  4.434830082858702e+06
32 4  4.434830082858702e+06
4 33 -1.020086433976219e+06
33 4 -1.020086433976219e+06
4 34  3.200565022263721e+08
34 4  3.200565022263721e+08
4 35  7.357260828544188e+07
35 4  7.357260828544188e+07
4 36 -1.319237692466233e+08
36 4 -1.319237692466233e+08
4 37 -7.057404214137910e+05
37 4 -7.057404214137910e+05
4 38  1.517587346374668e+06
38 4  1.517587346374668e+06
4 39 -6.543832670764439e+05
39 4 -6.543832670764439e+05
4 40  4.109980961648789e+08
40 4  4.109980961648789e+08
4 41  1.568886891847713e+08
41 4  1.568886891847713e+08
4 42 -5.726736651036024e+07
42 4 -5.726736651036024e+07
5 5  4.407110204006904e+07
5 6  6.852421883368374e+07
6 5  6.852421883368374e+07
5 7  5.571687803604275e+05
7 5  5.571687803604275e+05
5 8 -1.430351901631924e+06
8 5 -1.430351901631924e+06
5 9  4.540511092337197e+05
9 5  4.540511092337197e+05
5 10  1.129159241586783e+08
10 5  1.129159241586783e+08
5 11  7.245444939238615e+07
11 5  7.245444939238615e+07
5 12  8.932189266133799e+07
12 5  8.932189266133799e+07
5 31 -5.413393667303249e+05
31 5 -5.413393667303249e+05
5 32  1.814231481596593e+06
32 5  1.814231481596593e+06
5 33 -4.367398850070429e+05
33 5 -4.367398850070429e+05
5 34  1.045699924956949e+08
34 5  1.045699924956949e+08
5 35  4.212897003991169e+07
35 5  4.212897003991169e+07
5 36  4.224788621819616e+07
36 5  4.224788621819616e+07
5 37 -4.972569378112403e+05
37 5 -4.972569378112403e+05
5 38  1.244708764049925e+06
38 5  1.244708764049925e+06
5 39 -4.163893861548245e+05
39 5 -4.163893861548245e+05
5 40  1.295749262959330e+08
40 5  1.295749262959330e+08
5 41  7.216703450486590e+07
41 5  7.216703450486590e+07
5 42  6.266128829834639e+07
42 5  6.266128829834639e+07
6 6  4.752952555047435e+08
6 7  1.243330000743918e+05
7 6  1.243330000743918e+05
6 8  2.279548766486011e+05
8 6  2.279548766486011e+05
6 9  1.182576835878737e+05
9 6  1.182576835878737e+05
6 10 -1.553087140253243e+08
10 6 -1.553087140253243e+08
6 11  9.131038694000338e+07
11 6  9.131038694000338e+07
6 12  4.677565606962265e+08
12 6  4.677565606962265e+08
6 31 -5.916622548872319e+05
31 6 -5.916622548872319e+05
6 32  2.112895664905265e+06
32 6  2.112895664905265e+06
6 33 -5.445925049437231e+05
33 6 -5.445925049437231e+05
6 34  4.035642142882664e+07
34 6  4.035642142882664e+07
6 35  8.567579837417178e+07
35 6  8.567579837417178e+07
6 36  3.438017332488286e+08
36 6  3.438017332488286e+08
6 37 -1.215136136595156e+06
37 6 -1.215136136595156e+06
6 38  3.353810597893908e+06
38 6  3.353810597893908e+06
6 39 -9.380209775057521e+05
39 6 -9.380209775057521e+05
6 40  3.194088306050619e+07
40 6  3.194088306050619e+07
6 41  1.080776947329874e+08
41 6  1.080776947329874e+08
6 42  3.364231702927321e+08
42 6  3.364231702927321e+08
7 7  3.399135434256550e+05
7 8  3.946356805716163e+04
8 7  3.946356805716163e+04
7 9 -1.105970339206963e+05
9 7 -1.105970339206963e+05
7 10  2.493773947386751e+06
10 7  2.493773947386751e+06
7 11  1.987322443074813e+06
11 7  1.987322443074813e+06
7 12  3.241200108626992e+06
12 7  3.241200108626992e+06
7 13  6.192219273475205e+04
13 7  6.192219273475205e+04
7 14 -6.927745469908979e+03
14 7 -6.927745469908979e+03
7 15 -7.971911687433328e+04
15 7 -7.971911687433328e+04
7 16 -1.761751857419333e+05
16 7 -1.761751857419333e+05
7 17  1.221416341207691e+06
17 7  1.221416341207691e+06
7 18  2.379741643709636e+06
18 7  2.379741643709636e+06
7 31 -1.176552698385825e+05
31 7 -1.176552698385825e+05
7 32  4.227039486201265e+03
32 7  4.227039486201265e+03
7 33  5.447052535962611e+04
33 7  5.447052535962611e+04
7 34  1.308596058250349e+06
34 7  1.308596058250349e+06
7 35  5.173230687770565e+05
35 7  5.173230687770565e+05
7 36  4.820475191456365e+05
36 7  4.820475191456365e+05
7 37 -1.825225885492638e+05
37 7 -1.825225885492638e+05
7 38  2.898707306923690e+04
38 7  2.898707306923690e+04
7 39  1.753451970483924e+05
39 7  1.753451970483924e+05
7 40  2.766210567627044e+06
40 7  2.766210567627044e+06
7 41  2.039868905475473e+06
41 7  2.039868905475473e+06
7 42  3.079887423184682e+06
42 7  3.079887423184682e+06
7 43 -2.173038304405646e+05
43 7 -2.173038304405646e+05
7 44 -5.866745121680426e+04
44 7 -5.866745121680426e+04
7 45  6.026609113562103e+04
45 7  6.026609113562103e+04
7 46  5.594239804903891e+05
46 7  5.594239804903891e+05
7 47  1.313808515215505e+06
47 7  1.313808515215505e+06
7 48  1.860714439298875e+06
48 7  1.860714439298875e+06
8 8  1.956798663698385e+05
8 9  1.377450476909534e+04
9 8  1.377450476909534e+04
8 10 -7.555528588608954e+06
10 8 -7.555528588608954e+06
8 11 -5.133732973582318e+06
11 8 -5.133732973582318e+06
8 12 -7.083055875064490e+06
12 8 -7.083055875064490e+06
8 13 -1.567072979539706e+04
13 8 -1.567072979539706e+04
8 14  7.362122434684471e+03
14 8  7.362122434684471e+03
8 15 -1.250337493560698e+04
15 8 -1.250337493560698e+04
8 16 -2.572119519358221e+05
16 8 -2.572119519358221e+05
8 17 -3.229843577409282e+06
17 8 -3.229843577409282e+06
8 18 -5.424831368304944e+06
18 8 -5.424831368304944e+06
8 31 -7.080658363677995e+02
31 8 -7.080658363677995e+02
8 32 -7.692692247833512e+04
32 8 -7.692692247833512e+04
8 33 -3.711272702872198e+04
33 8 -3.711272702872198e+04
8 34 -3.566276776543411e+06
34 8 -3.566276776543411e+06
8 35 -1.305541509925452e+06
35 8 -1.305541509925452e+06
8 36 -8.216531822892991e+05
36 8 -8.216531822892991e+05
8 37  2.866566665663719e+04
37 8  2.866566665663719e+04
8 38 -8.436313349113682e+04
38 8 -8.436313349113682e+04
8 39  2.455249627571368e+04
39 8  2.455249627571368e+04
8 40 -7.751561391052513e+06
40 8 -7.751561391052513e+06
8 41 -5.195732789278224e+06
41 8 -5.195732789278224e+06
8 42 -6.900004646148450e+06
42 8 -6.900004646148450e+06
8 43 -5.000832744171509e+04
43 8 -5.000832744171509e+04
8 44 -7.939200560216303e+04
44 8 -7.939200560216303e+04
8 45  1.309867009239452e+04
45 8  1.309867009239452e+04
8 46 -1.886966985480660e+06
46 8 -1.886966985480660e+06
8 47 -3.416653784805049e+06
47 8 -3.416653784805049e+06
8 48 -4.192172080431485e+06
48 8 -4.192172080431485e+06
9 9  3.987633144434633e+05
9 10  2.037157999145565e+06
10 9  2.037157999145565e+06
9 11  1.629366130736198e+06
11 9  1.629366130736198e+06
9 12  2.665812283012060e+06
12 9  2.665812283012060e+06
9 13 -8.069831972204761e+04
13 9 -8.069831972204761e+04
9 14 -6.140605607809442e+03
14 9 -6.140605607809442e+03
9 15  9.388078164052479e+04
15 9  9.388078164052479e+04
9 16 -1.396838994251057e+05
16 9 -1.396838994251057e+05
9 17  1.007199649655982e+06
17 9  1.007199649655982e+06
9 18  1.944760683732170e+06
18 9  1.944760683732170e+06
9 31  5.437084890543817e+04
31 9  5.437084890543817e+04
9 32 -3.270118578126527e+04
32 9 -3.270118578126527e+04
9 33 -2.884513031653359e+05
33 9 -2.884513031653359e+05
9 34  1.068157424917199e+06
34 9  1.068157424917199e+06
9 35  4.252133412105127e+05
35 9  4.252133412105127e+05
9 36  4.073566781975619e+05
36 9  4.073566781975619e+05
9 37  1.757289294083121e+05
37 9  1.757289294083121e+05
9 38  2.401039709086698e+04
38 9  2.401039709086698e+04
9 39 -2.529111897919484e+05
39 9 -2.529111897919484e+05
9 40  2.266115097045410e+06
40 9  2.266115097045410e+06
9 41  1.671947561686772e+06
41 9  1.671947561686772e+06
9 42  2.531529006139521e+06
42 9  2.531529006139521e+06
9 43  5.987471897672462e+04
43 9  5.987471897672462e+04
9 44  6.729713565173218e+03
44 9  6.729713565173218e+03
9 45 -1.064739703451932e+05
45 9 -1.064739703451932e+05
9 46  4.634507081514051e+05
46 9  4.634507081514051e+05
9 47  1.078618848649281e+06
47 9  1.078618848649281e+06
9 48  1.521378412226191e+06
48 9  1.521378412226191e+06
10 10  1.220431815462477e+09
10 11  4.188859113738037e+08
11 10  4.188859113738037e+08
10 12 -1.804922982871135e+08
12 10 -1.804922982871135e+08
10 13  2.857076389027922e+06
13 10  2.857076389027922e+06
10 14 -4.802204962285748e+06
14 10 -4.802204962285748e+06
10 15  2.340304003734086e+06
15 10  2.340304003734086e+06
10 16  5.923551904853917e+08
16 10  5.923551904853917e+08
10 17  3.231825256037086e+08
17 10  3.231825256037086e+08
10 18 -1.261116326156993e+08
18 10 -1.261116326156993e+08
10 31 -1.490499855375310e+06
31 10 -1.490499855375310e+06
10 32  4.984814200287737e+06
32 10  4.984814200287737e+06
10 33 -1.163841960015764e+06
33 10 -1.163841960015764e+06
10 34  3.298221665632672e+08
34 10  3.298221665632672e+08
10 35  9.607833473955555e+07
35 10  9.607833473955555e+07
10 36 -4.042846510160432e+07
36 10 -4.042846510160432e+07
10 37 -3.589008150153275e+06
37 10 -3.589008150153275e+06
10 38  8.253727275547991e+06
38 10  8.253727275547991e+06
10 39 -2.841480455475145e+06
39 10 -2.841480455475145e+06
10 40  9.618774502201064e+08
40 10  9.618774502201064e+08
10 41  3.812264890031575e+08
41 10  3.812264890031575e+08
10 42 -8.367774601764946e+07
42 10 -8.367774601764946e+07
10 43 -7.017649300537529e+05
43 10 -7.017649300537529e+05
10 44  6.218537972814732e+05
44 10  6.218537972814732e+05
10 45 -7.387893917886238e+05
45 10 -7.387893917886238e+05
10 46  5.088806688730041e+08
46 10  5.088806688730041e+08
10 47  3.009417487993460e+08
47 10  3.009417487993460e+08
10 48 -1.437165371357161e+08
48 10 -1.437165371357161e+08
11 11  2.594475808940085e+08
11 12  2.868079381972616e+08
12 11  2.868079381972616e+08
11 13  1.092583105147311e+06
13 11  1.092583105147311e+06
11 14 -1.625311814816481e+06
14 11 -1.625311814816481e+06
11 15  8.935301267183515e+05
15 11  8.935301267183515e+05
11 16  1.667162893263746e+08
16 11  1.667162893263746e+08
11 17  1.836787353379034e+08
17 11  1.836787353379034e+08
11 18  1.290138680615273e+08
18 11  1.290138680615273e+08
11 31 -8.080786845153614e+05
31 11 -8.080786845153614e+05
11 32  2.753769356053001e+06
32 11  2.753769356053001e+06
11 33 -6.636051693450144e+05
33 11 -6.636051693450144e+05
11 34  1.431972394919958e+08
34 11  1.431972394919958e+08
11 35  7.084541181159435e+07
35 11  7.084541181159435e+07
11 36  1.198948423912776e+08
36 11  1.198948423912776e+08
11 37 -2.080775043904421e+06
37 11 -2.080775043904421e+06
11 38  5.230280129401248e+06
38 11  5.230280129401248e+06
11 39 -1.687768671005842e+06
39 11 -1.687768671005842e+06
11 40  4.185884531239983e+08
40 11  4.185884531239983e+08
11 41  2.533040609701867e+08
41 11  2.533040609701867e+08
11 42  2.745057218669231e+08
42 11  2.745057218669231e+08
11 43 -9.416145768738687e+05
43 11 -9.416145768738687e+05
11 44  1.343264643425326e+06
44 11  1.343264643425326e+06
11 45 -7.934413873837094e+05
45 11 -7.934413873837094e+05
11 46  1.930297189895038e+08
46 11  1.930297189895038e+08
11 47  1.830801272479210e+08
47 11  1.830801272479210e+08
11 48  8.696269934715276e+07
48 11  8.696269934715276e+07
12 12  1.137263856603096e+09
12 13 -1.386804619784719e+05
13 12 -1.386804619784719e+05
12 14  9.025412456361842e+05
14 12  9.025412456361842e+05
12 15 -1.051907001651797e+05
15 12 -1.051907001651797e+05
12 16 -2.202396110546043e+08
16 12 -2.202396110546043e+08
12 17  1.785415509420815e+08
17 12  1.785415509420815e+08
12 18  5.767962160684066e+08
18 12  5.767962160684066e+08
12 31 -7.193713446879399e+05
31 12 -7.193713446879399e+05
12 32  2.564254899945934e+06
32 12  2.564254899945934e+06
12 33 -6.625693601383003e+05
33 12 -6.625693601383003e+05
12 34  4.882941761911857e+07
34 12  4.882941761911857e+07
12 35  1.042533334757101e+08
35 12  1.042533334757101e+08
12 36  4.187756665274224e+08
36 12  4.187756665274224e+08
12 37 -2.061547472999128e+06
37 12 -2.061547472999128e+06
12 38  6.229608237480907e+06
38 12  6.229608237480907e+06
12 39 -1.760881362663599e+06
39 12 -1.760881362663599e+06
12 40  1.318152756007902e+08
40 12  1.318152756007902e+08
12 41  3.296370819292768e+08
41 12  3.296370819292768e+08
12 42  9.751341152788234e+08
42 12  9.751341152788234e+08
12 43 -2.136650902681677e+06
43 12 -2.136650902681677e+06
12 44  3.532884572677746e+06
44 12  3.532884572677746e+06
12 45 -1.611920041285226e+06
45 12 -1.611920041285226e+06
12 46 -2.853743557232080e+07
46 12 -2.853743557232080e+07
12 47  2.052747569269626e+08
47 12  2.052747569269626e+08
12 48  4.641235106895604e+08
48 12  4.641235106895604e+08
13 13  2.761306076893212e+05
13 14  5.625122643335309e+04
14 13  5.625122643335309e+04
13 15 -7.940823287721053e+04
15 13 -7.940823287721053e+04
13 16  3.038846790112557e+06
16 13  3.038846790112557e+06
13 17  4.257118720715538e+06
17 13  4.257118720715538e+06
13 18  4.060726007162956e+06
18 13  4.060726007162956e+06
13 19  3.745316942279376e+04
19 13  3.745316942279376e+04
13 20 -1.595304110115446e+04
20 13 -1.595304110115446e+04
13 21 -6.670502493946791e+04
21 13 -6.670502493946791e+04
13 22 -7.501464007098569e+05
22 13 -7.501464007098569e+05
13 23  1.892963853755094e+06
23 13  1.892963853755094e+06
13 24  3.434601862285448e+06
24 13  3.434601862285448e+06
13 37 -8.812028945857992e+04
37 13 -8.812028945857992e+04
13 38  3.526834219203142e+03
38 13  3.526834219203142e+03
13 39  3.457662857817708e+04
39 13  3.457662857817708e+04
13 40  2.160615783372758e+06
40 13  2.160615783372758e+06
13 41  1.002103792383918e+06
41 13  1.002103792383918e+06
13 42  3.307201407603563e+05
42 13  3.307201407603563e+05
13 43 -1.119225767627821e+05
43 13 -1.119225767627821e+05
13 44  4.574908254184990e+04
44 13  4.574908254184990e+04
13 45  1.358920043178407e+05
45 13  1.358920043178407e+05
13 46  3.313682559342882e+06
46 13  3.313682559342882e+06
13 47  4.310688748328768e+06
47 13  4.310688748328768e+06
13 48  3.877273525417165e+06
48 13  3.877273525417165e+06
13 49 -1.754631036255050e+05
49 13 -1.754631036255050e+05
13 50 -7.390337229785463e+04
50 13 -7.390337229785463e+04
13 51  5.634294464270833e+04
51 13  5.634294464270833e+04
13 52  2.211499741229354e+05
52 13  2.211499741229354e+05
13 53  2.037013194250541e+06
53 13  2.037013194250541e+06
13 54  2.781748778011188e+06
54 13  2.781748778011188e+06
14 14  2.086649525482878e+05
14 15  2.372923727193352e+04
15 14  2.372923727193352e+04
14 16 -5.834889759142933e+06
16 14 -5.834889759142933e+06
14 17 -6.373770971005572e+06
17 14 -6.373770971005572e+06
14 18 -4.554928375776567e+06
18 14 -4.554928375776567e+06
14 19 -2.032167686139581e+04
19 14 -2.032167686139581e+04
14 20 -2.024862752932114e+04
20 14 -2.024862752932114e+04
14 21 -1.598380570228086e+04
21 14 -1.598380570228086e+04
14 22  3.548023177665053e+05
22 14  3.548023177665053e+05
14 23 -2.915196647860681e+06
23 14 -2.915196647860681e+06
14 24 -4.318787993792095e+06
24 14 -4.318787993792095e+06
14 37 -4.454617571097031e+03
37 14 -4.454617571097031e+03
14 38 -7.939397385547846e+04
38 14 -7.939397385547846e+04
14 39 -5.943608192466119e+04
39 14 -5.943608192466119e+04
14 40 -3.528639890130547e+06
40 14 -3.528639890130547e+06
14 41 -1.451763657063613e+06
41 14 -1.451763657063613e+06
14 42  1.173100515426984e+05
42 14  1.173100515426984e+05
14 43  4.502998565778239e+04
43 14  4.502998565778239e+04
14 44 -8.963804042774849e+03
44 14 -8.963804042774849e+03
14 45  3.878336471821835e+04
45 14  3.878336471821835e+04
14 46 -5.764931718281983e+06
46 14 -5.764931718281983e+06
14 47 -6.362544976807591e+06
47 14 -6.362544976807591e+06
14 48 -4.453746584102860e+06
48 14 -4.453746584102860e+06
14 49 -6.957717218873368e+04
49 14 -6.957717218873368e+04
14 50 -1.074206695553977e+05
50 14 -1.074206695553977e+05
14 51  1.904789124459962e+04
51 14  1.904789124459962e+04
14 52 -8.488047134089212e+05
52 14 -8.488047134089212e+05
14 53 -3.077518811226490e+06
53 14 -3.077518811226490e+06
14 54 -3.432375007927384e+06
54 14 -3.432375007927384e+06
15 15  3.387803439498781e+05
15 16  2.468004726900074e+06
16 15  2.468004726900074e+06
15 17  3.492314660467511e+06
17 15  3.492314660467511e+06
15 18  3.361669232033866e+06
18 15  3.361669232033866e+06
15 19 -6.745875500841394e+04
19 15 -6.745875500841394e+04
15 20 -1.355467871732559e+04
20 15 -1.355467871732559e+04
15 21  6.392863429036160e+04
21 15  6.392863429036160e+04
15 22 -6.390286435073769e+05
22 15 -6.390286435073769e+05
15 23  1.553557828986066e+06
23 15  1.553557828986066e+06
15 24  2.837621196096548e+06
24 15  2.837621196096548e+06
15 37  3.417301023598974e+04
37 15  3.417301023598974e+04
15 38 -5.203765721963625e+04
38 15 -5.203765721963625e+04
15 39 -2.356564446126130e+05
39 15 -2.356564446126130e+05
15 40  1.769743959285799e+06
40 15  1.769743959285799e+06
15 41  8.227686421366537e+05
41 15  8.227686421366537e+05
15 42  2.778369978180251e+05
42 15  2.778369978180251e+05
15 43  1.372107027563611e+05
43 15  1.372107027563611e+05
15 44  3.767154983527079e+04
44 15  3.767154983527079e+04
15 45 -1.677105972503061e+05
45 15 -1.677105972503061e+05
15 46  2.703751124402341e+06
46 15  2.703751124402341e+06
15 47  3.538185146874907e+06
47 15  3.538185146874907e+06
15 48  3.208913709122807e+06
48 15  3.208913709122807e+06
15 49  5.520239176760690e+04
49 15  5.520239176760690e+04
15 50  1.669492376536453e+04
50 15  1.669492376536453e+04
15 51 -9.322271801784549e+04
51 15 -9.322271801784549e+04
15 52  1.672777986535379e+05
52 15  1.672777986535379e+05
15 53  1.670189800072678e+06
53 15  1.670189800072678e+06
15 54  2.301837975065902e+06
54 15  2.301837975065902e+06
16 16  1.283075631252524e+09
16 17  6.545282529064525e+08
17 16  6.545282529064525e+08
16 18 -3.679099802438099e+08
18 16 -3.679099802438099e+08
16 19  3.573745875101368e+06
19 16  3.573745875101368e+06
16 20 -3.946712524638349e+06
20 16 -3.946712524638349e+06
16 21  2.953481910950585e+06
21 16  2.953481910950585e+06
16 22  6.070412826645457e+08
22 16  6.070412826645457e+08
16 23  3.859950118341641e+08
23 16  3.859950118341641e+08
16 24 -2.154377765149054e+08
24 16 -2.154377765149054e+08
16 37 -1.967399242863601e+06
37 16 -1.967399242863601e+06
16 38  4.437057770957558e+06
38 16  4.437057770957558e+06
16 39 -1.479000945805601e+06
39 16 -1.479000945805601e+06
16 40  4.179139371042300e+08
40 16  4.179139371042300e+08
16 41  1.409426278255101e+08
41 16  1.409426278255101e+08
16 42 -1.239833945082016e+08
42 16 -1.239833945082016e+08
16 43 -4.469678196671580e+06
43 16 -4.469678196671580e+06
16 44  5.462643320657137e+06
44 16  5.462643320657137e+06
16 45 -3.528470996314642e+06
45 16 -3.528470996314642e+06
16 46  1.027361699470524e+09
46 16  1.027361699470524e+09
16 47  6.051331939291744e+08
47 16  6.051331939291744e+08
16 48 -2.949257693848651e+08
48 16 -2.949257693848651e+08
16 49  6.599600631895009e+02
49 16  6.599600631895009e+02
16 50  1.391131441024102e+05
50 16  1.391131441024102e+05
16 51 -2.743307963053091e+05
51 16 -2.743307963053091e+05
16 52  5.270536671153336e+08
52 16  5.270536671153336e+08
16 53  3.606410679764147e+08
53 16  3.606410679764147e+08
16 54 -2.377276906618684e+08
54 16 -2.377276906618684e+08
17 17  6.995303718445467e+08
17 18  4.596084615485009e+08
18 17  4.596084615485009e+08
17 19  1.847163574202722e+06
19 17  1.847163574202722e+06
17 20 -2.037090844417940e+06
20 17 -2.037090844417940e+06
17 21  1.513206086756442e+06
21 17  1.513206086756442e+06
17 22  2.421207850519624e+08
22 17  2.421207850519624e+08
17 23  3.739644850199421e+08
23 17  3.739644850199421e+08
17 24  2.077752497853344e+08
24 17  2.077752497853344e+08
17 37 -1.363182991976765e+06
37 17 -1.363182991976765e+06
17 38  3.511467101038200e+06
38 17  3.511467101038200e+06
17 39 -1.120904701169497e+06
39 17 -1.120904701169497e+06
17 40  2.734263136130558e+08
40 17  2.734263136130558e+08
17 41  1.802538890121318e+08
41 17  1.802538890121318e+08
17 42  2.320392016320487e+08
42 17  2.320392016320487e+08
17 43 -4.371342772563280e+06
43 17 -4.371342772563280e+06
17 44  6.351767025256606e+06
44 17  6.351767025256606e+06
17 45 -3.543685780467718e+06
45 17 -3.543685780467718e+06
17 46  6.554876646742933e+08
46 17  6.554876646742933e+08
17 47  6.930831921211219e+08
47 17  6.930831921211219e+08
17 48  4.422746539931800e+08
48 17  4.422746539931800e+08
17 49 -1.591172871585906e+06
49 17 -1.591172871585906e+06
17 50  1.777471266537986e+06
50 17  1.777471266537986e+06
17 51 -1.348129915242720e+06
51 17 -1.348129915242720e+06
17 52  2.911038624291202e+08
52 17  2.911038624291202e+08
17 53  3.737729626171393e+08
53 17  3.737729626171393e+08
17 54  1.355219276387394e+08
54 17  1.355219276387394e+08
18 18  1.278676117632924e+09
18 19 -1.057002204209731e+06
19 18 -1.057002204209731e+06
18 20  1.167525094172197e+06
20 18  1.167525094172197e+06
18 21 -8.886856814600694e+05
21 18 -8.886856814600694e+05
18 22 -3.094770476373711e+08
22 18 -3.094770476373711e+08
18 23  2.043437795478579e+08
23 18  2.043437795478579e+08
18 24  6.453249996697844e+08
24 18  6.453249996697844e+08
18 37 -9.477794853980350e+04
37 18 -9.477794853980350e+04
18 38  9.889908233219453e+05
38 18  9.889908233219453e+05
18 39 -2.417411865441869e+05
39 18 -2.417411865441869e+05
18 40 -8.671691694478609e+06
40 18 -8.671691694478609e+06
18 41  1.531747003794378e+08
41 18  1.531747003794378e+08
18 42  5.578887925033757e+08
42 18  5.578887925033757e+08
18 43 -2.386383981496375e+06
43 18 -2.386383981496375e+06
18 44  4.754128429016973e+06
44 18  4.754128429016973e+06
18 45 -2.057053267653940e+06
45 18 -2.057053267653940e+06
18 46 -6.308247257987267e+07
46 18 -6.308247257987267e+07
18 47  5.164489075456944e+08
47 18  5.164489075456944e+08
18 48  1.154893970434976e+09
48 18  1.154893970434976e+09
18 49 -2.902303516626683e+06
49 18 -2.902303516626683e+06
18 50  3.069115397570395e+06
50 18  3.069115397570395e+06
18 51 -2.118949780107840e+06
51 18 -2.118949780107840e+06
18 52 -1.211073893541597e+08
52 18 -1.211073893541597e+08
18 53  2.356015293258341e+08
53 18  2.356015293258341e+08
18 54  5.413446383461385e+08
54 18  5.413446383461385e+08
19 19  2.183054303750320e+05
19 20  5.210188351995992e+04
20 19  5.210188351995992e+04
19 21 -7.805953532305706e+04
21 19 -7.805953532305706e+04
19 22  2.206070400276351e+06
22 19  2.206070400276351e+06
19 23  7.495596936167223e+06
23 19  7.495596936167223e+06
19 24  3.425982265275810e+06
24 19  3.425982265275810e+06
19 25  3.633376057959270e+04
25 19  3.633376057959270e+04
19 26 -1.072150276806807e+04
26 19 -1.072150276806807e+04
19 27 -5.164640911685366e+04
27 19 -5.164640911685366e+04
19 28 -2.026560680917301e+06
28 19 -2.026560680917301e+06
19 29  3.400377292426360e+06
29 19  3.400377292426360e+06
19 30  3.942252226257676e+06
30 19  3.942252226257676e+06
19 43 -7.600590861953682e+04
43 19 -7.600590861953682e+04
19 44  5.686553474756158e+03
44 19  5.686553474756158e+03
19 45  3.657223014121330e+04
45 19  3.657223014121330e+04
19 46  2.659418027535419e+06
46 19  2.659418027535419e+06
19 47  1.705454372528822e+06
47 19  1.705454372528822e+06
19 48 -4.778900861257901e+05
48 19 -4.778900861257901e+05
19 49 -9.243975899225146e+04
49 19 -9.243975899225146e+04
19 50  4.022502734490492e+04
50 19  4.022502734490492e+04
19 51  1.009817082754738e+05
51 19  1.009817082754738e+05
19 52  2.445471906078802e+06
52 19  2.445471906078802e+06
19 53  7.462799424487907e+06
53 19  7.462799424487907e+06
19 54  3.092153748748438e+06
54 19  3.092153748748438e+06
19 55 -1.236466927656302e+05
55 19 -1.236466927656302e+05
19 56 -6.697028471015711e+04
56 19 -6.697028471015711e+04
19 57  5.961076103163753e+04
57 19  5.961076103163753e+04
19 58 -8.728313272747791e+05
58 19 -8.728313272747791e+05
19 59  3.509288982358750e+06
59 19  3.509288982358750e+06
19 60  3.029311591386271e+06
60 19  3.029311591386271e+06
20 20  2.565304028349017e+05
20 21  2.212766194265166e+04
21 20  2.212766194265166e+04
20 22 -3.811929502753595e+06
22 20 -3.811929502753595e+06
20 23 -4.993025720383152e+06
23 20 -4.993025720383152e+06
20 24 -7.007015200711758e+05
24 20 -7.007015200711758e+05
20 25 -1.143614746219301e+04
25 20 -1.143614746219301e+04
20 26 -5.466563825723730e+04
26 20 -5.466563825723730e+04
20 27 -8.656459273018432e+03
27 20 -8.656459273018432e+03
20 28  7.147176224357432e+05
28 20  7.147176224357432e+05
20 29 -1.206579645240389e+06
29 20 -1.206579645240389e+06
20 30 -1.392287247546454e+06
30 20 -1.392287247546454e+06
20 43  2.443868724843168e+03
43 20  2.443868724843168e+03
20 44 -1.074219986675199e+05
44 20 -1.074219986675199e+05
20 45 -7.646911755606464e+04
45 20 -7.646911755606464e+04
20 46 -2.935886487272769e+06
46 20 -2.935886487272769e+06
20 47 -1.881932721208344e+06
47 20 -1.881932721208344e+06
20 48  5.292499088062700e+05
48 20  5.292499088062700e+05
20 49  3.951603023414205e+04
49 20  3.951603023414205e+04
20 50  6.741631705277694e+04
50 20  6.741631705277694e+04
20 51  3.417179630821783e+04
51 20  3.417179630821783e+04
20 52 -3.209534508228480e+06
52 20 -3.209534508228480e+06
20 53 -4.876118809633425e+06
53 20 -4.876118809633425e+06
20 54 -1.016279717751773e+06
54 20 -1.016279717751773e+06
20 55 -6.667259391559767e+04
55 20 -6.667259391559767e+04
20 56 -1.416104554336004e+05
56 20 -1.416104554336004e+05
20 57  4.238079729553921e+04
57 20  4.238079729553921e+04
20 58  3.062865795330824e+05
58 20  3.062865795330824e+05
20 59 -1.244830858351969e+06
59 20 -1.244830858351969e+06
20 60 -1.069590259912168e+06
60 20 -1.069590259912168e+06
21 21  3.109264238878820e+05
21 22  1.830538459297608e+06
22 21  1.830538459297608e+06
21 23  6.152758764693469e+06
23 21  6.152758764693469e+06
21 24  2.789976276264544e+06
24 21  2.789976276264544e+06
21 25 -5.195382717585765e+04
25 21 -5.195382717585765e+04
21 26 -9.527840582829687e+03
26 21 -9.527840582829687e+03
21 27  5.694114147955316e+04
27 21  5.694114147955316e+04
21 28 -1.666382944522925e+06
28 21 -1.666382944522925e+06
21 29  2.791755333688370e+06
29 21  2.791755333688370e+06
21 30  3.232673406199141e+06
30 21  3.232673406199141e+06
21 43  3.540856520636263e+04
43 21  3.540856520636263e+04
21 44 -7.253251112635783e+04
44 21 -7.253251112635783e+04
21 45 -1.926781989680716e+05
45 21 -1.926781989680716e+05
21 46  2.194329029872759e+06
46 21  2.194329029872759e+06
21 47  1.398054612390613e+06
47 21  1.398054612390613e+06
21 48 -4.130913797555582e+05
48 21 -4.130913797555582e+05
21 49  1.036571069797686e+05
49 21  1.036571069797686e+05
21 50  3.308947140481300e+04
50 21  3.308947140481300e+04
21 51 -1.361900224725757e+05
51 21 -1.361900224725757e+05
21 52  2.021454208387768e+06
52 21  2.021454208387768e+06
21 53  6.125849832579127e+06
53 21  6.125849832579127e+06
21 54  2.518988608314119e+06
54 21  2.518988608314119e+06
21 55  5.765271525225140e+04
55 21  5.765271525225140e+04
21 56  4.282702406400375e+04
56 21  4.282702406400375e+04
21 57 -1.029279782171496e+05
57 21 -1.029279782171496e+05
21 58 -7.163143146150314e+05
58 21 -7.163143146150314e+05
21 59  2.879997875888817e+06
59 21  2.879997875888817e+06
21 60  2.486091436921795e+06
60 21  2.486091436921795e+06
22 22  1.100920974931958e+09
22 23  5.780407979473077e+08
23 22  5.780407979473077e+08
22 24 -6.848565478461803e+08
24 22 -6.848565478461803e+08
22 25  3.437872112945580e+06
25 22  3.437872112945580e+06
22 26 -1.215328995529919e+06
26 22 -1.215328995529919e+06
22 27  2.824431158500288e+06
27 22  2.824431158500288e+06
22 28  4.289142392610729e+08
28 22  4.289142392610729e+08
22 29  2.200102208909465e+08
29 22  2.200102208909465e+08
22 30 -4.276061807145073e+08
30 22 -4.276061807145073e+08
22 43 -2.805567783389958e+06
43 22 -2.805567783389958e+06
22 44  3.452161575286916e+06
44 22  3.452161575286916e+06
22 45 -2.066042566184354e+06
45 22 -2.066042566184354e+06
22 46  4.376529777023312e+08
46 22  4.376529777023312e+08
22 47  2.132300223211364e+08
47 22  2.132300223211364e+08
22 48 -2.170173339547177e+08
48 22 -2.170173339547177e+08
22 49 -3.443368219287895e+06
49 22 -3.443368219287895e+06
22 50  1.642977565534342e+06
50 22  1.642977565534342e+06
22 51 -2.708265243493502e+06
51 22 -2.708265243493502e+06
22 52  8.357247518879359e+08
52 22  8.357247518879359e+08
22 53  5.354650237161099e+08
53 22  5.354650237161099e+08
22 54 -5.677867221665560e+08
54 22 -5.677867221665560e+08
22 55  1.355139890165778e+06
55 22  1.355139890165778e+06
22 56 -4.226829603042487e+05
56 22 -4.226829603042487e+05
22 57  7.583668353873367e+05
57 22  7.583668353873367e+05
22 58  3.353128784005548e+08
58 22  3.353128784005548e+08
22 59  2.049262876100108e+08
59 22  2.049262876100108e+08
22 60 -4.012546141007013e+08
60 22 -4.012546141007013e+08
23 23  1.408870427496764e+09
23 24  4.252616626459824e+08
24 23  4.252616626459824e+08
23 25  3.382297434705474e+06
25 23  3.382297434705474e+06
23 26 -1.199475169426404e+06
26 23 -1.199475169426404e+06
23 27  2.774706666082712e+06
27 23  2.774706666082712e+06
23 28  1.299988927491048e+08
28 23  1.299988927491048e+08
23 29  7.599273635104375e+08
29 23  7.599273635104375e+08
23 30  1.699363831974600e+08
30 23  1.699363831974600e+08
23 43 -2.125273076519557e+06
43 23 -2.125273076519557e+06
23 44  3.173994958906415e+06
44 23  3.173994958906415e+06
23 45 -1.751552248402144e+06
45 23 -1.751552248402144e+06
23 46  3.196225102592369e+08
46 23  3.196225102592369e+08
23 47  3.694947127583987e+08
47 23  3.694947127583987e+08
23 48  2.805546758495778e+08
48 23  2.805546758495778e+08
23 49 -7.473631581139776e+06
49 23 -7.473631581139776e+06
23 50  4.798733827444273e+06
50 23  4.798733827444273e+06
23 51 -6.063707588263166e+06
51 23 -6.063707588263166e+06
23 52  5.960150925661042e+08
52 23  5.960150925661042e+08
23 53  1.403601410422105e+09
53 23  1.403601410422105e+09
23 54  3.873871148500543e+08
54 23  3.873871148500543e+08
23 55 -3.171953566968455e+06
55 23 -3.171953566968455e+06
23 56  1.134968751319549e+06
56 23  1.134968751319549e+06
23 57 -2.665763423096935e+06
57 23 -2.665763423096935e+06
23 58  2.129467671622646e+08
58 23  2.129467671622646e+08
23 59  7.604203558169063e+08
59 23  7.604203558169063e+08
23 60  5.470287410582750e+07
60 23  5.470287410582750e+07
24 24  1.238573934315055e+09
24 25 -2.731178433288030e+06
25 24 -2.731178433288030e+06
24 26  9.627096153691862e+05
26 24  9.627096153691862e+05
24 27 -2.238922984803780e+06
27 24 -2.238922984803780e+06
24 28 -4.664985458783865e+08
28 24 -4.664985458783865e+08
24 29  6.024986182515009e+07
29 24  6.024986182515009e+07
24 30  5.945012945902590e+08
30 24  5.945012945902590e+08
24 43  5.400436963530313e+05
43 24  5.400436963530313e+05
24 44  8.162597107085120e+04
44 24  8.162597107085120e+04
24 45  1.487421984249725e+05
45 24  1.487421984249725e+05
24 46 -1.001353637866837e+08
46 24 -1.001353637866837e+08
24 47  2.365905751900118e+08
47 24  2.365905751900118e+08
24 48  6.357650372801392e+08
48 24  6.357650372801392e+08
24 49 -1.647548044492118e+06
49 24 -1.647548044492118e+06
24 50  2.969677795904653e+06
50 24  2.969677795904653e+06
24 51 -1.461450596770501e+06
51 24 -1.461450596770501e+06
24 52 -4.213939321432349e+08
52 24 -4.213939321432349e+08
24 53  4.738206607408748e+08
53 24  4.738206607408748e+08
24 54  1.145598766823242e+09
54 24  1.145598766823242e+09
24 55 -3.021901346134140e+06
55 24 -3.021901346134140e+06
24 56  1.005476131518581e+06
56 24  1.005476131518581e+06
24 57 -2.075966089211784e+06
57 24 -2.075966089211784e+06
24 58 -3.165968882868279e+08
58 24 -3.165968882868279e+08
24 59  7.884546952138054e+07
59 24  7.884546952138054e+07
24 60  5.125998516195550e+08
60 24  5.125998516195550e+08
25 25  9.341560577562657e+04
25 26 -3.277940918756446e+04
26 25 -3.277940918756446e+04
25 27 -4.138884280438571e+04
27 25 -4.138884280438571e+04
25 28  3.727507549250237e+06
28 25  3.727507549250237e+06
25 29  4.752343832902226e+06
29 25  4.752343832902226e+06
25 30 -2.493480415394384e+06
30 25 -2.493480415394384e+06
25 49 -8.321219101237232e+04
49 25 -8.321219101237232e+04
25 50  2.893883574850041e+04
50 25  2.893883574850041e+04
25 51  5.158247117256603e+04
51 25  5.158247117256603e+04
25 52  2.332881062898995e+06
52 25  2.332881062898995e+06
25 53  3.274439170015868e+06
53 25  3.274439170015868e+06
25 54 -1.883684756679488e+06
54 25 -1.883684756679488e+06
25 55 -4.653717534284694e+04
55 25 -4.653717534284694e+04
25 56  1.527672090125705e+04
56 25  1.527672090125705e+04
25 57  4.176019880767731e+04
57 25  4.176019880767731e+04
25 58  2.622516498903565e+06
58 25  2.622516498903565e+06
25 59  4.644485568375732e+06
59 25  4.644485568375732e+06
25 60 -1.645986738350050e+06
60 25 -1.645986738350050e+06
26 26  1.431735053545674e+05
26 27  7.088675954837946e+04
27 26  7.088675954837946e+04
26 28 -1.320697562842834e+06
28 26 -1.320697562842834e+06
26 29 -1.683265684378434e+06
29 26 -1.683265684378434e+06
26 30  8.762357392499431e+05
30 26  8.762357392499431e+05
26 49  2.924131124003471e+04
49 26  2.924131124003471e+04
26 50 -1.416105740743290e+05
50 26 -1.416105740743290e+05
26 51 -7.449069318935694e+04
51 26 -7.449069318935694e+04
26 52 -8.242120789740016e+05
52 26 -8.242120789740016e+05
26 53 -1.161586127457324e+06
53 26 -1.161586127457324e+06
26 54  6.631928079063357e+05
54 26  6.631928079063357e+05
26 55  1.425960071559781e+04
55 26  1.425960071559781e+04
26 56  5.310270697699885e+04
56 26  5.310270697699885e+04
26 57  1.313177422380715e+04
57 26  1.313177422380715e+04
26 58 -9.295806461238058e+05
58 26 -9.295806461238058e+05
26 59 -1.645376641635810e+06
59 26 -1.645376641635810e+06
26 60  5.767189319209537e+05
60 26  5.767189319209537e+05
27 27  1.519286013117376e+05
27 28  3.062221390015153e+06
28 27  3.062221390015153e+06
27 29  3.899042089705432e+06
29 27  3.899042089705432e+06
27 30 -2.043773289724130e+06
30 27 -2.043773289724130e+06
27 49  4.959691085955434e+04
49 27  4.959691085955434e+04
27 50 -7.403863682340935e+04
50 27 -7.403863682340935e+04
27 51 -1.433610512112920e+05
51 27 -1.433610512112920e+05
27 52  1.914545944946497e+06
52 27  1.914545944946497e+06
27 53  2.687263319408549e+06
53 27  2.687263319408549e+06
27 54 -1.545899765796279e+06
54 27 -1.545899765796279e+06
27 55  4.343834106168501e+04
55 27  4.343834106168501e+04
27 56  1.180833654804831e+04
56 27  1.180833654804831e+04
27 57 -6.550869157999877e+04
57 27 -6.550869157999877e+04
27 58  2.152336176897154e+06
58 27  2.152336176897154e+06
27 59  3.811598743165130e+06
59 27  3.811598743165130e+06
27 60 -1.350750071190085e+06
60 27 -1.350750071190085e+06
28 28  4.573318789547274e+08
28 29  2.559018235188544e+08
29 28  2.559018235188544e+08
28 30 -4.437646810990439e+08
30 28 -4.437646810990439e+08
28 49 -2.757070806211832e+06
49 28 -2.757070806211832e+06
28 50  9.230982566113048e+05
50 28  9.230982566113048e+05
28 51 -1.929141441298432e+06
51 28 -1.929141441298432e+06
28 52  2.992529706068680e+08
52 28  2.992529706068680e+08
28 53  1.138776182658004e+08
53 28  1.138776182658004e+08
28 54 -3.920073695666013e+08
54 28 -3.920073695666013e+08
28 55  1.056123937878894e+06
55 28  1.056123937878894e+06
28 56 -3.171183162042143e+05
56 28 -3.171183162042143e+05
28 57  5.333029958062036e+05
57 28  5.333029958062036e+05
28 58  3.263001773699571e+08
58 28  3.263001773699571e+08
28 59  2.402494235583778e+08
59 28  2.402494235583778e+08
28 60 -3.703639481757943e+08
60 28 -3.703639481757943e+08
29 29  9.310689815899638e+08
29 30  8.941423982109118e+07
30 29  8.941423982109118e+07
29 49 -3.566909245568822e+06
49 29 -3.566909245568822e+06
29 50  1.270160656956952e+06
50 29  1.270160656956952e+06
29 51 -2.960201116247200e+06
51 29 -2.960201116247200e+06
29 52  1.330521277683490e+08
52 29  1.330521277683490e+08
29 53  7.568723469544858e+08
53 29  7.568723469544858e+08
29 54  1.724515842078647e+08
54 29  1.724515842078647e+08
29 55 -4.585811879759765e+06
55 29 -4.585811879759765e+06
29 56  1.619684672661872e+06
56 29  1.619684672661872e+06
29 57 -3.730596307146603e+06
57 29 -3.730596307146603e+06
29 58  1.694126049190847e+08
58 29  1.694126049190847e+08
29 59  9.278067846288271e+08
59 29  9.278067846288271e+08
29 60  2.020007576496761e+08
60 29  2.020007576496761e+08
30 30  5.818315336401888e+08
30 49  1.818525943526108e+06
49 30  1.818525943526108e+06
30 50 -5.760594153839815e+05
50 30 -5.760594153839815e+05
30 51  1.071771388176014e+06
51 30  1.071771388176014e+06
30 52 -3.071753249142786e+08
52 30 -3.071753249142786e+08
30 53  1.882630221391297e+08
53 30  1.882630221391297e+08
30 54  5.522077802104925e+08
54 30  5.522077802104925e+08
30 55 -3.267297754389399e+06
55 30 -3.267297754389399e+06
30 56  1.092110923680493e+06
56 30  1.092110923680493e+06
