1 1  1.000000000000000e+36
1 2  7.135908052550384e+04
2 1  7.135908052550384e+04
1 3 -4.075659477879905e+03
3 1 -4.075659477879905e+03
1 4  1.492519203374494e+05
4 1  1.492519203374494e+05
1 5 -1.613447455401470e+05
5 1 -1.613447455401470e+05
1 6 -1.360387271392592e+04
6 1 -1.360387271392592e+04
1 7  8.708147312659893e+04
7 1  8.708147312659893e+04
1 8  5.471508702460402e+03
8 1  5.471508702460402e+03
1 9 -4.471436175639235e+03
9 1 -4.471436175639235e+03
1 10  1.492519203374494e+05
10 1  1.492519203374494e+05
1 11 -1.190314466676654e+05
11 1 -1.190314466676654e+05
1 12 -1.360387271392592e+04
12 1 -1.360387271392592e+04
1 31 -8.730426327609181e+04
31 1 -8.730426327609181e+04
1 32 -5.471508702460402e+03
32 1 -5.471508702460402e+03
1 33  3.446404154057251e+03
33 1  3.446404154057251e+03
1 34  1.022589084884031e+05
34 1  1.022589084884031e+05
1 35 -1.613447455401470e+05
35 1 -1.613447455401470e+05
1 36 -1.007161532951256e+04
36 1 -1.007161532951256e+04
1 37 -1.564484213276008e+05
37 1 -1.564484213276008e+05
1 38 -7.135908052550384e+04
38 1 -7.135908052550384e+04
1 39  5.100691499461891e+03
39 1  5.100691499461891e+03
1 40  1.022589084884031e+05
40 1  1.022589084884031e+05
1 41 -1.190314466676654e+05
41 1 -1.190314466676654e+05
1 42 -1.007161532951256e+04
42 1 -1.007161532951256e+04
2 2  1.000000000000000e+36
2 3 -3.505668126914759e+03
3 2 -3.505668126914759e+03
2 4  3.417151967772551e+02
4 2  3.417151967772551e+02
2 6  6.955730366033610e+03
6 2  6.955730366033610e+03
2 7 -5.471508702460395e+03
7 2 -5.471508702460395e+03
2 8 -5.637777043164305e+04
8 2 -5.637777043164305e+04
2 9  2.687996190967838e+02
9 2  2.687996190967838e+02
2 10  4.527058223406547e-12
10 2  4.527058223406547e-12
2 11 -3.637978807091713e-12
11 2 -3.637978807091713e-12
2 12 -2.224014604113570e-13
12 2 -2.224014604113570e-13
2 31  5.471508702460395e+03
31 2  5.471508702460395e+03
2 32  5.614179096142879e+04
32 2  5.614179096142879e+04
2 33 -2.687996190967838e+02
33 2 -2.687996190967838e+02
2 34  3.417151967772592e+02
34 2  3.417151967772592e+02
2 35  3.637978807091713e-12
35 2  3.637978807091713e-12
2 36  6.955730366033610e+03
36 2  6.955730366033610e+03
2 37 -7.135908052550384e+04
37 2 -7.135908052550384e+04
2 38 -1.416447127555148e+05
38 2 -1.416447127555148e+05
2 39  3.505668126914759e+03
39 2  3.505668126914759e+03
2 40  8.561913021795253e-12
40 2  8.561913021795253e-12
2 42 -4.206223701999153e-13
42 2 -4.206223701999153e-13
3 3  1.000000000000000e+36
3 4  3.044345726341007e+06
4 3  3.044345726341007e+06
3 5 -3.284227791265260e+06
5 3 -3.284227791265260e+06
3 6 -1.492519203374494e+05
6 3 -1.492519203374494e+05
3 7 -4.471436175639235e+03
7 3 -4.471436175639235e+03
3 8 -2.687996190967838e+02
8 3 -2.687996190967838e+02
3 9 -3.716479306390379e+03
9 3 -3.716479306390379e+03
3 10  3.044345726341007e+06
10 3  3.044345726341007e+06
3 11 -2.422926038723598e+06
11 3 -2.422926038723598e+06
3 12 -1.492519203374494e+05
12 3 -1.492519203374494e+05
3 31  4.576326196726291e+03
31 3  4.576326196726291e+03
3 32  2.687996190967838e+02
32 3  2.687996190967838e+02
3 33 -1.737634315785252e+04
33 3 -1.737634315785252e+04
3 34  2.081515255038149e+06
34 3  2.081515255038149e+06
3 35 -3.284227791265260e+06
35 3 -3.284227791265260e+06
3 36 -2.050111942436190e+05
36 3 -2.050111942436190e+05
3 37  3.970769456792850e+03
37 3  3.970769456792850e+03
3 38  3.505668126914759e+03
38 3  3.505668126914759e+03
3 39 -5.281716401276505e+04
39 3 -5.281716401276505e+04
3 40  2.081515255038149e+06
40 3  2.081515255038149e+06
3 41 -2.422926038723598e+06
41 3 -2.422926038723598e+06
3 42 -2.050111942436190e+05
42 3 -2.050111942436190e+05
4 4  1.000000000000000e+36
4 5 -1.971696701074248e+07
5 4 -1.971696701074248e+07
4 6 -1.244745413269824e+07
6 4 -1.244745413269824e+07
4 7 -1.492519203374494e+05
7 4 -1.492519203374494e+05
4 8  4.527058223406547e-12
8 4  4.527058223406547e-12
4 9 -3.044345726341007e+06
9 4 -3.044345726341007e+06
4 10  2.550345140310879e+08
10 4  2.550345140310879e+08
4 11  1.951930429527335e+07
11 4  1.951930429527335e+07
4 12 -1.252911837593590e+07
12 4 -1.252911837593590e+07
4 31  2.166682936923818e+05
31 4  2.166682936923818e+05
4 32 -3.417151967772683e+02
32 4 -3.417151967772683e+02
4 33  2.080655374437452e+06
33 4  2.080655374437452e+06
4 34  2.109980570212559e+08
34 4  2.109980570212559e+08
4 35 -1.951930429527335e+07
35 4 -1.951930429527335e+07
4 36 -2.077367780826133e+07
36 4 -2.077367780826133e+07
4 37 -2.166682936923818e+05
37 4 -2.166682936923818e+05
4 38  8.561913021795253e-12
38 4  8.561913021795253e-12
4 39 -2.080655374437452e+06
39 4 -2.080655374437452e+06
4 40  2.104262632992064e+08
40 4  2.104262632992064e+08
4 41  1.971696701074248e+07
41 4  1.971696701074248e+07
4 42 -2.074558721331817e+07
42 4 -2.074558721331817e+07
5 5  1.000000000000000e+36
5 6  9.686383610882665e+05
6 5  9.686383610882665e+05
5 7 -1.190314466676654e+05
7 5 -1.190314466676654e+05
5 8  3.637978807091713e-12
8 5  3.637978807091713e-12
5 9 -2.422926038723599e+06
9 5 -2.422926038723599e+06
5 10 -1.951930429527335e+07
10 5 -1.951930429527335e+07
5 11  2.164986300138447e+08
11 5  2.164986300138447e+08
5 12  9.589277555648125e+05
12 5  9.589277555648125e+05
5 31  1.718552305181183e+05
31 5  1.718552305181183e+05
5 32 -3.637978807091713e-12
32 5 -3.637978807091713e-12
5 33  3.283452490155736e+06
33 5  3.283452490155736e+06
5 34  1.944880035062589e+07
34 5  1.944880035062589e+07
5 35  2.514255111940734e+08
35 5  2.514255111940734e+08
5 36 -1.914724983249072e+06
36 5 -1.914724983249072e+06
5 37  1.085209616896942e+05
37 5  1.085209616896942e+05
5 39  2.423701339833124e+06
39 5  2.423701339833124e+06
5 40  1.964646306609502e+07
40 5  1.964646306609502e+07
5 41  2.157870059934184e+08
41 5  2.157870059934184e+08
5 42 -1.924435588772526e+06
42 5 -1.924435588772526e+06
6 6  1.000000000000000e+36
6 7  1.360387271392592e+04
7 6  1.360387271392592e+04
6 8 -2.224014604113571e-13
8 6 -2.224014604113571e-13
6 9  1.492519203374494e+05
9 6  1.492519203374494e+05
6 10 -1.252911837593590e+07
10 6 -1.252911837593590e+07
6 11 -9.589277555648126e+05
11 6 -9.589277555648126e+05
6 12  6.155198557128600e+05
12 6  6.155198557128600e+05
6 31 -1.064429538212615e+04
31 6 -1.064429538212615e+04
6 32 -6.955730366033610e+03
32 6 -6.955730366033610e+03
6 33 -1.022166650066680e+05
33 6 -1.022166650066680e+05
6 34 -1.036573282465423e+07
34 6 -1.036573282465423e+07
6 35  9.589277555648126e+05
35 6  9.589277555648126e+05
6 36  1.020551549079871e+06
36 6  1.020551549079871e+06
6 37  1.064429538212615e+04
37 6  1.064429538212615e+04
6 38 -4.206223701999153e-13
38 6 -4.206223701999153e-13
6 39  1.022166650066680e+05
39 6  1.022166650066680e+05
6 40 -1.033764222971107e+07
40 6 -1.033764222971107e+07
6 41 -9.686383610882666e+05
41 6 -9.686383610882666e+05
6 42  1.019171538258079e+06
42 6  1.019171538258079e+06
7 7  1.000000000000000e+36
7 9 -8.151318955759811e+03
9 7 -8.151318955759811e+03
7 11 -3.226894910802941e+05
11 7 -3.226894910802941e+05
7 13  8.708147312659893e+04
13 7  8.708147312659893e+04
7 14  5.471508702460402e+03
14 7  5.471508702460402e+03
7 15 -4.471436175639235e+03
15 7 -4.471436175639235e+03
7 16  1.492519203374494e+05
16 7  1.492519203374494e+05
7 17 -1.190314466676654e+05
17 7 -1.190314466676654e+05
7 18 -1.360387271392592e+04
18 7 -1.360387271392592e+04
7 31 -1.564484213276008e+05
31 7 -1.564484213276008e+05
7 32  7.135908052550384e+04
32 7  7.135908052550384e+04
7 33  5.100691499461891e+03
33 7  5.100691499461891e+03
7 34 -1.022589084884031e+05
34 7 -1.022589084884031e+05
7 35 -1.190314466676654e+05
35 7 -1.190314466676654e+05
7 36  1.007161532951256e+04
36 7  1.007161532951256e+04
7 37 -1.746085265521836e+05
37 7 -1.746085265521836e+05
7 39  6.892808308114501e+03
39 7  6.892808308114501e+03
7 41 -3.226894910802941e+05
41 7 -3.226894910802941e+05
7 43 -1.564484213276008e+05
43 7 -1.564484213276008e+05
7 44 -7.135908052550384e+04
44 7 -7.135908052550384e+04
7 45  5.100691499461891e+03
45 7  5.100691499461891e+03
7 46  1.022589084884031e+05
46 7  1.022589084884031e+05
7 47 -1.190314466676654e+05
47 7 -1.190314466676654e+05
7 48 -1.007161532951256e+04
48 7 -1.007161532951256e+04
8 8  1.000000000000000e+36
8 10  6.834303935545103e+02
10 8  6.834303935545103e+02
8 12  1.391146073206722e+04
12 8  1.391146073206722e+04
8 13 -5.471508702460395e+03
13 8 -5.471508702460395e+03
8 14 -5.637777043164305e+04
14 8 -5.637777043164305e+04
8 15  2.687996190967838e+02
15 8  2.687996190967838e+02
8 16  4.527058223406547e-12
16 8  4.527058223406547e-12
8 17 -3.637978807091713e-12
17 8 -3.637978807091713e-12
8 18 -2.224014604113570e-13
18 8 -2.224014604113570e-13
8 31  7.135908052550384e+04
31 8  7.135908052550384e+04
8 32 -1.416447127555148e+05
32 8 -1.416447127555148e+05
8 33 -3.505668126914759e+03
33 8 -3.505668126914759e+03
8 34  8.561913021795253e-12
34 8  8.561913021795253e-12
8 36 -4.206223701999153e-13
36 8 -4.206223701999153e-13
8 38  1.122835819228576e+05
38 8  1.122835819228576e+05
8 40  6.834303935545183e+02
40 8  6.834303935545183e+02
8 42  1.391146073206722e+04
42 8  1.391146073206722e+04
8 43 -7.135908052550384e+04
43 8 -7.135908052550384e+04
8 44 -1.416447127555148e+05
44 8 -1.416447127555148e+05
8 45  3.505668126914759e+03
45 8  3.505668126914759e+03
8 46  8.561913021795253e-12
46 8  8.561913021795253e-12
8 48 -4.206223701999153e-13
48 8 -4.206223701999153e-13
9 9  1.000000000000000e+36
9 11 -6.568455582530521e+06
11 9 -6.568455582530521e+06
9 13 -4.471436175639235e+03
13 9 -4.471436175639235e+03
9 14 -2.687996190967838e+02
14 9 -2.687996190967838e+02
9 15 -3.716479306390379e+03
15 9 -3.716479306390379e+03
9 16  3.044345726341007e+06
16 9  3.044345726341007e+06
9 17 -2.422926038723598e+06
17 9 -2.422926038723598e+06
9 18 -1.492519203374494e+05
18 9 -1.492519203374494e+05
9 31  3.970769456792850e+03
31 9  3.970769456792850e+03
9 32 -3.505668126914759e+03
32 9 -3.505668126914759e+03
9 33 -5.281716401276505e+04
33 9 -5.281716401276505e+04
9 34 -2.081515255038149e+06
34 9 -2.081515255038149e+06
9 35 -2.422926038723598e+06
35 9 -2.422926038723598e+06
9 36  2.050111942436190e+05
36 9  2.050111942436190e+05
9 37  9.152652393452581e+03
37 9  9.152652393452581e+03
9 39 -3.475268631570504e+04
39 9 -3.475268631570504e+04
9 41 -6.568455582530521e+06
41 9 -6.568455582530521e+06
9 43  3.970769456792850e+03
43 9  3.970769456792850e+03
9 44  3.505668126914759e+03
44 9  3.505668126914759e+03
9 45 -5.281716401276505e+04
45 9 -5.281716401276505e+04
9 46  2.081515255038149e+06
46 9  2.081515255038149e+06
9 47 -2.422926038723598e+06
47 9 -2.422926038723598e+06
9 48 -2.050111942436190e+05
48 9 -2.050111942436190e+05
10 10  1.000000000000000e+36
10 12 -2.489490826539648e+07
12 10 -2.489490826539648e+07
10 13 -1.492519203374494e+05
13 10 -1.492519203374494e+05
10 14  4.527058223406547e-12
14 10  4.527058223406547e-12
10 15 -3.044345726341007e+06
15 10 -3.044345726341007e+06
10 16  2.550345140310879e+08
16 10  2.550345140310879e+08
10 17  1.951930429527335e+07
17 10  1.951930429527335e+07
10 18 -1.252911837593590e+07
18 10 -1.252911837593590e+07
10 31  2.166682936923818e+05
31 10  2.166682936923818e+05
10 32  8.561913021795253e-12
32 10  8.561913021795253e-12
10 33  2.080655374437452e+06
33 10  2.080655374437452e+06
10 34  2.104262632992064e+08
34 10  2.104262632992064e+08
10 35 -1.971696701074248e+07
35 10 -1.971696701074248e+07
10 36 -2.074558721331817e+07
36 10 -2.074558721331817e+07
10 38 -6.834303935545365e+02
38 10 -6.834303935545365e+02
10 40  4.219961140425118e+08
40 10  4.219961140425118e+08
10 42 -4.154735561652266e+07
42 10 -4.154735561652266e+07
10 43 -2.166682936923818e+05
43 10 -2.166682936923818e+05
10 44  8.561913021795253e-12
44 10  8.561913021795253e-12
10 45 -2.080655374437452e+06
45 10 -2.080655374437452e+06
10 46  2.104262632992064e+08
46 10  2.104262632992064e+08
10 47  1.971696701074248e+07
47 10  1.971696701074248e+07
10 48 -2.074558721331817e+07
48 10 -2.074558721331817e+07
11 11  1.000000000000000e+36
11 13 -1.190314466676654e+05
13 11 -1.190314466676654e+05
11 14  3.637978807091713e-12
14 11  3.637978807091713e-12
11 15 -2.422926038723599e+06
15 11 -2.422926038723599e+06
11 16 -1.951930429527335e+07
16 11 -1.951930429527335e+07
11 17  2.164986300138447e+08
17 11  2.164986300138447e+08
11 18  9.589277555648125e+05
18 11  9.589277555648125e+05
11 31  1.085209616896942e+05
31 11  1.085209616896942e+05
11 33  2.423701339833124e+06
33 11  2.423701339833124e+06
11 34 -1.964646306609502e+07
34 11 -1.964646306609502e+07
11 35  2.157870059934184e+08
35 11  2.157870059934184e+08
11 36  1.924435588772526e+06
36 11  1.924435588772526e+06
11 37  3.437104610362366e+05
37 11  3.437104610362366e+05
11 39  6.566904980311471e+06
39 11  6.566904980311471e+06
11 41  5.028510223881468e+08
41 11  5.028510223881468e+08
11 43  1.085209616896942e+05
43 11  1.085209616896942e+05
11 45  2.423701339833124e+06
45 11  2.423701339833124e+06
11 46  1.964646306609502e+07
46 11  1.964646306609502e+07
11 47  2.157870059934184e+08
47 11  2.157870059934184e+08
11 48 -1.924435588772526e+06
48 11 -1.924435588772526e+06
12 12  1.000000000000000e+36
12 13  1.360387271392592e+04
13 12  1.360387271392592e+04
12 14 -2.224014604113571e-13
14 12 -2.224014604113571e-13
12 15  1.492519203374494e+05
15 12  1.492519203374494e+05
12 16 -1.252911837593590e+07
16 12 -1.252911837593590e+07
12 17 -9.589277555648126e+05
17 12 -9.589277555648126e+05
12 18  6.155198557128600e+05
18 12  6.155198557128600e+05
12 31 -1.064429538212615e+04
31 12 -1.064429538212615e+04
12 32 -4.206223701999153e-13
32 12 -4.206223701999153e-13
12 33 -1.022166650066680e+05
33 12 -1.022166650066680e+05
12 34 -1.033764222971107e+07
34 12 -1.033764222971107e+07
12 35  9.686383610882666e+05
35 12  9.686383610882666e+05
12 36  1.019171538258079e+06
36 12  1.019171538258079e+06
12 38 -1.391146073206722e+04
38 12 -1.391146073206722e+04
12 40 -2.073146564930846e+07
40 12 -2.073146564930846e+07
12 42  2.041103098159742e+06
42 12  2.041103098159742e+06
12 43  1.064429538212615e+04
43 12  1.064429538212615e+04
12 44 -4.206223701999153e-13
44 12 -4.206223701999153e-13
12 45  1.022166650066680e+05
45 12  1.022166650066680e+05
12 46 -1.033764222971107e+07
46 12 -1.033764222971107e+07
12 47 -9.686383610882666e+05
47 12 -9.686383610882666e+05
12 48  1.019171538258079e+06
48 12  1.019171538258079e+06
13 13  1.000000000000000e+36
13 15 -8.151318955759811e+03
15 13 -8.151318955759811e+03
13 17 -3.226894910802941e+05
17 13 -3.226894910802941e+05
13 19  8.708147312659893e+04
19 13  8.708147312659893e+04
13 20  5.471508702460402e+03
20 13  5.471508702460402e+03
13 21 -4.471436175639235e+03
21 13 -4.471436175639235e+03
13 22  1.492519203374494e+05
22 13  1.492519203374494e+05
13 23 -1.190314466676654e+05
23 13 -1.190314466676654e+05
13 24 -1.360387271392592e+04
24 13 -1.360387271392592e+04
13 37 -1.564484213276008e+05
37 13 -1.564484213276008e+05
13 38  7.135908052550384e+04
38 13  7.135908052550384e+04
13 39  5.100691499461891e+03
39 13  5.100691499461891e+03
13 40 -1.022589084884031e+05
40 13 -1.022589084884031e+05
13 41 -1.190314466676654e+05
41 13 -1.190314466676654e+05
13 42  1.007161532951256e+04
42 13  1.007161532951256e+04
13 43 -1.746085265521836e+05
43 13 -1.746085265521836e+05
13 45  6.892808308114501e+03
45 13  6.892808308114501e+03
13 47 -3.226894910802941e+05
47 13 -3.226894910802941e+05
13 49 -1.564484213276008e+05
49 13 -1.564484213276008e+05
13 50 -7.135908052550384e+04
50 13 -7.135908052550384e+04
13 51  5.100691499461891e+03
51 13  5.100691499461891e+03
13 52  1.022589084884031e+05
52 13  1.022589084884031e+05
13 53 -1.190314466676654e+05
53 13 -1.190314466676654e+05
13 54 -1.007161532951256e+04
54 13 -1.007161532951256e+04
14 14  1.000000000000000e+36
14 16  6.834303935545103e+02
16 14  6.834303935545103e+02
14 18  1.391146073206722e+04
18 14  1.391146073206722e+04
14 19 -5.471508702460395e+03
19 14 -5.471508702460395e+03
14 20 -5.637777043164305e+04
20 14 -5.637777043164305e+04
14 21  2.687996190967838e+02
21 14  2.687996190967838e+02
14 22  4.527058223406547e-12
22 14  4.527058223406547e-12
14 23 -3.637978807091713e-12
23 14 -3.637978807091713e-12
14 24 -2.224014604113570e-13
24 14 -2.224014604113570e-13
14 37  7.135908052550384e+04
37 14  7.135908052550384e+04
14 38 -1.416447127555148e+05
38 14 -1.416447127555148e+05
14 39 -3.505668126914759e+03
39 14 -3.505668126914759e+03
14 40  8.561913021795253e-12
40 14  8.561913021795253e-12
14 42 -4.206223701999153e-13
42 14 -4.206223701999153e-13
14 44  1.122835819228576e+05
44 14  1.122835819228576e+05
14 46  6.834303935545183e+02
46 14  6.834303935545183e+02
14 48  1.391146073206722e+04
48 14  1.391146073206722e+04
14 49 -7.135908052550384e+04
49 14 -7.135908052550384e+04
14 50 -1.416447127555148e+05
50 14 -1.416447127555148e+05
14 51  3.505668126914759e+03
51 14  3.505668126914759e+03
14 52  8.561913021795253e-12
52 14  8.561913021795253e-12
14 54 -4.206223701999153e-13
54 14 -4.206223701999153e-13
15 15  1.000000000000000e+36
15 17 -6.568455582530521e+06
17 15 -6.568455582530521e+06
15 19 -4.471436175639235e+03
19 15 -4.471436175639235e+03
15 20 -2.687996190967838e+02
20 15 -2.687996190967838e+02
15 21 -3.716479306390379e+03
21 15 -3.716479306390379e+03
15 22  3.044345726341007e+06
22 15  3.044345726341007e+06
15 23 -2.422926038723598e+06
23 15 -2.422926038723598e+06
15 24 -1.492519203374494e+05
24 15 -1.492519203374494e+05
15 37  3.970769456792850e+03
37 15  3.970769456792850e+03
15 38 -3.505668126914759e+03
38 15 -3.505668126914759e+03
15 39 -5.281716401276505e+04
39 15 -5.281716401276505e+04
15 40 -2.081515255038149e+06
40 15 -2.081515255038149e+06
15 41 -2.422926038723598e+06
41 15 -2.422926038723598e+06
15 42  2.050111942436190e+05
42 15  2.050111942436190e+05
15 43  9.152652393452581e+03
43 15  9.152652393452581e+03
15 45 -3.475268631570504e+04
45 15 -3.475268631570504e+04
15 47 -6.568455582530521e+06
47 15 -6.568455582530521e+06
15 49  3.970769456792850e+03
49 15  3.970769456792850e+03
15 50  3.505668126914759e+03
50 15  3.505668126914759e+03
15 51 -5.281716401276505e+04
51 15 -5.281716401276505e+04
15 52  2.081515255038149e+06
52 15  2.081515255038149e+06
15 53 -2.422926038723598e+06
53 15 -2.422926038723598e+06
15 54 -2.050111942436190e+05
54 15 -2.050111942436190e+05
16 16  1.000000000000000e+36
16 18 -2.489490826539648e+07
18 16 -2.489490826539648e+07
16 19 -1.492519203374494e+05
19 16 -1.492519203374494e+05
16 20  4.527058223406547e-12
20 16  4.527058223406547e-12
16 21 -3.044345726341007e+06
21 16 -3.044345726341007e+06
16 22  2.550345140310879e+08
22 16  2.550345140310879e+08
16 23  1.951930429527335e+07
23 16  1.951930429527335e+07
16 24 -1.252911837593590e+07
24 16 -1.252911837593590e+07
16 37  2.166682936923818e+05
37 16  2.166682936923818e+05
16 38  8.561913021795253e-12
38 16  8.561913021795253e-12
16 39  2.080655374437452e+06
39 16  2.080655374437452e+06
16 40  2.104262632992064e+08
40 16  2.104262632992064e+08
16 41 -1.971696701074248e+07
41 16 -1.971696701074248e+07
16 42 -2.074558721331817e+07
42 16 -2.074558721331817e+07
16 44 -6.834303935545365e+02
44 16 -6.834303935545365e+02
16 46  4.219961140425118e+08
46 16  4.219961140425118e+08
16 48 -4.154735561652266e+07
48 16 -4.154735561652266e+07
16 49 -2.166682936923818e+05
49 16 -2.166682936923818e+05
16 50  8.561913021795253e-12
50 16  8.561913021795253e-12
16 51 -2.080655374437452e+06
51 16 -2.080655374437452e+06
16 52  2.104262632992064e+08
52 16  2.104262632992064e+08
16 53  1.971696701074248e+07
53 16  1.971696701074248e+07
16 54 -2.074558721331817e+07
54 16 -2.074558721331817e+07
17 17  1.000000000000000e+36
17 19 -1.190314466676654e+05
19 17 -1.190314466676654e+05
17 20  3.637978807091713e-12
20 17  3.637978807091713e-12
17 21 -2.422926038723599e+06
21 17 -2.422926038723599e+06
17 22 -1.951930429527335e+07
22 17 -1.951930429527335e+07
17 23  2.164986300138447e+08
23 17  2.164986300138447e+08
17 24  9.589277555648125e+05
24 17  9.589277555648125e+05
17 37  1.085209616896942e+05
37 17  1.085209616896942e+05
17 39  2.423701339833124e+06
39 17  2.423701339833124e+06
17 40 -1.964646306609502e+07
40 17 -1.964646306609502e+07
17 41  2.157870059934184e+08
41 17  2.157870059934184e+08
17 42  1.924435588772526e+06
42 17  1.924435588772526e+06
17 43  3.437104610362366e+05
43 17  3.437104610362366e+05
17 45  6.566904980311471e+06
45 17  6.566904980311471e+06
17 47  5.028510223881468e+08
47 17  5.028510223881468e+08
17 49  1.085209616896942e+05
49 17  1.085209616896942e+05
17 51  2.423701339833124e+06
51 17  2.423701339833124e+06
17 52  1.964646306609502e+07
52 17  1.964646306609502e+07
17 53  2.157870059934184e+08
53 17  2.157870059934184e+08
17 54 -1.924435588772526e+06
54 17 -1.924435588772526e+06
18 18  1.000000000000000e+36
18 19  1.360387271392592e+04
19 18  1.360387271392592e+04
18 20 -2.224014604113571e-13
20 18 -2.224014604113571e-13
18 21  1.492519203374494e+05
21 18  1.492519203374494e+05
18 22 -1.252911837593590e+07
22 18 -1.252911837593590e+07
18 23 -9.589277555648126e+05
23 18 -9.589277555648126e+05
18 24  6.155198557128600e+05
24 18  6.155198557128600e+05
18 37 -1.064429538212615e+04
37 18 -1.064429538212615e+04
18 38 -4.206223701999153e-13
38 18 -4.206223701999153e-13
18 39 -1.022166650066680e+05
39 18 -1.022166650066680e+05
18 40 -1.033764222971107e+07
40 18 -1.033764222971107e+07
18 41  9.686383610882666e+05
41 18  9.686383610882666e+05
18 42  1.019171538258079e+06
42 18  1.019171538258079e+06
18 44 -1.391146073206722e+04
44 18 -1.391146073206722e+04
18 46 -2.073146564930846e+07
46 18 -2.073146564930846e+07
18 48  2.041103098159742e+06
48 18  2.041103098159742e+06
18 49  1.064429538212615e+04
49 18  1.064429538212615e+04
18 50 -4.206223701999153e-13
50 18 -4.206223701999153e-13
18 51  1.022166650066680e+05
51 18  1.022166650066680e+05
18 52 -1.033764222971107e+07
52 18 -1.033764222971107e+07
18 53 -9.686383610882666e+05
53 18 -9.686383610882666e+05
18 54  1.019171538258079e+06
54 18  1.019171538258079e+06
19 19  1.000000000000000e+36
19 21 -8.151318955759811e+03
21 19 -8.151318955759811e+03
19 23 -3.226894910802941e+05
23 19 -3.226894910802941e+05
19 25  8.708147312659893e+04
25 19  8.708147312659893e+04
19 26  5.471508702460402e+03
26 19  5.471508702460402e+03
19 27 -4.471436175639235e+03
27 19 -4.471436175639235e+03
19 28  1.492519203374494e+05
28 19  1.492519203374494e+05
19 29 -1.190314466676654e+05
29 19 -1.190314466676654e+05
19 30 -1.360387271392592e+04
30 19 -1.360387271392592e+04
19 43 -1.564484213276008e+05
43 19 -1.564484213276008e+05
19 44  7.135908052550384e+04
44 19  7.135908052550384e+04
19 45  5.100691499461891e+03
45 19  5.100691499461891e+03
19 46 -1.022589084884031e+05
46 19 -1.022589084884031e+05
19 47 -1.190314466676654e+05
47 19 -1.190314466676654e+05
19 48  1.007161532951256e+04
48 19  1.007161532951256e+04
19 49 -1.746085265521836e+05
49 19 -1.746085265521836e+05
19 51  6.892808308114501e+03
51 19  6.892808308114501e+03
19 53 -3.226894910802941e+05
53 19 -3.226894910802941e+05
19 55 -1.564484213276008e+05
55 19 -1.564484213276008e+05
19 56 -7.135908052550384e+04
56 19 -7.135908052550384e+04
19 57  5.100691499461891e+03
57 19  5.100691499461891e+03
19 58  1.022589084884031e+05
58 19  1.022589084884031e+05
19 59 -1.190314466676654e+05
59 19 -1.190314466676654e+05
19 60 -1.007161532951256e+04
60 19 -1.007161532951256e+04
20 20  1.000000000000000e+36
20 22  6.834303935545103e+02
22 20  6.834303935545103e+02
20 24  1.391146073206722e+04
24 20  1.391146073206722e+04
20 25 -5.471508702460395e+03
25 20 -5.471508702460395e+03
20 26 -5.637777043164305e+04
26 20 -5.637777043164305e+04
20 27  2.687996190967838e+02
27 20  2.687996190967838e+02
20 28  4.527058223406547e-12
28 20  4.527058223406547e-12
20 29 -3.637978807091713e-12
29 20 -3.637978807091713e-12
20 30 -2.224014604113570e-13
30 20 -2.224014604113570e-13
20 43  7.135908052550384e+04
43 20  7.135908052550384e+04
20 44 -1.416447127555148e+05
44 20 -1.416447127555148e+05
20 45 -3.505668126914759e+03
45 20 -3.505668126914759e+03
20 46  8.561913021795253e-12
46 20  8.561913021795253e-12
20 48 -4.206223701999153e-13
48 20 -4.206223701999153e-13
20 50  1.122835819228576e+05
50 20  1.122835819228576e+05
20 52  6.834303935545183e+02
52 20  6.834303935545183e+02
20 54  1.391146073206722e+04
54 20  1.391146073206722e+04
20 55 -7.135908052550384e+04
55 20 -7.135908052550384e+04
20 56 -1.416447127555148e+05
56 20 -1.416447127555148e+05
20 57  3.505668126914759e+03
57 20  3.505668126914759e+03
20 58  8.561913021795253e-12
58 20  8.561913021795253e-12
20 60 -4.206223701999153e-13
60 20 -4.206223701999153e-13
21 21  1.000000000000000e+36
21 23 -6.568455582530521e+06
23 21 -6.568455582530521e+06
21 25 -4.471436175639235e+03
25 21 -4.471436175639235e+03
21 26 -2.687996190967838e+02
26 21 -2.687996190967838e+02
21 27 -3.716479306390379e+03
27 21 -3.716479306390379e+03
21 28  3.044345726341007e+06
28 21  3.044345726341007e+06
21 29 -2.422926038723598e+06
29 21 -2.422926038723598e+06
21 30 -1.492519203374494e+05
30 21 -1.492519203374494e+05
21 43  3.970769456792850e+03
43 21  3.970769456792850e+03
21 44 -3.505668126914759e+03
44 21 -3.505668126914759e+03
21 45 -5.281716401276505e+04
45 21 -5.281716401276505e+04
21 46 -2.081515255038149e+06
46 21 -2.081515255038149e+06
21 47 -2.422926038723598e+06
47 21 -2.422926038723598e+06
21 48  2.050111942436190e+05
48 21  2.050111942436190e+05
21 49  9.152652393452581e+03
49 21  9.152652393452581e+03
21 51 -3.475268631570504e+04
51 21 -3.475268631570504e+04
21 53 -6.568455582530521e+06
53 21 -6.568455582530521e+06
21 55  3.970769456792850e+03
55 21  3.970769456792850e+03
21 56  3.505668126914759e+03
56 21  3.505668126914759e+03
21 57 -5.281716401276505e+04
57 21 -5.281716401276505e+04
21 58  2.081515255038149e+06
58 21  2.081515255038149e+06
21 59 -2.422926038723598e+06
59 21 -2.422926038723598e+06
21 60 -2.050111942436190e+05
60 21 -2.050111942436190e+05
22 22  1.000000000000000e+36
22 24 -2.489490826539648e+07
24 22 -2.489490826539648e+07
22 25 -1.492519203374494e+05
25 22 -1.492519203374494e+05
22 26  4.527058223406547e-12
26 22  4.527058223406547e-12
22 27 -3.044345726341007e+06
27 22 -3.044345726341007e+06
22 28  2.550345140310879e+08
28 22  2.550345140310879e+08
22 29  1.951930429527335e+07
29 22  1.951930429527335e+07
22 30 -1.252911837593590e+07
30 22 -1.252911837593590e+07
22 43  2.166682936923818e+05
43 22  2.166682936923818e+05
22 44  8.561913021795253e-12
44 22  8.561913021795253e-12
22 45  2.080655374437452e+06
45 22  2.080655374437452e+06
22 46  2.104262632992064e+08
46 22  2.104262632992064e+08
22 47 -1.971696701074248e+07
47 22 -1.971696701074248e+07
22 48 -2.074558721331817e+07
48 22 -2.074558721331817e+07
22 50 -6.834303935545365e+02
50 22 -6.834303935545365e+02
22 52  4.219961140425118e+08
52 22  4.219961140425118e+08
22 54 -4.154735561652266e+07
54 22 -4.154735561652266e+07
22 55 -2.166682936923818e+05
55 22 -2.166682936923818e+05
22 56  8.561913021795253e-12
56 22  8.561913021795253e-12
22 57 -2.080655374437452e+06
57 22 -2.080655374437452e+06
22 58  2.104262632992064e+08
58 22  2.104262632992064e+08
22 59  1.971696701074248e+07
59 22  1.971696701074248e+07
22 60 -2.074558721331817e+07
60 22 -2.074558721331817e+07
23 23  1.000000000000000e+36
23 25 -1.190314466676654e+05
25 23 -1.190314466676654e+05
23 26  3.637978807091713e-12
26 23  3.637978807091713e-12
23 27 -2.422926038723599e+06
27 23 -2.422926038723599e+06
23 28 -1.951930429527335e+07
28 23 -1.951930429527335e+07
23 29  2.164986300138447e+08
29 23  2.164986300138447e+08
23 30  9.589277555648125e+05
30 23  9.589277555648125e+05
23 43  1.085209616896942e+05
43 23  1.085209616896942e+05
23 45  2.423701339833124e+06
45 23  2.423701339833124e+06
23 46 -1.964646306609502e+07
46 23 -1.964646306609502e+07
23 47  2.157870059934184e+08
47 23  2.157870059934184e+08
23 48  1.924435588772526e+06
48 23  1.924435588772526e+06
23 49  3.437104610362366e+05
49 23  3.437104610362366e+05
23 51  6.566904980311471e+06
51 23  6.566904980311471e+06
23 53  5.028510223881468e+08
53 23  5.028510223881468e+08
23 55  1.085209616896942e+05
55 23  1.085209616896942e+05
23 57  2.423701339833124e+06
57 23  2.423701339833124e+06
23 58  1.964646306609502e+07
58 23  1.964646306609502e+07
23 59  2.157870059934184e+08
59 23  2.157870059934184e+08
23 60 -1.924435588772526e+06
60 23 -1.924435588772526e+06
24 24  1.000000000000000e+36
24 25  1.360387271392592e+04
25 24  1.360387271392592e+04
24 26 -2.224014604113571e-13
26 24 -2.224014604113571e-13
24 27  1.492519203374494e+05
27 24  1.492519203374494e+05
24 28 -1.252911837593590e+07
28 24 -1.252911837593590e+07
24 29 -9.589277555648126e+05
29 24 -9.589277555648126e+05
24 30  6.155198557128600e+05
30 24  6.155198557128600e+05
24 43 -1.064429538212615e+04
43 24 -1.064429538212615e+04
24 44 -4.206223701999153e-13
44 24 -4.206223701999153e-13
24 45 -1.022166650066680e+05
45 24 -1.022166650066680e+05
24 46 -1.033764222971107e+07
46 24 -1.033764222971107e+07
24 47  9.686383610882666e+05
47 24  9.686383610882666e+05
24 48  1.019171538258079e+06
48 24  1.019171538258079e+06
24 50 -1.391146073206722e+04
50 24 -1.391146073206722e+04
24 52 -2.073146564930846e+07
52 24 -2.073146564930846e+07
24 54  2.041103098159742e+06
54 24  2.041103098159742e+06
24 55  1.064429538212615e+04
55 24  1.064429538212615e+04
24 56 -4.206223701999153e-13
56 24 -4.206223701999153e-13
24 57  1.022166650066680e+05
57 24  1.022166650066680e+05
24 58 -1.033764222971107e+07
58 24 -1.033764222971107e+07
24 59 -9.686383610882666e+05
59 24 -9.686383610882666e+05
24 60  1.019171538258079e+06
60 24  1.019171538258079e+06
25 25  1.000000000000000e+36
25 26 -7.135908052550384e+04
26 25 -7.135908052550384e+04
25 27 -4.075659477879905e+03
27 25 -4.075659477879905e+03
25 28 -1.492519203374494e+05
28 25 -1.492519203374494e+05
25 29 -1.613447455401470e+05
29 25 -1.613447455401470e+05
25 30  1.360387271392592e+04
30 25  1.360387271392592e+04
25 49 -1.564484213276008e+05
49 25 -1.564484213276008e+05
25 50  7.135908052550384e+04
50 25  7.135908052550384e+04
25 51  5.100691499461891e+03
51 25  5.100691499461891e+03
25 52 -1.022589084884031e+05
52 25 -1.022589084884031e+05
25 53 -1.190314466676654e+05
53 25 -1.190314466676654e+05
25 54  1.007161532951256e+04
54 25  1.007161532951256e+04
25 55 -8.730426327609181e+04
55 25 -8.730426327609181e+04
25 56  5.471508702460402e+03
56 25  5.471508702460402e+03
25 57  3.446404154057251e+03
57 25  3.446404154057251e+03
25 58 -1.022589084884031e+05
58 25 -1.022589084884031e+05
25 59 -1.613447455401470e+05
59 25 -1.613447455401470e+05
25 60  1.007161532951256e+04
60 25  1.007161532951256e+04
26 26  1.000000000000000e+36
26 27  3.505668126914759e+03
27 26  3.505668126914759e+03
26 28  3.417151967772551e+02
28 26  3.417151967772551e+02
26 30  6.955730366033610e+03
30 26  6.955730366033610e+03
26 49  7.135908052550384e+04
49 26  7.135908052550384e+04
26 50 -1.416447127555148e+05
50 26 -1.416447127555148e+05
26 51 -3.505668126914759e+03
51 26 -3.505668126914759e+03
26 52  8.561913021795253e-12
52 26  8.561913021795253e-12
26 54 -4.206223701999153e-13
54 26 -4.206223701999153e-13
26 55 -5.471508702460395e+03
55 26 -5.471508702460395e+03
26 56  5.614179096142879e+04
56 26  5.614179096142879e+04
26 57  2.687996190967838e+02
57 26  2.687996190967838e+02
26 58  3.417151967772592e+02
58 26  3.417151967772592e+02
26 59 -3.637978807091713e-12
59 26 -3.637978807091713e-12
26 60  6.955730366033610e+03
60 26  6.955730366033610e+03
27 27  1.000000000000000e+36
27 28 -3.044345726341007e+06
28 27 -3.044345726341007e+06
27 29 -3.284227791265260e+06
29 27 -3.284227791265260e+06
27 30  1.492519203374494e+05
30 27  1.492519203374494e+05
27 49  3.970769456792850e+03
49 27  3.970769456792850e+03
27 50 -3.505668126914759e+03
50 27 -3.505668126914759e+03
27 51 -5.281716401276505e+04
51 27 -5.281716401276505e+04
27 52 -2.081515255038149e+06
52 27 -2.081515255038149e+06
27 53 -2.422926038723598e+06
53 27 -2.422926038723598e+06
27 54  2.050111942436190e+05
54 27  2.050111942436190e+05
27 55  4.576326196726291e+03
55 27  4.576326196726291e+03
27 56 -2.687996190967838e+02
56 27 -2.687996190967838e+02
27 57 -1.737634315785252e+04
57 27 -1.737634315785252e+04
27 58 -2.081515255038149e+06
58 27 -2.081515255038149e+06
27 59 -3.284227791265260e+06
59 27 -3.284227791265260e+06
27 60  2.050111942436190e+05
60 27  2.050111942436190e+05
28 28  1.000000000000000e+36
28 29  1.971696701074248e+07
29 28  1.971696701074248e+07
28 30 -1.244745413269824e+07
30 28 -1.244745413269824e+07
28 49  2.166682936923818e+05
49 28  2.166682936923818e+05
28 50  8.561913021795253e-12
50 28  8.561913021795253e-12
28 51  2.080655374437452e+06
51 28  2.080655374437452e+06
28 52  2.104262632992064e+08
52 28  2.104262632992064e+08
28 53 -1.971696701074248e+07
53 28 -1.971696701074248e+07
28 54 -2.074558721331817e+07
54 28 -2.074558721331817e+07
28 55 -2.166682936923818e+05
55 28 -2.166682936923818e+05
28 56 -3.417151967772683e+02
56 28 -3.417151967772683e+02
28 57 -2.080655374437452e+06
57 28 -2.080655374437452e+06
28 58  2.109980570212559e+08
58 28  2.109980570212559e+08
28 59  1.951930429527335e+07
59 28  1.951930429527335e+07
28 60 -2.077367780826133e+07
60 28 -2.077367780826133e+07
29 29  1.000000000000000e+36
29 30 -9.686383610882665e+05
30 29 -9.686383610882665e+05
29 49  1.085209616896942e+05
49 29  1.085209616896942e+05
29 51  2.423701339833124e+06
51 29  2.423701339833124e+06
29 52 -1.964646306609502e+07
52 29 -1.964646306609502e+07
29 53  2.157870059934184e+08
53 29  2.157870059934184e+08
29 54  1.924435588772526e+06
54 29  1.924435588772526e+06
29 55  1.718552305181183e+05
55 29  1.718552305181183e+05
29 56  3.637978807091713e-12
56 29  3.637978807091713e-12
29 57  3.283452490155736e+06
57 29  3.283452490155736e+06
29 58 -1.944880035062589e+07
58 29 -1.944880035062589e+07
29 59  2.514255111940734e+08
59 29  2.514255111940734e+08
29 60  1.914724983249072e+06
60 29  1.914724983249072e+06
30 30  1.000000000000000e+36
30 49 -1.064429538212615e+04
49 30 -1.064429538212615e+04
30 50 -4.206223701999153e-13
50 30 -4.206223701999153e-13
30 51 -1.022166650066680e+05
51 30 -1.022166650066680e+05
30 52 -1.033764222971107e+07
52 30 -1.033764222971107e+07
30 53  9.686383610882666e+05
53 30  9.686383610882666e+05
30 54  1.019171538258079e+06
54 30  1.019171538258079e+06
30 55  1.064429538212615e+04
55 30  1.064429538212615e+04
30 56 -6.955730366033610e+03
56 30 -6.955730366033610e+03
30 57  1.022166650066680e+05
57 30  1.022166650066680e+05
30 58 -1.036573282465423e+07
58 30 -1.036573282465423e+07
30 59 -9.589277555648126e+05
59 30 -9.589277555648126e+05
30 60  1.020551549079871e+06
60 30  1.020551549079871e+06
31 31  3.115812242071951e+05
31 32 -6.872211618437141e+02
32 31 -6.872211618437141e+02
31 33 -1.611314947483676e+04
33 31 -1.611314947483676e+04
31 34  5.940787028756113e+05
34 31  5.940787028756113e+05
31 35 -3.001609797782014e+05
35 31 -3.001609797782014e+05
31 36 -7.102450246643525e+04
36 31 -7.102450246643525e+04
31 37  1.725893076478311e+05
37 31  1.725893076478311e+05
31 38 -5.269317754070198e+01
38 31 -5.269317754070198e+01
31 39 -1.774654689539085e+04
39 31 -1.774654689539085e+04
31 40  5.940787028756113e+05
40 31  5.940787028756113e+05
31 41 -2.578835821245756e+05
41 31 -2.578835821245756e+05
31 42 -7.102450246643525e+04
42 31 -7.102450246643525e+04
31 61 -8.607491407804372e+04
61 31 -8.607491407804372e+04
31 62 -5.418815524919693e+03
62 31 -5.418815524919693e+03
31 63  9.091271556566428e+03
63 31  9.091271556566428e+03
31 64  1.899227552537133e+05
64 31  1.899227552537133e+05
31 65 -4.720162102963197e+05
65 31 -4.720162102963197e+05
31 66 -3.777795366384782e+04
66 31 -3.777795366384782e+04
31 67 -1.543429331732898e+05
67 31 -1.543429331732898e+05
31 68 -7.067185936366013e+04
68 31 -7.067185936366013e+04
31 69  1.622132916014204e+04
69 31  1.622132916014204e+04
31 70  1.899227552537133e+05
70 31  1.899227552537133e+05
31 71 -3.664045438142698e+05
71 31 -3.664045438142698e+05
31 72 -3.777795366384782e+04
72 31 -3.777795366384782e+04
32 32  2.837613784481707e+05
32 33 -6.977479122630482e+03
33 32 -6.977479122630482e+03
32 34  6.801302757021424e+02
34 32  6.801302757021424e+02
32 35 -2.019483917365790e-28
35 32 -2.019483917365790e-28
32 36 -6.698619375354156e+01
36 32 -6.698619375354156e+01
32 37  5.269317754071653e+01
37 32  5.269317754071653e+01
32 38 -1.127555257198724e+05
38 32 -1.127555257198724e+05
32 39  5.350032180911261e+02
39 32  5.350032180911261e+02
32 40  9.010517862988104e-12
40 32  9.010517862988104e-12
32 41  4.038967834731580e-28
41 32  4.038967834731580e-28
32 42 -8.874577927666732e-13
42 32 -8.874577927666732e-13
32 61  5.418815524919685e+03
61 32  5.418815524919685e+03
32 62  5.614177580682605e+04
62 32  5.614177580682605e+04
32 63 -8.038028371879099e+02
63 32 -8.038028371879099e+02
32 64  1.021845472479419e+03
64 32  1.021845472479419e+03
32 65  3.637978807091712e-12
65 32  3.637978807091712e-12
32 66  6.888744172280069e+03
66 32  6.888744172280069e+03
32 67 -7.067185936366013e+04
67 32 -7.067185936366013e+04
32 68 -1.416447067410383e+05
68 32 -1.416447067410383e+05
32 69  1.048314724954524e+04
69 32  1.048314724954524e+04
32 70  8.479457335177629e-12
70 32  8.479457335177629e-12
32 71  2.019483917365790e-28
71 32  2.019483917365790e-28
32 72 -1.257804742103786e-12
72 32 -1.257804742103786e-12
33 33  1.495685491489684e+05
33 34  6.044300031579664e+06
34 33  6.044300031579664e+06
33 35  2.956328672225261e+04
35 33  2.956328672225261e+04
33 36 -5.940787027198160e+05
36 33 -5.940787027198160e+05
33 37 -1.774654689539085e+04
37 33 -1.774654689539085e+04
33 38 -5.350032180911261e+02
38 33 -5.350032180911261e+02
33 39 -5.846663760412919e+03
39 33 -5.846663760412919e+03
33 40  6.044300031579664e+06
40 33  6.044300031579664e+06
33 41  2.539924883946497e+04
41 33  2.539924883946497e+04
33 42 -5.940787027198160e+05
42 33 -5.940787027198160e+05
33 61  1.134809876926071e+04
61 33  1.134809876926071e+04
33 62  8.038028371879099e+02
62 33  8.038028371879099e+02
33 63 -1.869517305583650e+04
63 33 -1.869517305583650e+04
33 64  2.045386440251102e+06
64 33  2.045386440251102e+06
33 65 -3.253889203433482e+06
65 33 -3.253889203433482e+06
33 66 -4.068523229943928e+05
66 33 -4.068523229943928e+05
33 67  1.396450194744775e+04
67 33  1.396450194744775e+04
33 68  1.048314724954524e+04
68 33  1.048314724954524e+04
33 69 -5.483320516210143e+04
69 33 -5.483320516210143e+04
33 70  2.045386440251102e+06
70 33  2.045386440251102e+06
33 71 -2.398302090993659e+06
71 33 -2.398302090993659e+06
33 72 -4.068523229943928e+05
72 33 -4.068523229943928e+05
34 34  5.076584641407263e+08
34 35  2.064033441603184e+03
35 34  2.064033441603184e+03
34 36 -4.955145780987804e+07
36 34 -4.955145780987804e+07
34 37 -5.940787028756114e+05
37 34 -5.940787028756114e+05
34 38  9.010517862988104e-12
38 34  9.010517862988104e-12
34 39 -6.044300031579664e+06
39 34 -6.044300031579664e+06
34 40  5.063886546613253e+08
40 34  5.063886546613253e+08
34 41 -1.604494886174798e+02
41 34 -1.604494886174798e+02
34 42 -4.987497429409582e+07
42 34 -4.987497429409582e+07
34 61  4.180480548346425e+05
61 34  4.180480548346425e+05
34 62 -1.021845472479428e+03
62 34 -1.021845472479428e+03
34 63  2.041990279465872e+06
63 34  2.041990279465872e+06
34 64  2.071931677502461e+08
64 34  2.071931677502461e+08
34 65 -1.944863990113720e+07
65 34 -1.944863990113720e+07
34 66 -4.120541078479015e+07
66 34 -4.120541078479015e+07
34 67 -4.180480548346422e+05
67 34 -4.180480548346422e+05
34 68  8.479457335177629e-12
68 34  8.479457335177629e-12
34 69 -2.041990279465872e+06
69 34 -2.041990279465872e+06
34 70  2.066323343384026e+08
70 34  2.066323343384026e+08
34 71  1.964439903265349e+07
71 34  1.964439903265349e+07
34 72 -4.112221926709473e+07
72 34 -4.112221926709473e+07
35 35  5.043578172797664e+08
35 36  2.093786768249865e+04
36 35  2.093786768249865e+04
35 37 -2.578835821245758e+05
37 35 -2.578835821245758e+05
35 38 -4.038967834731580e-28
38 35 -4.038967834731580e-28
35 39  2.539924883946311e+04
39 35  2.539924883946311e+04
35 40  1.604494886919856e+02
40 35  1.604494886919856e+02
35 41  4.329972391372754e+08
41 35  4.329972391372754e+08
