1 1  7.390998647700793e+04
1 2 -3.505668126914758e+03
2 1 -3.505668126914758e+03
1 3  4.075659477879906e+03
3 1  4.075659477879906e+03
1 4 -1.492519203374493e+05
4 1 -1.492519203374493e+05
1 5 -3.284227791265260e+06
5 1 -3.284227791265260e+06
1 6 -3.044345726341008e+06
6 1 -3.044345726341008e+06
1 7 -3.716479306390423e+03
7 1 -3.716479306390423e+03
1 8 -2.687996190967833e+02
8 1 -2.687996190967833e+02
1 9  4.471436175639234e+03
9 1  4.471436175639234e+03
1 10 -1.492519203374493e+05
10 1 -1.492519203374493e+05
1 11 -2.422926038723597e+06
11 1 -2.422926038723597e+06
1 12 -3.044345726341008e+06
12 1 -3.044345726341008e+06
1 31 -1.737634315785247e+04
31 1 -1.737634315785247e+04
1 32  2.687996190967833e+02
32 1  2.687996190967833e+02
1 33 -4.576326196726291e+03
33 1 -4.576326196726291e+03
1 34 -2.050111942436190e+05
34 1 -2.050111942436190e+05
1 35 -3.284227791265260e+06
35 1 -3.284227791265260e+06
1 36 -2.081515255038150e+06
36 1 -2.081515255038150e+06
1 37 -5.281716401276502e+04
37 1 -5.281716401276502e+04
1 38  3.505668126914758e+03
38 1  3.505668126914758e+03
1 39 -3.970769456792848e+03
39 1 -3.970769456792848e+03
1 40 -2.050111942436190e+05
40 1 -2.050111942436190e+05
1 41 -2.422926038723597e+06
41 1 -2.422926038723597e+06
1 42 -2.081515255038150e+06
42 1 -2.081515255038150e+06
2 2  1.418806922257291e+05
2 3 -7.135908052550387e+04
3 2 -7.135908052550387e+04
2 4  6.955730366033609e+03
4 2  6.955730366033609e+03
2 6 -3.417151967772548e+02
6 2 -3.417151967772548e+02
2 7  2.687996190967833e+02
7 2  2.687996190967833e+02
2 8 -5.637777043164311e+04
8 2 -5.637777043164311e+04
2 9  5.471508702460402e+03
9 2  5.471508702460402e+03
2 10 -2.224014604113572e-13
10 2 -2.224014604113572e-13
2 11 -3.637978807091714e-12
11 2 -3.637978807091714e-12
2 12 -4.527058223406551e-12
12 2 -4.527058223406551e-12
2 31 -2.687996190967833e+02
31 2 -2.687996190967833e+02
2 32  5.614179096142884e+04
32 2  5.614179096142884e+04
2 33 -5.471508702460402e+03
33 2 -5.471508702460402e+03
2 34  6.955730366033609e+03
34 2  6.955730366033609e+03
2 35  3.637978807091714e-12
35 2  3.637978807091714e-12
2 36 -3.417151967772588e+02
36 2 -3.417151967772588e+02
2 37  3.505668126914758e+03
37 2  3.505668126914758e+03
2 38 -1.416447127555149e+05
38 2 -1.416447127555149e+05
2 39  7.135908052550387e+04
39 2  7.135908052550387e+04
2 40 -4.206223701999153e-13
40 2 -4.206223701999153e-13
2 42 -8.561913021795256e-12
42 2 -8.561913021795256e-12
3 3  1.566712114770937e+05
3 4  1.360387271392592e+04
4 3  1.360387271392592e+04
3 5  1.613447455401469e+05
5 3  1.613447455401469e+05
3 6  1.492519203374493e+05
6 3  1.492519203374493e+05
3 7  4.471436175639234e+03
7 3  4.471436175639234e+03
3 8 -5.471508702460402e+03
8 3 -5.471508702460402e+03
3 9  8.708147312659890e+04
9 3  8.708147312659890e+04
3 10  1.360387271392592e+04
10 3  1.360387271392592e+04
3 11  1.190314466676653e+05
11 3  1.190314466676653e+05
3 12  1.492519203374493e+05
12 3  1.492519203374493e+05
3 31 -3.446404154057250e+03
31 3 -3.446404154057250e+03
3 32  5.471508702460402e+03
32 3  5.471508702460402e+03
3 33 -8.730426327609179e+04
33 3 -8.730426327609179e+04
3 34  1.007161532951255e+04
34 3  1.007161532951255e+04
3 35  1.613447455401469e+05
35 3  1.613447455401469e+05
3 36  1.022589084884031e+05
36 3  1.022589084884031e+05
3 37 -5.100691499461890e+03
37 3 -5.100691499461890e+03
3 38  7.135908052550387e+04
38 3  7.135908052550387e+04
3 39 -1.564484213276008e+05
39 3 -1.564484213276008e+05
3 40  1.007161532951255e+04
40 3  1.007161532951255e+04
3 41  1.190314466676653e+05
41 3  1.190314466676653e+05
3 42  1.022589084884031e+05
42 3  1.022589084884031e+05
4 4  2.892784782126433e+06
4 5  9.686383610882659e+05
5 4  9.686383610882659e+05
4 6  1.244745413269823e+07
6 4  1.244745413269823e+07
4 7  1.492519203374493e+05
7 4  1.492519203374493e+05
4 8 -2.224014604113572e-13
8 4 -2.224014604113572e-13
4 9 -1.360387271392591e+04
9 4 -1.360387271392591e+04
4 10  6.155198557128590e+05
10 4  6.155198557128590e+05
4 11 -9.589277555648119e+05
11 4 -9.589277555648119e+05
4 12  1.252911837593589e+07
12 4  1.252911837593589e+07
4 31 -1.022166650066679e+05
31 4 -1.022166650066679e+05
4 32 -6.955730366033608e+03
32 4 -6.955730366033608e+03
4 33  1.064429538212615e+04
33 4  1.064429538212615e+04
4 34  1.020551549079870e+06
34 4  1.020551549079870e+06
4 35  9.589277555648119e+05
35 4  9.589277555648119e+05
4 36  1.036573282465423e+07
36 4  1.036573282465423e+07
4 37  1.022166650066679e+05
37 4  1.022166650066679e+05
4 38 -4.206223701999153e-13
38 4 -4.206223701999153e-13
4 39 -1.064429538212615e+04
39 4 -1.064429538212615e+04
4 40  1.019171538258078e+06
40 4  1.019171538258078e+06
4 41 -9.686383610882659e+05
41 4 -9.686383610882659e+05
4 42  1.033764222971106e+07
42 4  1.033764222971106e+07
5 5  2.521789226478802e+08
5 6  1.971696701074249e+07
6 5  1.971696701074249e+07
5 7 -2.422926038723597e+06
7 5 -2.422926038723597e+06
5 8  3.637978807091714e-12
8 5  3.637978807091714e-12
5 9  1.190314466676653e+05
9 5  1.190314466676653e+05
5 10  9.589277555648120e+05
10 5  9.589277555648120e+05
5 11  2.164986300138448e+08
11 5  2.164986300138448e+08
5 12  1.951930429527336e+07
12 5  1.951930429527336e+07
5 31  3.283452490155734e+06
31 5  3.283452490155734e+06
5 32 -3.637978807091714e-12
32 5 -3.637978807091714e-12
5 33 -1.718552305181182e+05
33 5 -1.718552305181182e+05
5 34 -1.914724983249072e+06
34 5 -1.914724983249072e+06
5 35  2.514255111940735e+08
35 5  2.514255111940735e+08
5 36 -1.944880035062590e+07
36 5 -1.944880035062590e+07
5 37  2.423701339833123e+06
37 5  2.423701339833123e+06
5 39 -1.085209616896940e+05
39 5 -1.085209616896940e+05
5 40 -1.924435588772526e+06
40 5 -1.924435588772526e+06
5 41  2.157870059934184e+08
41 5  2.157870059934184e+08
5 42 -1.964646306609502e+07
42 5 -1.964646306609502e+07
6 6  2.556534871287226e+08
6 7  3.044345726341008e+06
7 6  3.044345726341008e+06
6 8 -4.527058223406551e-12
8 6 -4.527058223406551e-12
6 9 -1.492519203374493e+05
9 6 -1.492519203374493e+05
6 10  1.252911837593589e+07
10 6  1.252911837593589e+07
6 11 -1.951930429527336e+07
11 6 -1.951930429527336e+07
6 12  2.550345140310879e+08
12 6  2.550345140310879e+08
6 31 -2.080655374437453e+06
31 6 -2.080655374437453e+06
6 32  3.417151967772680e+02
32 6  3.417151967772680e+02
6 33  2.166682936923818e+05
33 6  2.166682936923818e+05
6 34  2.077367780826133e+07
34 6  2.077367780826133e+07
6 35  1.951930429527336e+07
35 6  1.951930429527336e+07
6 36  2.109980570212560e+08
36 6  2.109980570212560e+08
6 37  2.080655374437453e+06
37 6  2.080655374437453e+06
6 38 -8.561913021795256e-12
38 6 -8.561913021795256e-12
6 39 -2.166682936923818e+05
39 6 -2.166682936923818e+05
6 40  2.074558721331817e+07
40 6  2.074558721331817e+07
6 41 -1.971696701074249e+07
41 6 -1.971696701074249e+07
6 42  2.104262632992065e+08
42 6  2.104262632992065e+08
7 7  1.478199729540159e+05
7 9  8.151318955759813e+03
9 7  8.151318955759813e+03
7 11 -6.568455582530519e+06
11 7 -6.568455582530519e+06
7 13 -3.716479306390423e+03
13 7 -3.716479306390423e+03
7 14 -2.687996190967833e+02
14 7 -2.687996190967833e+02
7 15  4.471436175639234e+03
15 7  4.471436175639234e+03
7 16 -1.492519203374493e+05
16 7 -1.492519203374493e+05
7 17 -2.422926038723597e+06
17 7 -2.422926038723597e+06
7 18 -3.044345726341008e+06
18 7 -3.044345726341008e+06
7 31 -5.281716401276502e+04
31 7 -5.281716401276502e+04
7 32 -3.505668126914758e+03
32 7 -3.505668126914758e+03
7 33 -3.970769456792848e+03
33 7 -3.970769456792848e+03
7 34  2.050111942436190e+05
34 7  2.050111942436190e+05
7 35 -2.422926038723597e+06
35 7 -2.422926038723597e+06
7 36  2.081515255038150e+06
36 7  2.081515255038150e+06
7 37 -3.475268631570494e+04
37 7 -3.475268631570494e+04
7 39 -9.152652393452581e+03
39 7 -9.152652393452581e+03
7 41 -6.568455582530519e+06
41 7 -6.568455582530519e+06
7 43 -5.281716401276502e+04
43 7 -5.281716401276502e+04
7 44  3.505668126914758e+03
44 7  3.505668126914758e+03
7 45 -3.970769456792848e+03
45 7 -3.970769456792848e+03
7 46 -2.050111942436190e+05
46 7 -2.050111942436190e+05
7 47 -2.422926038723597e+06
47 7 -2.422926038723597e+06
7 48 -2.081515255038150e+06
48 7 -2.081515255038150e+06
8 8  2.837613844514582e+05
8 10  1.391146073206722e+04
10 8  1.391146073206722e+04
8 12 -6.834303935545096e+02
12 8 -6.834303935545096e+02
8 13  2.687996190967833e+02
13 8  2.687996190967833e+02
8 14 -5.637777043164311e+04
14 8 -5.637777043164311e+04
8 15  5.471508702460402e+03
15 8  5.471508702460402e+03
8 16 -2.224014604113572e-13
16 8 -2.224014604113572e-13
8 17 -3.637978807091714e-12
17 8 -3.637978807091714e-12
8 18 -4.527058223406551e-12
18 8 -4.527058223406551e-12
8 31 -3.505668126914758e+03
31 8 -3.505668126914758e+03
8 32 -1.416447127555149e+05
32 8 -1.416447127555149e+05
8 33 -7.135908052550387e+04
33 8 -7.135908052550387e+04
8 34 -4.206223701999153e-13
34 8 -4.206223701999153e-13
8 36 -8.561913021795256e-12
36 8 -8.561913021795256e-12
8 38  1.122835819228577e+05
38 8  1.122835819228577e+05
8 40  1.391146073206722e+04
40 8  1.391146073206722e+04
8 42 -6.834303935545177e+02
42 8 -6.834303935545177e+02
8 43  3.505668126914758e+03
43 8  3.505668126914758e+03
8 44 -1.416447127555149e+05
44 8 -1.416447127555149e+05
8 45  7.135908052550387e+04
45 8  7.135908052550387e+04
8 46 -4.206223701999153e-13
46 8 -4.206223701999153e-13
8 48 -8.561913021795256e-12
48 8 -8.561913021795256e-12
9 9  3.133424229541874e+05
9 11  3.226894910802938e+05
11 9  3.226894910802938e+05
9 13  4.471436175639234e+03
13 9  4.471436175639234e+03
9 14 -5.471508702460402e+03
14 9 -5.471508702460402e+03
9 15  8.708147312659890e+04
15 9  8.708147312659890e+04
9 16  1.360387271392592e+04
16 9  1.360387271392592e+04
9 17  1.190314466676653e+05
17 9  1.190314466676653e+05
9 18  1.492519203374493e+05
18 9  1.492519203374493e+05
9 31 -5.100691499461890e+03
31 9 -5.100691499461890e+03
9 32 -7.135908052550387e+04
32 9 -7.135908052550387e+04
9 33 -1.564484213276008e+05
33 9 -1.564484213276008e+05
9 34 -1.007161532951255e+04
34 9 -1.007161532951255e+04
9 35  1.190314466676653e+05
35 9  1.190314466676653e+05
9 36 -1.022589084884031e+05
36 9 -1.022589084884031e+05
9 37 -6.892808308114500e+03
37 9 -6.892808308114500e+03
9 39 -1.746085265521836e+05
39 9 -1.746085265521836e+05
9 41  3.226894910802938e+05
41 9  3.226894910802938e+05
9 43 -5.100691499461890e+03
43 9 -5.100691499461890e+03
9 44  7.135908052550387e+04
44 9  7.135908052550387e+04
9 45 -1.564484213276008e+05
45 9 -1.564484213276008e+05
9 46  1.007161532951255e+04
46 9  1.007161532951255e+04
9 47  1.190314466676653e+05
47 9  1.190314466676653e+05
9 48  1.022589084884031e+05
48 9  1.022589084884031e+05
10 10  5.785569564252866e+06
10 12  2.489490826539647e+07
12 10  2.489490826539647e+07
10 13  1.492519203374493e+05
13 10  1.492519203374493e+05
10 14 -2.224014604113572e-13
14 10 -2.224014604113572e-13
10 15 -1.360387271392591e+04
15 10 -1.360387271392591e+04
10 16  6.155198557128590e+05
16 10  6.155198557128590e+05
10 17 -9.589277555648119e+05
17 10 -9.589277555648119e+05
10 18  1.252911837593589e+07
18 10  1.252911837593589e+07
10 31 -1.022166650066679e+05
31 10 -1.022166650066679e+05
10 32 -4.206223701999153e-13
32 10 -4.206223701999153e-13
10 33  1.064429538212615e+04
33 10  1.064429538212615e+04
10 34  1.019171538258078e+06
34 10  1.019171538258078e+06
10 35  9.686383610882659e+05
35 10  9.686383610882659e+05
10 36  1.033764222971106e+07
36 10  1.033764222971106e+07
10 38 -1.391146073206722e+04
38 10 -1.391146073206722e+04
10 40  2.041103098159740e+06
40 10  2.041103098159740e+06
10 42  2.073146564930845e+07
42 10  2.073146564930845e+07
10 43  1.022166650066679e+05
43 10  1.022166650066679e+05
10 44 -4.206223701999153e-13
44 10 -4.206223701999153e-13
10 45 -1.064429538212615e+04
45 10 -1.064429538212615e+04
10 46  1.019171538258078e+06
46 10  1.019171538258078e+06
10 47 -9.686383610882659e+05
47 10 -9.686383610882659e+05
10 48  1.033764222971106e+07
48 10  1.033764222971106e+07
11 11  5.043578452957605e+08
11 13 -2.422926038723597e+06
13 11 -2.422926038723597e+06
11 14  3.637978807091714e-12
14 11  3.637978807091714e-12
11 15  1.190314466676653e+05
15 11  1.190314466676653e+05
11 16  9.589277555648120e+05
16 11  9.589277555648120e+05
11 17  2.164986300138448e+08
17 11  2.164986300138448e+08
11 18  1.951930429527336e+07
18 11  1.951930429527336e+07
11 31  2.423701339833123e+06
31 11  2.423701339833123e+06
11 33 -1.085209616896940e+05
33 11 -1.085209616896940e+05
11 34  1.924435588772526e+06
34 11  1.924435588772526e+06
11 35  2.157870059934184e+08
35 11  2.157870059934184e+08
11 36  1.964646306609502e+07
36 11  1.964646306609502e+07
11 37  6.566904980311468e+06
37 11  6.566904980311468e+06
11 39 -3.437104610362363e+05
39 11 -3.437104610362363e+05
11 41  5.028510223881471e+08
41 11  5.028510223881471e+08
11 43  2.423701339833123e+06
43 11  2.423701339833123e+06
11 45 -1.085209616896940e+05
45 11 -1.085209616896940e+05
11 46 -1.924435588772526e+06
46 11 -1.924435588772526e+06
11 47  2.157870059934184e+08
47 11  2.157870059934184e+08
11 48 -1.964646306609502e+07
48 11 -1.964646306609502e+07
12 12  5.113069742574453e+08
12 13  3.044345726341008e+06
13 12  3.044345726341008e+06
12 14 -4.527058223406551e-12
14 12 -4.527058223406551e-12
12 15 -1.492519203374493e+05
15 12 -1.492519203374493e+05
12 16  1.252911837593589e+07
16 12  1.252911837593589e+07
12 17 -1.951930429527336e+07
17 12 -1.951930429527336e+07
12 18  2.550345140310879e+08
18 12  2.550345140310879e+08
12 31 -2.080655374437453e+06
31 12 -2.080655374437453e+06
12 32 -8.561913021795256e-12
32 12 -8.561913021795256e-12
12 33  2.166682936923818e+05
33 12  2.166682936923818e+05
12 34  2.074558721331817e+07
34 12  2.074558721331817e+07
12 35  1.971696701074249e+07
35 12  1.971696701074249e+07
12 36  2.104262632992065e+08
36 12  2.104262632992065e+08
12 38  6.834303935545360e+02
38 12  6.834303935545360e+02
12 40  4.154735561652266e+07
40 12  4.154735561652266e+07
12 42  4.219961140425119e+08
42 12  4.219961140425119e+08
12 43  2.080655374437453e+06
43 12  2.080655374437453e+06
12 44 -8.561913021795256e-12
44 12 -8.561913021795256e-12
12 45 -2.166682936923818e+05
45 12 -2.166682936923818e+05
12 46  2.074558721331817e+07
46 12  2.074558721331817e+07
12 47 -1.971696701074249e+07
47 12 -1.971696701074249e+07
12 48  2.104262632992065e+08
48 12  2.104262632992065e+08
13 13  1.478199729540159e+05
13 15  8.151318955759813e+03
15 13  8.151318955759813e+03
13 17 -6.568455582530519e+06
17 13 -6.568455582530519e+06
13 19 -3.716479306390423e+03
19 13 -3.716479306390423e+03
13 20 -2.687996190967833e+02
20 13 -2.687996190967833e+02
13 21  4.471436175639234e+03
21 13  4.471436175639234e+03
13 22 -1.492519203374493e+05
22 13 -1.492519203374493e+05
13 23 -2.422926038723597e+06
23 13 -2.422926038723597e+06
13 24 -3.044345726341008e+06
24 13 -3.044345726341008e+06
13 37 -5.281716401276502e+04
37 13 -5.281716401276502e+04
13 38 -3.505668126914758e+03
38 13 -3.505668126914758e+03
13 39 -3.970769456792848e+03
39 13 -3.970769456792848e+03
13 40  2.050111942436190e+05
40 13  2.050111942436190e+05
13 41 -2.422926038723597e+06
41 13 -2.422926038723597e+06
13 42  2.081515255038150e+06
42 13  2.081515255038150e+06
13 43 -3.475268631570494e+04
43 13 -3.475268631570494e+04
13 45 -9.152652393452581e+03
45 13 -9.152652393452581e+03
13 47 -6.568455582530519e+06
47 13 -6.568455582530519e+06
13 49 -5.281716401276502e+04
49 13 -5.281716401276502e+04
13 50  3.505668126914758e+03
50 13  3.505668126914758e+03
13 51 -3.970769456792848e+03
51 13 -3.970769456792848e+03
13 52 -2.050111942436190e+05
52 13 -2.050111942436190e+05
13 53 -2.422926038723597e+06
53 13 -2.422926038723597e+06
13 54 -2.081515255038150e+06
54 13 -2.081515255038150e+06
14 14  2.837613844514582e+05
14 16  1.391146073206722e+04
16 14  1.391146073206722e+04
14 18 -6.834303935545096e+02
18 14 -6.834303935545096e+02
14 19  2.687996190967833e+02
19 14  2.687996190967833e+02
14 20 -5.637777043164311e+04
20 14 -5.637777043164311e+04
14 21  5.471508702460402e+03
21 14  5.471508702460402e+03
14 22 -2.224014604113572e-13
22 14 -2.224014604113572e-13
14 23 -3.637978807091714e-12
23 14 -3.637978807091714e-12
14 24 -4.527058223406551e-12
24 14 -4.527058223406551e-12
14 37 -3.505668126914758e+03
37 14 -3.505668126914758e+03
14 38 -1.416447127555149e+05
38 14 -1.416447127555149e+05
14 39 -7.135908052550387e+04
39 14 -7.135908052550387e+04
14 40 -4.206223701999153e-13
40 14 -4.206223701999153e-13
14 42 -8.561913021795256e-12
42 14 -8.561913021795256e-12
14 44  1.122835819228577e+05
44 14  1.122835819228577e+05
14 46  1.391146073206722e+04
46 14  1.391146073206722e+04
14 48 -6.834303935545177e+02
48 14 -6.834303935545177e+02
14 49  3.505668126914758e+03
49 14  3.505668126914758e+03
14 50 -1.416447127555149e+05
50 14 -1.416447127555149e+05
14 51  7.135908052550387e+04
51 14  7.135908052550387e+04
14 52 -4.206223701999153e-13
52 14 -4.206223701999153e-13
14 54 -8.561913021795256e-12
54 14 -8.561913021795256e-12
15 15  3.133424229541874e+05
15 17  3.226894910802938e+05
17 15  3.226894910802938e+05
15 19  4.471436175639234e+03
19 15  4.471436175639234e+03
15 20 -5.471508702460402e+03
20 15 -5.471508702460402e+03
15 21  8.708147312659890e+04
21 15  8.708147312659890e+04
15 22  1.360387271392592e+04
22 15  1.360387271392592e+04
15 23  1.190314466676653e+05
23 15  1.190314466676653e+05
15 24  1.492519203374493e+05
24 15  1.492519203374493e+05
15 37 -5.100691499461890e+03
37 15 -5.100691499461890e+03
15 38 -7.135908052550387e+04
38 15 -7.135908052550387e+04
15 39 -1.564484213276008e+05
39 15 -1.564484213276008e+05
15 40 -1.007161532951255e+04
40 15 -1.007161532951255e+04
15 41  1.190314466676653e+05
41 15  1.190314466676653e+05
15 42 -1.022589084884031e+05
42 15 -1.022589084884031e+05
15 43 -6.892808308114500e+03
43 15 -6.892808308114500e+03
15 45 -1.746085265521836e+05
45 15 -1.746085265521836e+05
15 47  3.226894910802938e+05
47 15  3.226894910802938e+05
15 49 -5.100691499461890e+03
49 15 -5.100691499461890e+03
15 50  7.135908052550387e+04
50 15  7.135908052550387e+04
15 51 -1.564484213276008e+05
51 15 -1.564484213276008e+05
15 52  1.007161532951255e+04
52 15  1.007161532951255e+04
15 53  1.190314466676653e+05
53 15  1.190314466676653e+05
15 54  1.022589084884031e+05
54 15  1.022589084884031e+05
16 16  5.785569564252866e+06
16 18  2.489490826539647e+07
18 16  2.489490826539647e+07
16 19  1.492519203374493e+05
19 16  1.492519203374493e+05
16 20 -2.224014604113572e-13
20 16 -2.224014604113572e-13
16 21 -1.360387271392591e+04
21 16 -1.360387271392591e+04
16 22  6.155198557128590e+05
22 16  6.155198557128590e+05
16 23 -9.589277555648119e+05
23 16 -9.589277555648119e+05
16 24  1.252911837593589e+07
24 16  1.252911837593589e+07
16 37 -1.022166650066679e+05
37 16 -1.022166650066679e+05
16 38 -4.206223701999153e-13
38 16 -4.206223701999153e-13
16 39  1.064429538212615e+04
39 16  1.064429538212615e+04
16 40  1.019171538258078e+06
40 16  1.019171538258078e+06
16 41  9.686383610882659e+05
41 16  9.686383610882659e+05
16 42  1.033764222971106e+07
42 16  1.033764222971106e+07
16 44 -1.391146073206722e+04
44 16 -1.391146073206722e+04
16 46  2.041103098159740e+06
46 16  2.041103098159740e+06
16 48  2.073146564930845e+07
48 16  2.073146564930845e+07
16 49  1.022166650066679e+05
49 16  1.022166650066679e+05
16 50 -4.206223701999153e-13
50 16 -4.206223701999153e-13
16 51 -1.064429538212615e+04
51 16 -1.064429538212615e+04
16 52  1.019171538258078e+06
52 16  1.019171538258078e+06
16 53 -9.686383610882659e+05
53 16 -9.686383610882659e+05
16 54  1.033764222971106e+07
54 16  1.033764222971106e+07
17 17  5.043578452957605e+08
17 19 -2.422926038723597e+06
19 17 -2.422926038723597e+06
17 20  3.637978807091714e-12
20 17  3.637978807091714e-12
17 21  1.190314466676653e+05
21 17  1.190314466676653e+05
17 22  9.589277555648120e+05
22 17  9.589277555648120e+05
17 23  2.164986300138448e+08
23 17  2.164986300138448e+08
17 24  1.951930429527336e+07
24 17  1.951930429527336e+07
17 37  2.423701339833123e+06
37 17  2.423701339833123e+06
17 39 -1.085209616896940e+05
39 17 -1.085209616896940e+05
17 40  1.924435588772526e+06
40 17  1.924435588772526e+06
17 41  2.157870059934184e+08
41 17  2.157870059934184e+08
17 42  1.964646306609502e+07
42 17  1.964646306609502e+07
17 43  6.566904980311468e+06
43 17  6.566904980311468e+06
17 45 -3.437104610362363e+05
45 17 -3.437104610362363e+05
17 47  5.028510223881471e+08
47 17  5.028510223881471e+08
17 49  2.423701339833123e+06
49 17  2.423701339833123e+06
17 51 -1.085209616896940e+05
51 17 -1.085209616896940e+05
17 52 -1.924435588772526e+06
52 17 -1.924435588772526e+06
17 53  2.157870059934184e+08
53 17  2.157870059934184e+08
17 54 -1.964646306609502e+07
54 17 -1.964646306609502e+07
18 18  5.113069742574453e+08
18 19  3.044345726341008e+06
19 18  3.044345726341008e+06
18 20 -4.527058223406551e-12
20 18 -4.527058223406551e-12
18 21 -1.492519203374493e+05
21 18 -1.492519203374493e+05
18 22  1.252911837593589e+07
22 18  1.252911837593589e+07
18 23 -1.951930429527336e+07
23 18 -1.951930429527336e+07
18 24  2.550345140310879e+08
24 18  2.550345140310879e+08
18 37 -2.080655374437453e+06
37 18 -2.080655374437453e+06
18 38 -8.561913021795256e-12
38 18 -8.561913021795256e-12
18 39  2.166682936923818e+05
39 18  2.166682936923818e+05
18 40  2.074558721331817e+07
40 18  2.074558721331817e+07
18 41  1.971696701074249e+07
41 18  1.971696701074249e+07
18 42  2.104262632992065e+08
42 18  2.104262632992065e+08
18 44  6.834303935545360e+02
44 18  6.834303935545360e+02
18 46  4.154735561652266e+07
46 18  4.154735561652266e+07
18 48  4.219961140425119e+08
48 18  4.219961140425119e+08
18 49  2.080655374437453e+06
49 18  2.080655374437453e+06
18 50 -8.561913021795256e-12
50 18 -8.561913021795256e-12
18 51 -2.166682936923818e+05
51 18 -2.166682936923818e+05
18 52  2.074558721331817e+07
52 18  2.074558721331817e+07
18 53 -1.971696701074249e+07
53 18 -1.971696701074249e+07
18 54  2.104262632992065e+08
54 18  2.104262632992065e+08
19 19  1.478199729540159e+05
19 21  8.151318955759813e+03
21 19  8.151318955759813e+03
19 23 -6.568455582530519e+06
23 19 -6.568455582530519e+06
19 25 -3.716479306390423e+03
25 19 -3.716479306390423e+03
19 26 -2.687996190967833e+02
26 19 -2.687996190967833e+02
19 27  4.471436175639234e+03
27 19  4.471436175639234e+03
19 28 -1.492519203374493e+05
28 19 -1.492519203374493e+05
19 29 -2.422926038723597e+06
29 19 -2.422926038723597e+06
19 30 -3.044345726341008e+06
30 19 -3.044345726341008e+06
19 43 -5.281716401276502e+04
43 19 -5.281716401276502e+04
19 44 -3.505668126914758e+03
44 19 -3.505668126914758e+03
19 45 -3.970769456792848e+03
45 19 -3.970769456792848e+03
19 46  2.050111942436190e+05
46 19  2.050111942436190e+05
19 47 -2.422926038723597e+06
47 19 -2.422926038723597e+06
19 48  2.081515255038150e+06
48 19  2.081515255038150e+06
19 49 -3.475268631570494e+04
49 19 -3.475268631570494e+04
19 51 -9.152652393452581e+03
51 19 -9.152652393452581e+03
19 53 -6.568455582530519e+06
53 19 -6.568455582530519e+06
19 55 -5.281716401276502e+04
55 19 -5.281716401276502e+04
19 56  3.505668126914758e+03
56 19  3.505668126914758e+03
19 57 -3.970769456792848e+03
57 19 -3.970769456792848e+03
19 58 -2.050111942436190e+05
58 19 -2.050111942436190e+05
19 59 -2.422926038723597e+06
59 19 -2.422926038723597e+06
19 60 -2.081515255038150e+06
60 19 -2.081515255038150e+06
20 20  2.837613844514582e+05
20 22  1.391146073206722e+04
22 20  1.391146073206722e+04
20 24 -6.834303935545096e+02
24 20 -6.834303935545096e+02
20 25  2.687996190967833e+02
25 20  2.687996190967833e+02
20 26 -5.637777043164311e+04
26 20 -5.637777043164311e+04
20 27  5.471508702460402e+03
27 20  5.471508702460402e+03
20 28 -2.224014604113572e-13
28 20 -2.224014604113572e-13
20 29 -3.637978807091714e-12
29 20 -3.637978807091714e-12
20 30 -4.527058223406551e-12
30 20 -4.527058223406551e-12
20 43 -3.505668126914758e+03
43 20 -3.505668126914758e+03
20 44 -1.416447127555149e+05
44 20 -1.416447127555149e+05
20 45 -7.135908052550387e+04
45 20 -7.135908052550387e+04
20 46 -4.206223701999153e-13
46 20 -4.206223701999153e-13
20 48 -8.561913021795256e-12
48 20 -8.561913021795256e-12
20 50  1.122835819228577e+05
50 20  1.122835819228577e+05
20 52  1.391146073206722e+04
52 20  1.391146073206722e+04
20 54 -6.834303935545177e+02
54 20 -6.834303935545177e+02
20 55  3.505668126914758e+03
55 20  3.505668126914758e+03
20 56 -1.416447127555149e+05
56 20 -1.416447127555149e+05
20 57  7.135908052550387e+04
57 20  7.135908052550387e+04
20 58 -4.206223701999153e-13
58 20 -4.206223701999153e-13
20 60 -8.561913021795256e-12
60 20 -8.561913021795256e-12
21 21  3.133424229541874e+05
21 23  3.226894910802938e+05
23 21  3.226894910802938e+05
21 25  4.471436175639234e+03
25 21  4.471436175639234e+03
21 26 -5.471508702460402e+03
26 21 -5.471508702460402e+03
21 27  8.708147312659890e+04
27 21  8.708147312659890e+04
21 28  1.360387271392592e+04
28 21  1.360387271392592e+04
21 29  1.190314466676653e+05
29 21  1.190314466676653e+05
21 30  1.492519203374493e+05
30 21  1.492519203374493e+05
21 43 -5.100691499461890e+03
43 21 -5.100691499461890e+03
21 44 -7.135908052550387e+04
44 21 -7.135908052550387e+04
21 45 -1.564484213276008e+05
45 21 -1.564484213276008e+05
21 46 -1.007161532951255e+04
46 21 -1.007161532951255e+04
21 47  1.190314466676653e+05
47 21  1.190314466676653e+05
21 48 -1.022589084884031e+05
48 21 -1.022589084884031e+05
21 49 -6.892808308114500e+03
49 21 -6.892808308114500e+03
21 51 -1.746085265521836e+05
51 21 -1.746085265521836e+05
21 53  3.226894910802938e+05
53 21  3.226894910802938e+05
21 55 -5.100691499461890e+03
55 21 -5.100691499461890e+03
21 56  7.135908052550387e+04
56 21  7.135908052550387e+04
21 57 -1.564484213276008e+05
57 21 -1.564484213276008e+05
21 58  1.007161532951255e+04
58 21  1.007161532951255e+04
21 59  1.190314466676653e+05
59 21  1.190314466676653e+05
21 60  1.022589084884031e+05
60 21  1.022589084884031e+05
22 22  5.785569564252866e+06
22 24  2.489490826539647e+07
24 22  2.489490826539647e+07
22 25  1.492519203374493e+05
25 22  1.492519203374493e+05
22 26 -2.224014604113572e-13
26 22 -2.224014604113572e-13
22 27 -1.360387271392591e+04
27 22 -1.360387271392591e+04
22 28  6.155198557128590e+05
28 22  6.155198557128590e+05
22 29 -9.589277555648119e+05
29 22 -9.589277555648119e+05
22 30  1.252911837593589e+07
30 22  1.252911837593589e+07
22 43 -1.022166650066679e+05
43 22 -1.022166650066679e+05
22 44 -4.206223701999153e-13
44 22 -4.206223701999153e-13
22 45  1.064429538212615e+04
45 22  1.064429538212615e+04
22 46  1.019171538258078e+06
46 22  1.019171538258078e+06
22 47  9.686383610882659e+05
47 22  9.686383610882659e+05
22 48  1.033764222971106e+07
48 22  1.033764222971106e+07
22 50 -1.391146073206722e+04
50 22 -1.391146073206722e+04
22 52  2.041103098159740e+06
52 22  2.041103098159740e+06
22 54  2.073146564930845e+07
54 22  2.073146564930845e+07
22 55  1.022166650066679e+05
55 22  1.022166650066679e+05
22 56 -4.206223701999153e-13
56 22 -4.206223701999153e-13
22 57 -1.064429538212615e+04
57 22 -1.064429538212615e+04
22 58  1.019171538258078e+06
58 22  1.019171538258078e+06
22 59 -9.686383610882659e+05
59 22 -9.686383610882659e+05
22 60  1.033764222971106e+07
60 22  1.033764222971106e+07
23 23  5.043578452957605e+08
23 25 -2.422926038723597e+06
25 23 -2.422926038723597e+06
23 26  3.637978807091714e-12
26 23  3.637978807091714e-12
23 27  1.190314466676653e+05
27 23  1.190314466676653e+05
23 28  9.589277555648120e+05
28 23  9.589277555648120e+05
23 29  2.164986300138448e+08
29 23  2.164986300138448e+08
23 30  1.951930429527336e+07
30 23  1.951930429527336e+07
23 43  2.423701339833123e+06
43 23  2.423701339833123e+06
23 45 -1.085209616896940e+05
45 23 -1.085209616896940e+05
23 46  1.924435588772526e+06
46 23  1.924435588772526e+06
23 47  2.157870059934184e+08
47 23  2.157870059934184e+08
23 48  1.964646306609502e+07
48 23  1.964646306609502e+07
23 49  6.566904980311468e+06
49 23  6.566904980311468e+06
23 51 -3.437104610362363e+05
51 23 -3.437104610362363e+05
23 53  5.028510223881471e+08
53 23  5.028510223881471e+08
23 55  2.423701339833123e+06
55 23  2.423701339833123e+06
23 57 -1.085209616896940e+05
57 23 -1.085209616896940e+05
23 58 -1.924435588772526e+06
58 23 -1.924435588772526e+06
23 59  2.157870059934184e+08
59 23  2.157870059934184e+08
23 60 -1.964646306609502e+07
60 23 -1.964646306609502e+07
24 24  5.113069742574453e+08
24 25  3.044345726341008e+06
25 24  3.044345726341008e+06
24 26 -4.527058223406551e-12
26 24 -4.527058223406551e-12
24 27 -1.492519203374493e+05
27 24 -1.492519203374493e+05
24 28  1.252911837593589e+07
28 24  1.252911837593589e+07
24 29 -1.951930429527336e+07
29 24 -1.951930429527336e+07
24 30  2.550345140310879e+08
30 24  2.550345140310879e+08
24 43 -2.080655374437453e+06
43 24 -2.080655374437453e+06
24 44 -8.561913021795256e-12
44 24 -8.561913021795256e-12
24 45  2.166682936923818e+05
45 24  2.166682936923818e+05
24 46  2.074558721331817e+07
46 24  2.074558721331817e+07
24 47  1.971696701074249e+07
47 24  1.971696701074249e+07
24 48  2.104262632992065e+08
48 24  2.104262632992065e+08
24 50  6.834303935545360e+02
50 24  6.834303935545360e+02
24 52  4.154735561652266e+07
52 24  4.154735561652266e+07
24 54  4.219961140425119e+08
54 24  4.219961140425119e+08
24 55  2.080655374437453e+06
55 24  2.080655374437453e+06
24 56 -8.561913021795256e-12
56 24 -8.561913021795256e-12
24 57 -2.166682936923818e+05
57 24 -2.166682936923818e+05
24 58  2.074558721331817e+07
58 24  2.074558721331817e+07
24 59 -1.971696701074249e+07
59 24 -1.971696701074249e+07
24 60  2.104262632992065e+08
60 24  2.104262632992065e+08
25 25  7.390998647700793e+04
25 26  3.505668126914758e+03
26 25  3.505668126914758e+03
25 27  4.075659477879906e+03
27 25  4.075659477879906e+03
25 28  1.492519203374493e+05
28 25  1.492519203374493e+05
25 29 -3.284227791265260e+06
29 25 -3.284227791265260e+06
25 30  3.044345726341008e+06
30 25  3.044345726341008e+06
25 49 -5.281716401276502e+04
49 25 -5.281716401276502e+04
25 50 -3.505668126914758e+03
50 25 -3.505668126914758e+03
25 51 -3.970769456792848e+03
51 25 -3.970769456792848e+03
25 52  2.050111942436190e+05
52 25  2.050111942436190e+05
25 53 -2.422926038723597e+06
53 25 -2.422926038723597e+06
25 54  2.081515255038150e+06
54 25  2.081515255038150e+06
25 55 -1.737634315785247e+04
55 25 -1.737634315785247e+04
25 56 -2.687996190967833e+02
56 25 -2.687996190967833e+02
25 57 -4.576326196726291e+03
57 25 -4.576326196726291e+03
25 58  2.050111942436190e+05
58 25  2.050111942436190e+05
25 59 -3.284227791265260e+06
59 25 -3.284227791265260e+06
25 60  2.081515255038150e+06
60 25  2.081515255038150e+06
26 26  1.418806922257291e+05
26 27  7.135908052550387e+04
27 26  7.135908052550387e+04
26 28  6.955730366033609e+03
28 26  6.955730366033609e+03
26 30 -3.417151967772548e+02
30 26 -3.417151967772548e+02
26 49 -3.505668126914758e+03
49 26 -3.505668126914758e+03
26 50 -1.416447127555149e+05
50 26 -1.416447127555149e+05
26 51 -7.135908052550387e+04
51 26 -7.135908052550387e+04
26 52 -4.206223701999153e-13
52 26 -4.206223701999153e-13
26 54 -8.561913021795256e-12
54 26 -8.561913021795256e-12
26 55  2.687996190967833e+02
55 26  2.687996190967833e+02
26 56  5.614179096142884e+04
56 26  5.614179096142884e+04
26 57  5.471508702460402e+03
57 26  5.471508702460402e+03
26 58  6.955730366033609e+03
58 26  6.955730366033609e+03
26 59 -3.637978807091714e-12
59 26 -3.637978807091714e-12
26 60 -3.417151967772588e+02
60 26 -3.417151967772588e+02
27 27  1.566712114770937e+05
27 28 -1.360387271392592e+04
28 27 -1.360387271392592e+04
27 29  1.613447455401469e+05
29 27  1.613447455401469e+05
27 30 -1.492519203374493e+05
30 27 -1.492519203374493e+05
27 49 -5.100691499461890e+03
49 27 -5.100691499461890e+03
27 50 -7.135908052550387e+04
50 27 -7.135908052550387e+04
27 51 -1.564484213276008e+05
51 27 -1.564484213276008e+05
27 52 -1.007161532951255e+04
52 27 -1.007161532951255e+04
27 53  1.190314466676653e+05
53 27  1.190314466676653e+05
27 54 -1.022589084884031e+05
54 27 -1.022589084884031e+05
27 55 -3.446404154057250e+03
55 27 -3.446404154057250e+03
27 56 -5.471508702460402e+03
56 27 -5.471508702460402e+03
27 57 -8.730426327609179e+04
57 27 -8.730426327609179e+04
27 58 -1.007161532951255e+04
58 27 -1.007161532951255e+04
27 59  1.613447455401469e+05
59 27  1.613447455401469e+05
27 60 -1.022589084884031e+05
60 27 -1.022589084884031e+05
28 28  2.892784782126433e+06
28 29 -9.686383610882659e+05
29 28 -9.686383610882659e+05
28 30  1.244745413269823e+07
30 28  1.244745413269823e+07
28 49 -1.022166650066679e+05
49 28 -1.022166650066679e+05
28 50 -4.206223701999153e-13
50 28 -4.206223701999153e-13
28 51  1.064429538212615e+04
51 28  1.064429538212615e+04
28 52  1.019171538258078e+06
52 28  1.019171538258078e+06
28 53  9.686383610882659e+05
53 28  9.686383610882659e+05
28 54  1.033764222971106e+07
54 28  1.033764222971106e+07
28 55  1.022166650066679e+05
55 28  1.022166650066679e+05
28 56 -6.955730366033608e+03
56 28 -6.955730366033608e+03
28 57 -1.064429538212615e+04
57 28 -1.064429538212615e+04
28 58  1.020551549079870e+06
58 28  1.020551549079870e+06
28 59 -9.589277555648119e+05
59 28 -9.589277555648119e+05
28 60  1.036573282465423e+07
60 28  1.036573282465423e+07
29 29  2.521789226478802e+08
29 30 -1.971696701074249e+07
30 29 -1.971696701074249e+07
29 49  2.423701339833123e+06
49 29  2.423701339833123e+06
29 51 -1.085209616896940e+05
51 29 -1.085209616896940e+05
29 52  1.924435588772526e+06
52 29  1.924435588772526e+06
29 53  2.157870059934184e+08
53 29  2.157870059934184e+08
29 54  1.964646306609502e+07
54 29  1.964646306609502e+07
29 55  3.283452490155734e+06
55 29  3.283452490155734e+06
29 56  3.637978807091714e-12
56 29  3.637978807091714e-12
29 57 -1.718552305181182e+05
57 29 -1.718552305181182e+05
29 58  1.914724983249072e+06
58 29  1.914724983249072e+06
29 59  2.514255111940735e+08
59 29  2.514255111940735e+08
29 60  1.944880035062590e+07
60 29  1.944880035062590e+07
30 30  2.556534871287226e+08
30 49 -2.080655374437453e+06
49 30 -2.080655374437453e+06
30 50 -8.561913021795256e-12
50 30 -8.561913021795256e-12
30 51  2.166682936923818e+05
51 30  2.166682936923818e+05
30 52  2.074558721331817e+07
52 30  2.074558721331817e+07
30 53  1.971696701074249e+07
53 30  1.971696701074249e+07
30 54  2.104262632992065e+08
54 30  2.104262632992065e+08
30 55  2.080655374437453e+06
55 30  2.080655374437453e+06
30 56  3.417151967772680e+02
56 30  3.417151967772680e+02
30 57 -2.166682936923818e+05
57 30 -2.166682936923818e+05
30 58  2.077367780826133e+07
58 30  2.077367780826133e+07
30 59 -1.951930429527336e+07
59 30 -1.951930429527336e+07
30 60  2.109980570212560e+08
60 30  2.109980570212560e+08
31 31  1.495685491489684e+05
31 32 -6.977479122630483e+03
32 31 -6.977479122630483e+03
31 33  1.611314947483674e+04
33 31  1.611314947483674e+04
31 34 -5.940787027198159e+05
34 31 -5.940787027198159e+05
31 35  2.956328672225075e+04
35 31  2.956328672225075e+04
31 36 -6.044300031579665e+06
36 31 -6.044300031579665e+06
31 37 -5.846663760412964e+03
37 31 -5.846663760412964e+03
31 38 -5.350032180911265e+02
38 31 -5.350032180911265e+02
31 39  1.774654689539085e+04
39 31  1.774654689539085e+04
31 40 -5.940787027198159e+05
40 31 -5.940787027198159e+05
31 41  2.539924883946264e+04
41 31  2.539924883946264e+04
31 42 -6.044300031579665e+06
42 31 -6.044300031579665e+06
31 61 -1.869517305583652e+04
61 31 -1.869517305583652e+04
31 62  8.038028371879099e+02
62 31  8.038028371879099e+02
31 63 -1.134809876926070e+04
63 31 -1.134809876926070e+04
31 64 -4.068523229943928e+05
64 31 -4.068523229943928e+05
31 65 -3.253889203433483e+06
65 31 -3.253889203433483e+06
31 66 -2.045386440251102e+06
66 31 -2.045386440251102e+06
31 67 -5.483320516210143e+04
67 31 -5.483320516210143e+04
31 68  1.048314724954524e+04
68 31  1.048314724954524e+04
31 69 -1.396450194744775e+04
69 31 -1.396450194744775e+04
31 70 -4.068523229943928e+05
70 31 -4.068523229943928e+05
31 71 -2.398302090993660e+06
71 31 -2.398302090993660e+06
31 72 -2.045386440251102e+06
72 31 -2.045386440251102e+06
32 32  2.837613784481707e+05
32 33  6.872211618437723e+02
33 32  6.872211618437723e+02
32 34 -6.698619375354065e+01
34 32 -6.698619375354065e+01
32 35 -2.019483917365790e-28
35 32 -2.019483917365790e-28
32 36 -6.801302757021429e+02
36 32 -6.801302757021429e+02
32 37  5.350032180911256e+02
37 32  5.350032180911256e+02
32 38 -1.127555257198724e+05
38 32 -1.127555257198724e+05
32 39 -5.269317754072017e+01
39 32 -5.269317754072017e+01
32 40 -8.874577927666732e-13
40 32 -8.874577927666732e-13
32 41  2.423380700838948e-27
41 32  2.423380700838948e-27
32 42 -9.010517862988107e-12
42 32 -9.010517862988107e-12
32 61 -8.038028371879090e+02
61 32 -8.038028371879090e+02
32 62  5.614177580682601e+04
62 32  5.614177580682601e+04
32 63 -5.418815524919682e+03
63 32 -5.418815524919682e+03
32 64  6.888744172280069e+03
64 32  6.888744172280069e+03
32 65  3.637978807091711e-12
65 32  3.637978807091711e-12
32 66 -1.021845472479419e+03
66 32 -1.021845472479419e+03
32 67  1.048314724954524e+04
67 32  1.048314724954524e+04
32 68 -1.416447067410383e+05
68 32 -1.416447067410383e+05
32 69  7.067185936366010e+04
69 32  7.067185936366010e+04
32 70 -1.257804742103786e-12
70 32 -1.257804742103786e-12
32 71  2.019483917365790e-28
71 32  2.019483917365790e-28
32 72 -8.479457335177626e-12
72 32 -8.479457335177626e-12
33 33  3.115812242071951e+05
33 34  7.102450246643522e+04
34 33  7.102450246643522e+04
33 35  3.001609797782018e+05
35 33  3.001609797782018e+05
33 36  5.940787028756111e+05
36 33  5.940787028756111e+05
33 37  1.774654689539085e+04
37 33  1.774654689539085e+04
33 38  5.269317754070926e+01
38 33  5.269317754070926e+01
33 39  1.725893076478310e+05
39 33  1.725893076478310e+05
33 40  7.102450246643522e+04
40 33  7.102450246643522e+04
33 41  2.578835821245759e+05
41 33  2.578835821245759e+05
33 42  5.940787028756111e+05
42 33  5.940787028756111e+05
33 61 -9.091271556566418e+03
61 33 -9.091271556566418e+03
33 62  5.418815524919693e+03
62 33  5.418815524919693e+03
33 63 -8.607491407804366e+04
63 33 -8.607491407804366e+04
33 64  3.777795366384780e+04
64 33  3.777795366384780e+04
33 65  4.720162102963199e+05
65 33  4.720162102963199e+05
33 66  1.899227552537132e+05
66 33  1.899227552537132e+05
33 67 -1.622132916014203e+04
67 33 -1.622132916014203e+04
33 68  7.067185936366010e+04
68 33  7.067185936366010e+04
33 69 -1.543429331732897e+05
69 33 -1.543429331732897e+05
33 70  3.777795366384780e+04
70 33  3.777795366384780e+04
33 71  3.664045438142700e+05
71 33  3.664045438142700e+05
33 72  1.899227552537132e+05
72 33  1.899227552537132e+05
34 34  9.434055458858257e+06
34 35  2.093786768249818e+04
35 34  2.093786768249818e+04
34 36  4.955145780987802e+07
36 34  4.955145780987802e+07
34 37  5.940787027198160e+05
37 34  5.940787027198160e+05
34 38 -8.874577927666732e-13
38 34 -8.874577927666732e-13
34 39 -7.102450246643522e+04
39 34 -7.102450246643522e+04
34 40  4.911388956313848e+06
40 34  4.911388956313848e+06
34 41 -1.610439968886785e+03
41 34 -1.610439968886785e+03
34 42  4.987497429409581e+07
42 34  4.987497429409581e+07
34 61 -2.011183270523218e+05
61 34 -2.011183270523218e+05
34 62 -6.888744172280067e+03
62 34 -6.888744172280067e+03
34 63  4.117410658674281e+04
63 34  4.117410658674281e+04
34 64  4.059521395530958e+06
64 34  4.059521395530958e+06
34 65  1.916335423217952e+06
65 34  1.916335423217952e+06
34 66  2.041445465267559e+07
66 34  2.041445465267559e+07
34 67  2.011183270523217e+05
67 34  2.011183270523217e+05
34 68 -1.257804742103786e-12
68 34 -1.257804742103786e-12
34 69 -4.117410658674280e+04
69 34 -4.117410658674280e+04
34 70  4.047181138209773e+06
70 34  4.047181138209773e+06
34 71 -1.945373456455031e+06
71 34 -1.945373456455031e+06
34 72  2.033126313498017e+07
72 34  2.033126313498017e+07
35 35  5.043578172797666e+08
35 36 -2.064033441606909e+03
36 35 -2.064033441606909e+03
35 37  2.539924883946171e+04
37 35  2.539924883946171e+04
35 38 -2.423380700838948e-27
38 35 -2.423380700838948e-27
35 39  2.578835821245760e+05
39 35  2.578835821245760e+05
35 40  1.610439968880033e+03
40 35  1.610439968880033e+03
35 41  4.329972391372755e+08
41 35  4.329972391372755e+08
