1 1  1.000000000000000e+36
1 2 -7.133260796587846e+04
2 1 -7.133260796587846e+04
1 3 -1.799125279535889e+03
3 1 -1.799125279535889e+03
1 4  1.397452819586871e+05
4 1  1.397452819586871e+05
1 5  8.663353990588663e+04
5 1  8.663353990588663e+04
1 6 -2.181931396171486e+04
6 1 -2.181931396171486e+04
1 7 -3.410131877236655e+04
7 1 -3.410131877236655e+04
1 8 -5.445035350377559e+03
8 1 -5.445035350377559e+03
1 9 -1.708436249354638e+03
9 1 -1.708436249354638e+03
1 10  1.397452819586871e+05
10 1  1.397452819586871e+05
1 11  3.037851763217003e+04
11 1  3.037851763217003e+04
1 12 -2.181931396171486e+04
12 1 -2.181931396171486e+04
1 31  3.373143484842069e+04
31 1  3.373143484842069e+04
1 32  5.445035350377559e+03
32 1  5.445035350377559e+03
1 33  3.474053891026697e+02
33 1  3.474053891026697e+02
1 34  1.143346651699488e+05
34 1  1.143346651699488e+05
1 35  8.663353990588663e+04
35 1  8.663353990588663e+04
1 36 -1.126095877692891e+04
36 1 -1.126095877692891e+04
1 37 -1.342488418935805e+05
37 1 -1.342488418935805e+05
1 38  7.133260796587846e+04
38 1  7.133260796587846e+04
1 39  3.160156139787857e+03
39 1  3.160156139787857e+03
1 40  1.143346651699488e+05
40 1  1.143346651699488e+05
1 41  3.037851763217004e+04
41 1  3.037851763217004e+04
1 42 -1.126095877692891e+04
42 1 -1.126095877692891e+04
2 2  1.000000000000000e+36
2 3  3.504350099552678e+03
3 2  3.504350099552678e+03
2 4 -3.359963351842052e+02
4 2 -3.359963351842052e+02
2 6 -6.839355137127250e+03
6 2 -6.839355137127250e+03
2 7  5.445035350377551e+03
7 2  5.445035350377551e+03
2 8 -2.226086315274339e+05
8 2 -2.226086315274339e+05
2 9 -2.674977225183029e+02
9 2 -2.674977225183029e+02
2 10 -1.503844909667983e-11
10 2 -1.503844909667983e-11
2 11 -3.637978807091715e-12
11 2 -3.637978807091715e-12
2 12  7.387924273605218e-13
12 2  7.387924273605218e-13
2 31 -5.445035350377551e+03
31 2 -5.445035350377551e+03
2 32  2.223126825453292e+05
32 2  2.223126825453292e+05
2 33  2.674977225183029e+02
33 2  2.674977225183029e+02
2 34 -3.359963351842069e+02
34 2 -3.359963351842069e+02
2 35  3.637978807091715e-12
35 2  3.637978807091715e-12
2 36 -6.839355137127250e+03
36 2 -6.839355137127250e+03
2 37  7.133260796587844e+04
37 2  7.133260796587844e+04
2 38 -2.575958932320150e+05
38 2 -2.575958932320150e+05
2 39 -3.504350099552678e+03
39 2 -3.504350099552678e+03
2 40 -1.670230675501115e-11
40 2 -1.670230675501115e-11
2 42  8.205326008503787e-13
42 2  8.205326008503787e-13
3 3  1.000000000000000e+36
3 4  2.859531551866557e+06
4 3  2.859531551866557e+06
3 5  1.763464312424645e+06
5 3  1.763464312424645e+06
3 6 -1.397452819586871e+05
6 3 -1.397452819586871e+05
3 7 -1.708436249354639e+03
7 3 -1.708436249354639e+03
3 8  2.674977225183029e+02
8 3  2.674977225183029e+02
3 9 -6.879336979922796e+04
9 3 -6.879336979922796e+04
3 10  2.859531551866557e+06
10 3  2.859531551866557e+06
3 11  6.183682643799547e+05
11 3  6.183682643799547e+05
3 12 -1.397452819586871e+05
12 3 -1.397452819586871e+05
3 31  3.411063231853392e+03
31 3  3.411063231853392e+03
3 32 -2.674977225183029e+02
32 3 -2.674977225183029e+02
3 33  4.063545139051457e+04
33 3  4.063545139051457e+04
3 34  2.327333061990297e+06
34 3  2.327333061990297e+06
3 35  1.763464312424645e+06
35 3  1.763464312424645e+06
3 36 -2.292218342731008e+05
36 3 -2.292218342731008e+05
3 37  9.649829703713613e+01
37 3  9.649829703713613e+01
3 38 -3.504350099552678e+03
38 3 -3.504350099552678e+03
3 39 -6.992719602884333e+04
39 3 -6.992719602884333e+04
3 40  2.327333061990297e+06
40 3  2.327333061990297e+06
3 41  6.183682643799547e+05
41 3  6.183682643799547e+05
3 42 -2.292218342731008e+05
42 3 -2.292218342731008e+05
4 4  1.000000000000000e+36
4 5  1.090646895961767e+07
5 4  1.090646895961767e+07
4 6 -4.956322384662759e+06
6 4 -4.956322384662759e+06
4 7 -1.397452819586871e+05
7 4 -1.397452819586871e+05
4 8 -1.503844909667983e-11
8 4 -1.503844909667983e-11
4 9 -2.859531551866557e+06
9 4 -2.859531551866557e+06
4 10  1.016613331857391e+08
10 4  1.016613331857391e+08
4 11 -1.070880624177117e+07
11 4 -1.070880624177117e+07
4 12 -4.994306436132492e+06
12 4 -4.994306436132492e+06
4 31  2.356127994799244e+05
31 4  2.356127994799244e+05
4 32  3.359963351842370e+02
32 4  3.359963351842370e+02
4 33  2.326861636540771e+06
33 4  2.326861636540771e+06
4 34  9.279968005862622e+07
34 4  9.279968005862622e+07
4 35  1.070880624177117e+07
35 4  1.070880624177117e+07
4 36 -9.107759388451211e+06
36 4 -9.107759388451211e+06
4 37 -2.356127994799244e+05
37 4 -2.356127994799244e+05
4 38 -1.670230675501115e-11
38 4 -1.670230675501115e-11
4 39 -2.326861636540771e+06
39 4 -2.326861636540771e+06
4 40  9.138991613591701e+07
40 4  9.138991613591701e+07
4 41 -1.090646895961767e+07
41 4 -1.090646895961767e+07
4 42 -9.038502053218845e+06
42 4 -9.038502053218845e+06
5 5  1.000000000000000e+36
5 6 -5.358010407061906e+05
6 5 -5.358010407061906e+05
5 7  3.037851763217002e+04
7 5  3.037851763217002e+04
5 8  3.637978807091715e-12
8 5  3.637978807091715e-12
5 9  6.183682643799543e+05
9 5  6.183682643799543e+05
5 10  1.070880624177117e+07
10 5  1.070880624177117e+07
5 11  7.396538957087414e+07
11 5  7.396538957087414e+07
5 12 -5.260904835750874e+05
12 5 -5.260904835750874e+05
5 31 -1.006072087848712e+05
31 5 -1.006072087848712e+05
5 32 -3.637978807091715e-12
32 5 -3.637978807091715e-12
5 33 -1.762433553702039e+06
33 5 -1.762433553702039e+06
5 34 -1.067015278967346e+07
34 5 -1.067015278967346e+07
5 35  1.213000806560105e+08
35 5  1.213000806560105e+08
5 36  1.050103066537008e+06
36 5  1.050103066537008e+06
5 37 -1.640484875318544e+04
37 5 -1.640484875318544e+04
5 39 -6.193990231025599e+05
39 5 -6.193990231025599e+05
5 40 -1.086781550751997e+07
40 5 -1.086781550751997e+07
5 41  7.369076765602705e+07
41 5  7.369076765602705e+07
5 42  1.059813623668112e+06
42 5  1.059813623668112e+06
6 6  1.000000000000000e+36
6 7  2.181931396171487e+04
7 6  2.181931396171487e+04
6 8  7.387924273605219e-13
8 6  7.387924273605219e-13
6 9  1.397452819586871e+05
9 6  1.397452819586871e+05
6 10 -4.994306436132493e+06
10 6 -4.994306436132493e+06
6 11  5.260904835750874e+05
11 6  5.260904835750874e+05
6 12  2.453548069492898e+05
12 6  2.453548069492898e+05
6 31 -1.157492710358091e+04
31 6 -1.157492710358091e+04
6 32  6.839355137127249e+03
32 6  6.839355137127249e+03
6 33 -1.143115054977023e+05
33 6 -1.143115054977023e+05
6 34 -4.558960864117882e+06
34 6 -4.558960864117882e+06
6 35 -5.260904835750874e+05
35 6 -5.260904835750874e+05
6 36  4.474360103991718e+05
36 6  4.474360103991718e+05
6 37  1.157492710358091e+04
37 6  1.157492710358091e+04
6 38  8.205326008503788e-13
38 6  8.205326008503788e-13
6 39  1.143115054977023e+05
39 6  1.143115054977023e+05
6 40 -4.489703528885515e+06
40 6 -4.489703528885515e+06
6 41  5.358010407061906e+05
41 6  5.358010407061906e+05
6 42  4.440336120215267e+05
42 6  4.440336120215267e+05
7 7  1.000000000000000e+36
7 9 -3.598250559071777e+03
9 7 -3.598250559071777e+03
7 11  1.732670798117733e+05
11 7  1.732670798117733e+05
7 13 -3.410131877236655e+04
13 7 -3.410131877236655e+04
7 14 -5.445035350377559e+03
14 7 -5.445035350377559e+03
7 15 -1.708436249354638e+03
15 7 -1.708436249354638e+03
7 16  1.397452819586871e+05
16 7  1.397452819586871e+05
7 17  3.037851763217003e+04
17 7  3.037851763217003e+04
7 18 -2.181931396171486e+04
18 7 -2.181931396171486e+04
7 31 -1.342488418935805e+05
31 7 -1.342488418935805e+05
7 32 -7.133260796587846e+04
32 7 -7.133260796587846e+04
7 33  3.160156139787857e+03
33 7  3.160156139787857e+03
7 34 -1.143346651699488e+05
34 7 -1.143346651699488e+05
7 35  3.037851763217004e+04
35 7  3.037851763217004e+04
7 36  1.126095877692891e+04
36 7  1.126095877692891e+04
7 37  6.746286969684137e+04
37 7  6.746286969684137e+04
7 39  6.948107782053394e+02
39 7  6.948107782053394e+02
7 41  1.732670798117733e+05
41 7  1.732670798117733e+05
7 43 -1.342488418935805e+05
43 7 -1.342488418935805e+05
7 44  7.133260796587846e+04
44 7  7.133260796587846e+04
7 45  3.160156139787857e+03
45 7  3.160156139787857e+03
7 46  1.143346651699488e+05
46 7  1.143346651699488e+05
7 47  3.037851763217004e+04
47 7  3.037851763217004e+04
7 48 -1.126095877692891e+04
48 7 -1.126095877692891e+04
8 8  1.000000000000000e+36
8 10 -6.719926703684105e+02
10 8 -6.719926703684105e+02
8 12 -1.367871027425450e+04
12 8 -1.367871027425450e+04
8 13  5.445035350377551e+03
13 8  5.445035350377551e+03
8 14 -2.226086315274339e+05
14 8 -2.226086315274339e+05
8 15 -2.674977225183029e+02
15 8 -2.674977225183029e+02
8 16 -1.503844909667983e-11
16 8 -1.503844909667983e-11
8 17 -3.637978807091715e-12
17 8 -3.637978807091715e-12
8 18  7.387924273605218e-13
18 8  7.387924273605218e-13
8 31 -7.133260796587844e+04
31 8 -7.133260796587844e+04
8 32 -2.575958932320150e+05
32 8 -2.575958932320150e+05
8 33  3.504350099552678e+03
33 8  3.504350099552678e+03
8 34 -1.670230675501115e-11
34 8 -1.670230675501115e-11
8 36  8.205326008503787e-13
36 8  8.205326008503787e-13
8 38  4.446253650906583e+05
38 8  4.446253650906583e+05
8 40 -6.719926703684138e+02
40 8 -6.719926703684138e+02
8 42 -1.367871027425450e+04
42 8 -1.367871027425450e+04
8 43  7.133260796587844e+04
43 8  7.133260796587844e+04
8 44 -2.575958932320150e+05
44 8 -2.575958932320150e+05
8 45 -3.504350099552678e+03
45 8 -3.504350099552678e+03
8 46 -1.670230675501115e-11
46 8 -1.670230675501115e-11
8 48  8.205326008503787e-13
48 8  8.205326008503787e-13
9 9  1.000000000000000e+36
9 11  3.526928624849289e+06
11 9  3.526928624849289e+06
9 13 -1.708436249354639e+03
13 9 -1.708436249354639e+03
9 14  2.674977225183029e+02
14 9  2.674977225183029e+02
9 15 -6.879336979922796e+04
15 9 -6.879336979922796e+04
9 16  2.859531551866557e+06
16 9  2.859531551866557e+06
9 17  6.183682643799547e+05
17 9  6.183682643799547e+05
9 18 -1.397452819586871e+05
18 9 -1.397452819586871e+05
9 31  9.649829703713613e+01
31 9  9.649829703713613e+01
9 32  3.504350099552678e+03
32 9  3.504350099552678e+03
9 33 -6.992719602884333e+04
33 9 -6.992719602884333e+04
9 34 -2.327333061990297e+06
34 9 -2.327333061990297e+06
9 35  6.183682643799547e+05
35 9  6.183682643799547e+05
9 36  2.292218342731008e+05
36 9  2.292218342731008e+05
9 37  6.822126463706783e+03
37 9  6.822126463706783e+03
9 39  8.127090278102915e+04
39 9  8.127090278102915e+04
9 41  3.526928624849289e+06
41 9  3.526928624849289e+06
9 43  9.649829703713613e+01
43 9  9.649829703713613e+01
9 44 -3.504350099552678e+03
44 9 -3.504350099552678e+03
9 45 -6.992719602884333e+04
45 9 -6.992719602884333e+04
9 46  2.327333061990297e+06
46 9  2.327333061990297e+06
9 47  6.183682643799547e+05
47 9  6.183682643799547e+05
9 48 -2.292218342731008e+05
48 9 -2.292218342731008e+05
10 10  1.000000000000000e+36
10 12 -9.912644769325517e+06
12 10 -9.912644769325517e+06
10 13 -1.397452819586871e+05
13 10 -1.397452819586871e+05
10 14 -1.503844909667983e-11
14 10 -1.503844909667983e-11
10 15 -2.859531551866557e+06
15 10 -2.859531551866557e+06
10 16  1.016613331857391e+08
16 10  1.016613331857391e+08
10 17 -1.070880624177117e+07
17 10 -1.070880624177117e+07
10 18 -4.994306436132492e+06
18 10 -4.994306436132492e+06
10 31  2.356127994799244e+05
31 10  2.356127994799244e+05
10 32 -1.670230675501115e-11
32 10 -1.670230675501115e-11
10 33  2.326861636540771e+06
33 10  2.326861636540771e+06
10 34  9.138991613591701e+07
34 10  9.138991613591701e+07
10 35  1.090646895961767e+07
35 10  1.090646895961767e+07
10 36 -9.038502053218845e+06
36 10 -9.038502053218845e+06
10 38  6.719926703684739e+02
38 10  6.719926703684739e+02
10 40  1.855993601172524e+08
40 10  1.855993601172524e+08
10 42 -1.821551877690242e+07
42 10 -1.821551877690242e+07
10 43 -2.356127994799244e+05
43 10 -2.356127994799244e+05
10 44 -1.670230675501115e-11
44 10 -1.670230675501115e-11
10 45 -2.326861636540771e+06
45 10 -2.326861636540771e+06
10 46  9.138991613591701e+07
46 10  9.138991613591701e+07
10 47 -1.090646895961767e+07
47 10 -1.090646895961767e+07
10 48 -9.038502053218845e+06
48 10 -9.038502053218845e+06
11 11  1.000000000000000e+36
11 13  3.037851763217002e+04
13 11  3.037851763217002e+04
11 14  3.637978807091715e-12
14 11  3.637978807091715e-12
11 15  6.183682643799543e+05
15 11  6.183682643799543e+05
11 16  1.070880624177117e+07
16 11  1.070880624177117e+07
11 17  7.396538957087414e+07
17 11  7.396538957087414e+07
11 18 -5.260904835750874e+05
18 11 -5.260904835750874e+05
11 31 -1.640484875318544e+04
31 11 -1.640484875318544e+04
11 33 -6.193990231025599e+05
33 11 -6.193990231025599e+05
11 34  1.086781550751997e+07
34 11  1.086781550751997e+07
11 35  7.369076765602705e+07
35 11  7.369076765602705e+07
11 36 -1.059813623668112e+06
36 11 -1.059813623668112e+06
11 37 -2.012144175697424e+05
37 11 -2.012144175697424e+05
11 39 -3.524867107404078e+06
39 11 -3.524867107404078e+06
11 41  2.426001613120211e+08
41 11  2.426001613120211e+08
11 43 -1.640484875318544e+04
43 11 -1.640484875318544e+04
11 45 -6.193990231025599e+05
45 11 -6.193990231025599e+05
11 46 -1.086781550751997e+07
46 11 -1.086781550751997e+07
11 47  7.369076765602705e+07
47 11  7.369076765602705e+07
11 48  1.059813623668112e+06
48 11  1.059813623668112e+06
12 12  1.000000000000000e+36
12 13  2.181931396171487e+04
13 12  2.181931396171487e+04
12 14  7.387924273605219e-13
14 12  7.387924273605219e-13
12 15  1.397452819586871e+05
15 12  1.397452819586871e+05
12 16 -4.994306436132493e+06
16 12 -4.994306436132493e+06
12 17  5.260904835750874e+05
17 12  5.260904835750874e+05
12 18  2.453548069492898e+05
18 12  2.453548069492898e+05
12 31 -1.157492710358091e+04
31 12 -1.157492710358091e+04
12 32  8.205326008503788e-13
32 12  8.205326008503788e-13
12 33 -1.143115054977023e+05
33 12 -1.143115054977023e+05
12 34 -4.489703528885515e+06
34 12 -4.489703528885515e+06
12 35 -5.358010407061906e+05
35 12 -5.358010407061906e+05
12 36  4.440336120215267e+05
36 12  4.440336120215267e+05
12 38  1.367871027425450e+04
38 12  1.367871027425450e+04
12 40 -9.117921728235764e+06
40 12 -9.117921728235764e+06
12 42  8.948720207983436e+05
42 12  8.948720207983436e+05
12 43  1.157492710358091e+04
43 12  1.157492710358091e+04
12 44  8.205326008503788e-13
44 12  8.205326008503788e-13
12 45  1.143115054977023e+05
45 12  1.143115054977023e+05
12 46 -4.489703528885515e+06
46 12 -4.489703528885515e+06
12 47  5.358010407061906e+05
47 12  5.358010407061906e+05
12 48  4.440336120215267e+05
48 12  4.440336120215267e+05
13 13  1.000000000000000e+36
13 15 -3.598250559071777e+03
15 13 -3.598250559071777e+03
13 17  1.732670798117733e+05
17 13  1.732670798117733e+05
13 19 -3.410131877236655e+04
19 13 -3.410131877236655e+04
13 20 -5.445035350377559e+03
20 13 -5.445035350377559e+03
13 21 -1.708436249354638e+03
21 13 -1.708436249354638e+03
13 22  1.397452819586871e+05
22 13  1.397452819586871e+05
13 23  3.037851763217003e+04
23 13  3.037851763217003e+04
13 24 -2.181931396171486e+04
24 13 -2.181931396171486e+04
13 37 -1.342488418935805e+05
37 13 -1.342488418935805e+05
13 38 -7.133260796587846e+04
38 13 -7.133260796587846e+04
13 39  3.160156139787857e+03
39 13  3.160156139787857e+03
13 40 -1.143346651699488e+05
40 13 -1.143346651699488e+05
13 41  3.037851763217004e+04
41 13  3.037851763217004e+04
13 42  1.126095877692891e+04
42 13  1.126095877692891e+04
13 43  6.746286969684137e+04
43 13  6.746286969684137e+04
13 45  6.948107782053394e+02
45 13  6.948107782053394e+02
13 47  1.732670798117733e+05
47 13  1.732670798117733e+05
13 49 -1.342488418935805e+05
49 13 -1.342488418935805e+05
13 50  7.133260796587846e+04
50 13  7.133260796587846e+04
13 51  3.160156139787857e+03
51 13  3.160156139787857e+03
13 52  1.143346651699488e+05
52 13  1.143346651699488e+05
13 53  3.037851763217004e+04
53 13  3.037851763217004e+04
13 54 -1.126095877692891e+04
54 13 -1.126095877692891e+04
14 14  1.000000000000000e+36
14 16 -6.719926703684105e+02
16 14 -6.719926703684105e+02
14 18 -1.367871027425450e+04
18 14 -1.367871027425450e+04
14 19  5.445035350377551e+03
19 14  5.445035350377551e+03
14 20 -2.226086315274339e+05
20 14 -2.226086315274339e+05
14 21 -2.674977225183029e+02
21 14 -2.674977225183029e+02
14 22 -1.503844909667983e-11
22 14 -1.503844909667983e-11
14 23 -3.637978807091715e-12
23 14 -3.637978807091715e-12
14 24  7.387924273605218e-13
24 14  7.387924273605218e-13
14 37 -7.133260796587844e+04
37 14 -7.133260796587844e+04
14 38 -2.575958932320150e+05
38 14 -2.575958932320150e+05
14 39  3.504350099552678e+03
39 14  3.504350099552678e+03
14 40 -1.670230675501115e-11
40 14 -1.670230675501115e-11
14 42  8.205326008503787e-13
42 14  8.205326008503787e-13
14 44  4.446253650906583e+05
44 14  4.446253650906583e+05
14 46 -6.719926703684138e+02
46 14 -6.719926703684138e+02
14 48 -1.367871027425450e+04
48 14 -1.367871027425450e+04
14 49  7.133260796587844e+04
49 14  7.133260796587844e+04
14 50 -2.575958932320150e+05
50 14 -2.575958932320150e+05
14 51 -3.504350099552678e+03
51 14 -3.504350099552678e+03
14 52 -1.670230675501115e-11
52 14 -1.670230675501115e-11
14 54  8.205326008503787e-13
54 14  8.205326008503787e-13
15 15  1.000000000000000e+36
15 17  3.526928624849289e+06
17 15  3.526928624849289e+06
15 19 -1.708436249354639e+03
19 15 -1.708436249354639e+03
15 20  2.674977225183029e+02
20 15  2.674977225183029e+02
15 21 -6.879336979922796e+04
21 15 -6.879336979922796e+04
15 22  2.859531551866557e+06
22 15  2.859531551866557e+06
15 23  6.183682643799547e+05
23 15  6.183682643799547e+05
15 24 -1.397452819586871e+05
24 15 -1.397452819586871e+05
15 37  9.649829703713613e+01
37 15  9.649829703713613e+01
15 38  3.504350099552678e+03
38 15  3.504350099552678e+03
15 39 -6.992719602884333e+04
39 15 -6.992719602884333e+04
15 40 -2.327333061990297e+06
40 15 -2.327333061990297e+06
15 41  6.183682643799547e+05
41 15  6.183682643799547e+05
15 42  2.292218342731008e+05
42 15  2.292218342731008e+05
15 43  6.822126463706783e+03
43 15  6.822126463706783e+03
15 45  8.127090278102915e+04
45 15  8.127090278102915e+04
15 47  3.526928624849289e+06
47 15  3.526928624849289e+06
15 49  9.649829703713613e+01
49 15  9.649829703713613e+01
15 50 -3.504350099552678e+03
50 15 -3.504350099552678e+03
15 51 -6.992719602884333e+04
51 15 -6.992719602884333e+04
15 52  2.327333061990297e+06
52 15  2.327333061990297e+06
15 53  6.183682643799547e+05
53 15  6.183682643799547e+05
15 54 -2.292218342731008e+05
54 15 -2.292218342731008e+05
16 16  1.000000000000000e+36
16 18 -9.912644769325517e+06
18 16 -9.912644769325517e+06
16 19 -1.397452819586871e+05
19 16 -1.397452819586871e+05
16 20 -1.503844909667983e-11
20 16 -1.503844909667983e-11
16 21 -2.859531551866557e+06
21 16 -2.859531551866557e+06
16 22  1.016613331857391e+08
22 16  1.016613331857391e+08
16 23 -1.070880624177117e+07
23 16 -1.070880624177117e+07
16 24 -4.994306436132492e+06
24 16 -4.994306436132492e+06
16 37  2.356127994799244e+05
37 16  2.356127994799244e+05
16 38 -1.670230675501115e-11
38 16 -1.670230675501115e-11
16 39  2.326861636540771e+06
39 16  2.326861636540771e+06
16 40  9.138991613591701e+07
40 16  9.138991613591701e+07
16 41  1.090646895961767e+07
41 16  1.090646895961767e+07
16 42 -9.038502053218845e+06
42 16 -9.038502053218845e+06
16 44  6.719926703684739e+02
44 16  6.719926703684739e+02
16 46  1.855993601172524e+08
46 16  1.855993601172524e+08
16 48 -1.821551877690242e+07
48 16 -1.821551877690242e+07
16 49 -2.356127994799244e+05
49 16 -2.356127994799244e+05
16 50 -1.670230675501115e-11
50 16 -1.670230675501115e-11
16 51 -2.326861636540771e+06
51 16 -2.326861636540771e+06
16 52  9.138991613591701e+07
52 16  9.138991613591701e+07
16 53 -1.090646895961767e+07
53 16 -1.090646895961767e+07
16 54 -9.038502053218845e+06
54 16 -9.038502053218845e+06
17 17  1.000000000000000e+36
17 19  3.037851763217002e+04
19 17  3.037851763217002e+04
17 20  3.637978807091715e-12
20 17  3.637978807091715e-12
17 21  6.183682643799543e+05
21 17  6.183682643799543e+05
17 22  1.070880624177117e+07
22 17  1.070880624177117e+07
17 23  7.396538957087414e+07
23 17  7.396538957087414e+07
17 24 -5.260904835750874e+05
24 17 -5.260904835750874e+05
17 37 -1.640484875318544e+04
37 17 -1.640484875318544e+04
17 39 -6.193990231025599e+05
39 17 -6.193990231025599e+05
17 40  1.086781550751997e+07
40 17  1.086781550751997e+07
17 41  7.369076765602705e+07
41 17  7.369076765602705e+07
17 42 -1.059813623668112e+06
42 17 -1.059813623668112e+06
17 43 -2.012144175697424e+05
43 17 -2.012144175697424e+05
17 45 -3.524867107404078e+06
45 17 -3.524867107404078e+06
17 47  2.426001613120211e+08
47 17  2.426001613120211e+08
17 49 -1.640484875318544e+04
49 17 -1.640484875318544e+04
17 51 -6.193990231025599e+05
51 17 -6.193990231025599e+05
17 52 -1.086781550751997e+07
52 17 -1.086781550751997e+07
17 53  7.369076765602705e+07
53 17  7.369076765602705e+07
17 54  1.059813623668112e+06
54 17  1.059813623668112e+06
18 18  1.000000000000000e+36
18 19  2.181931396171487e+04
19 18  2.181931396171487e+04
18 20  7.387924273605219e-13
20 18  7.387924273605219e-13
18 21  1.397452819586871e+05
21 18  1.397452819586871e+05
18 22 -4.994306436132493e+06
22 18 -4.994306436132493e+06
18 23  5.260904835750874e+05
23 18  5.260904835750874e+05
18 24  2.453548069492898e+05
24 18  2.453548069492898e+05
18 37 -1.157492710358091e+04
37 18 -1.157492710358091e+04
18 38  8.205326008503788e-13
38 18  8.205326008503788e-13
18 39 -1.143115054977023e+05
39 18 -1.143115054977023e+05
18 40 -4.489703528885515e+06
40 18 -4.489703528885515e+06
18 41 -5.358010407061906e+05
41 18 -5.358010407061906e+05
18 42  4.440336120215267e+05
42 18  4.440336120215267e+05
18 44  1.367871027425450e+04
44 18  1.367871027425450e+04
18 46 -9.117921728235764e+06
46 18 -9.117921728235764e+06
18 48  8.948720207983436e+05
48 18  8.948720207983436e+05
18 49  1.157492710358091e+04
49 18  1.157492710358091e+04
18 50  8.205326008503788e-13
50 18  8.205326008503788e-13
18 51  1.143115054977023e+05
51 18  1.143115054977023e+05
18 52 -4.489703528885515e+06
52 18 -4.489703528885515e+06
18 53  5.358010407061906e+05
53 18  5.358010407061906e+05
18 54  4.440336120215267e+05
54 18  4.440336120215267e+05
19 19  1.000000000000000e+36
19 21 -3.598250559071777e+03
21 19 -3.598250559071777e+03
19 23  1.732670798117733e+05
23 19  1.732670798117733e+05
19 25 -3.410131877236655e+04
25 19 -3.410131877236655e+04
19 26 -5.445035350377559e+03
26 19 -5.445035350377559e+03
19 27 -1.708436249354638e+03
27 19 -1.708436249354638e+03
19 28  1.397452819586871e+05
28 19  1.397452819586871e+05
19 29  3.037851763217003e+04
29 19  3.037851763217003e+04
19 30 -2.181931396171486e+04
30 19 -2.181931396171486e+04
19 43 -1.342488418935805e+05
43 19 -1.342488418935805e+05
19 44 -7.133260796587846e+04
44 19 -7.133260796587846e+04
19 45  3.160156139787857e+03
45 19  3.160156139787857e+03
19 46 -1.143346651699488e+05
46 19 -1.143346651699488e+05
19 47  3.037851763217004e+04
47 19  3.037851763217004e+04
19 48  1.126095877692891e+04
48 19  1.126095877692891e+04
19 49  6.746286969684137e+04
49 19  6.746286969684137e+04
19 51  6.948107782053394e+02
51 19  6.948107782053394e+02
19 53  1.732670798117733e+05
53 19  1.732670798117733e+05
19 55 -1.342488418935805e+05
55 19 -1.342488418935805e+05
19 56  7.133260796587846e+04
56 19  7.133260796587846e+04
19 57  3.160156139787857e+03
57 19  3.160156139787857e+03
19 58  1.143346651699488e+05
58 19  1.143346651699488e+05
19 59  3.037851763217004e+04
59 19  3.037851763217004e+04
19 60 -1.126095877692891e+04
60 19 -1.126095877692891e+04
20 20  1.000000000000000e+36
20 22 -6.719926703684105e+02
22 20 -6.719926703684105e+02
20 24 -1.367871027425450e+04
24 20 -1.367871027425450e+04
20 25  5.445035350377551e+03
25 20  5.445035350377551e+03
20 26 -2.226086315274339e+05
26 20 -2.226086315274339e+05
20 27 -2.674977225183029e+02
27 20 -2.674977225183029e+02
20 28 -1.503844909667983e-11
28 20 -1.503844909667983e-11
20 29 -3.637978807091715e-12
29 20 -3.637978807091715e-12
20 30  7.387924273605218e-13
30 20  7.387924273605218e-13
20 43 -7.133260796587844e+04
43 20 -7.133260796587844e+04
20 44 -2.575958932320150e+05
44 20 -2.575958932320150e+05
20 45  3.504350099552678e+03
45 20  3.504350099552678e+03
20 46 -1.670230675501115e-11
46 20 -1.670230675501115e-11
20 48  8.205326008503787e-13
48 20  8.205326008503787e-13
20 50  4.446253650906583e+05
50 20  4.446253650906583e+05
20 52 -6.719926703684138e+02
52 20 -6.719926703684138e+02
20 54 -1.367871027425450e+04
54 20 -1.367871027425450e+04
20 55  7.133260796587844e+04
55 20  7.133260796587844e+04
20 56 -2.575958932320150e+05
56 20 -2.575958932320150e+05
20 57 -3.504350099552678e+03
57 20 -3.504350099552678e+03
20 58 -1.670230675501115e-11
58 20 -1.670230675501115e-11
20 60  8.205326008503787e-13
60 20  8.205326008503787e-13
21 21  1.000000000000000e+36
21 23  3.526928624849289e+06
23 21  3.526928624849289e+06
21 25 -1.708436249354639e+03
25 21 -1.708436249354639e+03
21 26  2.674977225183029e+02
26 21  2.674977225183029e+02
21 27 -6.879336979922796e+04
27 21 -6.879336979922796e+04
21 28  2.859531551866557e+06
28 21  2.859531551866557e+06
21 29  6.183682643799547e+05
29 21  6.183682643799547e+05
21 30 -1.397452819586871e+05
30 21 -1.397452819586871e+05
21 43  9.649829703713613e+01
43 21  9.649829703713613e+01
21 44  3.504350099552678e+03
44 21  3.504350099552678e+03
21 45 -6.992719602884333e+04
45 21 -6.992719602884333e+04
21 46 -2.327333061990297e+06
46 21 -2.327333061990297e+06
21 47  6.183682643799547e+05
47 21  6.183682643799547e+05
21 48  2.292218342731008e+05
48 21  2.292218342731008e+05
21 49  6.822126463706783e+03
49 21  6.822126463706783e+03
21 51  8.127090278102915e+04
51 21  8.127090278102915e+04
21 53  3.526928624849289e+06
53 21  3.526928624849289e+06
21 55  9.649829703713613e+01
55 21  9.649829703713613e+01
21 56 -3.504350099552678e+03
56 21 -3.504350099552678e+03
21 57 -6.992719602884333e+04
57 21 -6.992719602884333e+04
21 58  2.327333061990297e+06
58 21  2.327333061990297e+06
21 59  6.183682643799547e+05
59 21  6.183682643799547e+05
21 60 -2.292218342731008e+05
60 21 -2.292218342731008e+05
22 22  1.000000000000000e+36
22 24 -9.912644769325517e+06
24 22 -9.912644769325517e+06
22 25 -1.397452819586871e+05
25 22 -1.397452819586871e+05
22 26 -1.503844909667983e-11
26 22 -1.503844909667983e-11
22 27 -2.859531551866557e+06
27 22 -2.859531551866557e+06
22 28  1.016613331857391e+08
28 22  1.016613331857391e+08
22 29 -1.070880624177117e+07
29 22 -1.070880624177117e+07
22 30 -4.994306436132492e+06
30 22 -4.994306436132492e+06
22 43  2.356127994799244e+05
43 22  2.356127994799244e+05
22 44 -1.670230675501115e-11
44 22 -1.670230675501115e-11
22 45  2.326861636540771e+06
45 22  2.326861636540771e+06
22 46  9.138991613591701e+07
46 22  9.138991613591701e+07
22 47  1.090646895961767e+07
47 22  1.090646895961767e+07
22 48 -9.038502053218845e+06
48 22 -9.038502053218845e+06
22 50  6.719926703684739e+02
50 22  6.719926703684739e+02
22 52  1.855993601172524e+08
52 22  1.855993601172524e+08
22 54 -1.821551877690242e+07
54 22 -1.821551877690242e+07
22 55 -2.356127994799244e+05
55 22 -2.356127994799244e+05
22 56 -1.670230675501115e-11
56 22 -1.670230675501115e-11
22 57 -2.326861636540771e+06
57 22 -2.326861636540771e+06
22 58  9.138991613591701e+07
58 22  9.138991613591701e+07
22 59 -1.090646895961767e+07
59 22 -1.090646895961767e+07
22 60 -9.038502053218845e+06
60 22 -9.038502053218845e+06
23 23  1.000000000000000e+36
23 25  3.037851763217002e+04
25 23  3.037851763217002e+04
23 26  3.637978807091715e-12
26 23  3.637978807091715e-12
23 27  6.183682643799543e+05
27 23  6.183682643799543e+05
23 28  1.070880624177117e+07
28 23  1.070880624177117e+07
23 29  7.396538957087414e+07
29 23  7.396538957087414e+07
23 30 -5.260904835750874e+05
30 23 -5.260904835750874e+05
23 43 -1.640484875318544e+04
43 23 -1.640484875318544e+04
23 45 -6.193990231025599e+05
45 23 -6.193990231025599e+05
23 46  1.086781550751997e+07
46 23  1.086781550751997e+07
23 47  7.369076765602705e+07
47 23  7.369076765602705e+07
23 48 -1.059813623668112e+06
48 23 -1.059813623668112e+06
23 49 -2.012144175697424e+05
49 23 -2.012144175697424e+05
23 51 -3.524867107404078e+06
51 23 -3.524867107404078e+06
23 53  2.426001613120211e+08
53 23  2.426001613120211e+08
23 55 -1.640484875318544e+04
55 23 -1.640484875318544e+04
23 57 -6.193990231025599e+05
57 23 -6.193990231025599e+05
23 58 -1.086781550751997e+07
58 23 -1.086781550751997e+07
23 59  7.369076765602705e+07
59 23  7.369076765602705e+07
23 60  1.059813623668112e+06
60 23  1.059813623668112e+06
24 24  1.000000000000000e+36
24 25  2.181931396171487e+04
25 24  2.181931396171487e+04
24 26  7.387924273605219e-13
26 24  7.387924273605219e-13
24 27  1.397452819586871e+05
27 24  1.397452819586871e+05
24 28 -4.994306436132493e+06
28 24 -4.994306436132493e+06
24 29  5.260904835750874e+05
29 24  5.260904835750874e+05
24 30  2.453548069492898e+05
30 24  2.453548069492898e+05
24 43 -1.157492710358091e+04
43 24 -1.157492710358091e+04
24 44  8.205326008503788e-13
44 24  8.205326008503788e-13
24 45 -1.143115054977023e+05
45 24 -1.143115054977023e+05
24 46 -4.489703528885515e+06
46 24 -4.489703528885515e+06
24 47 -5.358010407061906e+05
47 24 -5.358010407061906e+05
24 48  4.440336120215267e+05
48 24  4.440336120215267e+05
24 50  1.367871027425450e+04
50 24  1.367871027425450e+04
24 52 -9.117921728235764e+06
52 24 -9.117921728235764e+06
24 54  8.948720207983436e+05
54 24  8.948720207983436e+05
24 55  1.157492710358091e+04
55 24  1.157492710358091e+04
24 56  8.205326008503788e-13
56 24  8.205326008503788e-13
24 57  1.143115054977023e+05
57 24  1.143115054977023e+05
24 58 -4.489703528885515e+06
58 24 -4.489703528885515e+06
24 59  5.358010407061906e+05
59 24  5.358010407061906e+05
24 60  4.440336120215267e+05
60 24  4.440336120215267e+05
25 25  1.000000000000000e+36
25 26  7.133260796587846e+04
26 25  7.133260796587846e+04
25 27 -1.799125279535889e+03
27 25 -1.799125279535889e+03
25 28 -1.397452819586871e+05
28 25 -1.397452819586871e+05
25 29  8.663353990588663e+04
29 25  8.663353990588663e+04
25 30  2.181931396171486e+04
30 25  2.181931396171486e+04
25 49 -1.342488418935805e+05
49 25 -1.342488418935805e+05
25 50 -7.133260796587846e+04
50 25 -7.133260796587846e+04
25 51  3.160156139787857e+03
51 25  3.160156139787857e+03
25 52 -1.143346651699488e+05
52 25 -1.143346651699488e+05
25 53  3.037851763217004e+04
53 25  3.037851763217004e+04
25 54  1.126095877692891e+04
54 25  1.126095877692891e+04
25 55  3.373143484842069e+04
55 25  3.373143484842069e+04
25 56 -5.445035350377559e+03
56 25 -5.445035350377559e+03
25 57  3.474053891026697e+02
57 25  3.474053891026697e+02
25 58 -1.143346651699488e+05
58 25 -1.143346651699488e+05
25 59  8.663353990588663e+04
59 25  8.663353990588663e+04
25 60  1.126095877692891e+04
60 25  1.126095877692891e+04
26 26  1.000000000000000e+36
26 27 -3.504350099552678e+03
27 26 -3.504350099552678e+03
26 28 -3.359963351842052e+02
28 26 -3.359963351842052e+02
26 30 -6.839355137127250e+03
30 26 -6.839355137127250e+03
26 49 -7.133260796587844e+04
49 26 -7.133260796587844e+04
26 50 -2.575958932320150e+05
50 26 -2.575958932320150e+05
26 51  3.504350099552678e+03
51 26  3.504350099552678e+03
26 52 -1.670230675501115e-11
52 26 -1.670230675501115e-11
26 54  8.205326008503787e-13
54 26  8.205326008503787e-13
26 55  5.445035350377551e+03
55 26  5.445035350377551e+03
26 56  2.223126825453292e+05
56 26  2.223126825453292e+05
26 57 -2.674977225183029e+02
57 26 -2.674977225183029e+02
26 58 -3.359963351842069e+02
58 26 -3.359963351842069e+02
26 59 -3.637978807091715e-12
59 26 -3.637978807091715e-12
26 60 -6.839355137127250e+03
60 26 -6.839355137127250e+03
27 27  1.000000000000000e+36
27 28 -2.859531551866557e+06
28 27 -2.859531551866557e+06
27 29  1.763464312424645e+06
29 27  1.763464312424645e+06
27 30  1.397452819586871e+05
30 27  1.397452819586871e+05
27 49  9.649829703713613e+01
49 27  9.649829703713613e+01
27 50  3.504350099552678e+03
50 27  3.504350099552678e+03
27 51 -6.992719602884333e+04
51 27 -6.992719602884333e+04
27 52 -2.327333061990297e+06
52 27 -2.327333061990297e+06
27 53  6.183682643799547e+05
53 27  6.183682643799547e+05
27 54  2.292218342731008e+05
54 27  2.292218342731008e+05
27 55  3.411063231853392e+03
55 27  3.411063231853392e+03
27 56  2.674977225183029e+02
56 27  2.674977225183029e+02
27 57  4.063545139051457e+04
57 27  4.063545139051457e+04
27 58 -2.327333061990297e+06
58 27 -2.327333061990297e+06
27 59  1.763464312424645e+06
59 27  1.763464312424645e+06
27 60  2.292218342731008e+05
60 27  2.292218342731008e+05
28 28  1.000000000000000e+36
28 29 -1.090646895961767e+07
29 28 -1.090646895961767e+07
28 30 -4.956322384662759e+06
30 28 -4.956322384662759e+06
28 49  2.356127994799244e+05
49 28  2.356127994799244e+05
28 50 -1.670230675501115e-11
50 28 -1.670230675501115e-11
28 51  2.326861636540771e+06
51 28  2.326861636540771e+06
28 52  9.138991613591701e+07
52 28  9.138991613591701e+07
28 53  1.090646895961767e+07
53 28  1.090646895961767e+07
28 54 -9.038502053218845e+06
54 28 -9.038502053218845e+06
28 55 -2.356127994799244e+05
55 28 -2.356127994799244e+05
28 56  3.359963351842370e+02
56 28  3.359963351842370e+02
28 57 -2.326861636540771e+06
57 28 -2.326861636540771e+06
28 58  9.279968005862622e+07
58 28  9.279968005862622e+07
28 59 -1.070880624177117e+07
59 28 -1.070880624177117e+07
28 60 -9.107759388451211e+06
60 28 -9.107759388451211e+06
29 29  1.000000000000000e+36
29 30  5.358010407061906e+05
30 29  5.358010407061906e+05
29 49 -1.640484875318544e+04
49 29 -1.640484875318544e+04
29 51 -6.193990231025599e+05
51 29 -6.193990231025599e+05
29 52  1.086781550751997e+07
52 29  1.086781550751997e+07
29 53  7.369076765602705e+07
53 29  7.369076765602705e+07
29 54 -1.059813623668112e+06
54 29 -1.059813623668112e+06
29 55 -1.006072087848712e+05
55 29 -1.006072087848712e+05
29 56  3.637978807091715e-12
56 29  3.637978807091715e-12
29 57 -1.762433553702039e+06
57 29 -1.762433553702039e+06
29 58  1.067015278967346e+07
58 29  1.067015278967346e+07
29 59  1.213000806560105e+08
59 29  1.213000806560105e+08
29 60 -1.050103066537008e+06
60 29 -1.050103066537008e+06
30 30  1.000000000000000e+36
30 49 -1.157492710358091e+04
49 30 -1.157492710358091e+04
30 50  8.205326008503788e-13
50 30  8.205326008503788e-13
30 51 -1.143115054977023e+05
51 30 -1.143115054977023e+05
30 52 -4.489703528885515e+06
52 30 -4.489703528885515e+06
30 53 -5.358010407061906e+05
53 30 -5.358010407061906e+05
30 54  4.440336120215267e+05
54 30  4.440336120215267e+05
30 55  1.157492710358091e+04
55 30  1.157492710358091e+04
30 56  6.839355137127249e+03
56 30  6.839355137127249e+03
30 57  1.143115054977023e+05
57 30  1.143115054977023e+05
30 58 -4.558960864117882e+06
58 30 -4.558960864117882e+06
30 59  5.260904835750874e+05
59 30  5.260904835750874e+05
30 60  4.474360103991718e+05
60 30  4.474360103991718e+05
31 31  2.681578540512263e+05
31 32  6.869671293395222e+02
32 31  6.869671293395222e+02
31 33 -7.053898746577589e+03
33 31 -7.053898746577589e+03
31 34  5.562710649556231e+05
34 31  5.562710649556231e+05
31 35  1.445517422417767e+05
35 31  1.445517422417767e+05
31 36 -8.462392160326653e+04
36 31 -8.462392160326653e+04
31 37 -6.849159659899744e+04
37 31 -6.849159659899744e+04
31 38  5.243830055138369e+01
38 31  5.243830055138369e+01
31 39 -6.841513394662485e+03
39 31 -6.841513394662485e+03
31 40  5.562710649556231e+05
40 31  5.562710649556231e+05
31 41  8.834404767643449e+04
41 31  8.834404767643449e+04
31 42 -8.462392160326653e+04
42 31 -8.462392160326653e+04
31 61  3.356278287411624e+04
61 31  3.356278287411624e+04
31 62  5.392597049826168e+03
62 31  5.392597049826168e+03
31 63 -1.996919443871944e+03
63 31 -1.996919443871944e+03
31 64  2.188430455509081e+05
64 31  2.188430455509081e+05
31 65  2.451589510266479e+05
65 31  2.451589510266479e+05
31 66 -4.353059250971555e+04
66 31 -4.353059250971555e+04
31 67 -1.327116332811852e+05
67 31 -1.327116332811852e+05
31 68  7.064564083653894e+04
68 31  7.064564083653894e+04
31 69  1.238477005622149e+04
69 31  1.238477005622149e+04
31 70  2.188430455509081e+05
70 31  2.188430455509081e+05
31 71  1.047488964296199e+05
71 31  1.047488964296199e+05
31 72 -4.353059250971555e+04
72 31 -4.353059250971555e+04
32 32  5.157836511909208e+05
32 33  6.974908399133250e+03
33 32  6.974908399133250e+03
32 34 -6.687528657641725e+02
34 32 -6.687528657641725e+02
32 36  6.586527714307067e+01
36 32  6.586527714307067e+01
32 37 -5.243830055139097e+01
37 32 -5.243830055139097e+01
32 38 -4.452172245404089e+05
38 32 -4.452172245404089e+05
32 39 -5.324160130670856e+02
39 32 -5.324160130670856e+02
32 40 -2.993206826666163e-11
40 32 -2.993206826666163e-11
32 41  1.615587133892632e-27
41 32  1.615587133892632e-27
32 42  2.948045304326424e-12
42 32  2.948045304326424e-12
32 61 -5.392597049826168e+03
61 32 -5.392597049826168e+03
32 62  2.223126440433614e+05
62 32  2.223126440433614e+05
32 63  7.999137355853885e+02
63 32  7.999137355853885e+02
32 64 -1.004749200948413e+03
64 32 -1.004749200948413e+03
32 65  3.637978807091713e-12
65 32  3.637978807091713e-12
32 66 -6.773489859984176e+03
66 32 -6.773489859984176e+03
32 67  7.064564083653894e+04
67 32  7.064564083653894e+04
32 68 -2.575958600071874e+05
68 32 -2.575958600071874e+05
32 69 -1.047925849868593e+04
69 32 -1.047925849868593e+04
32 70 -1.654145332965602e-11
70 32 -1.654145332965602e-11
32 72  2.453685228597423e-12
72 32  2.453685228597423e-12
33 33  1.972330165459377e+05
33 34  5.677762484755523e+06
34 33  5.677762484755523e+06
33 35 -1.423721501174709e+04
35 33 -1.423721501174709e+04
33 36 -5.562710655735547e+05
36 33 -5.562710655735547e+05
33 37 -6.841513394662485e+03
37 33 -6.841513394662485e+03
33 38  5.324160130670865e+02
38 33  5.324160130670865e+02
33 39 -1.372809512017867e+05
39 33 -1.372809512017867e+05
33 40  5.677762484755523e+06
40 33  5.677762484755523e+06
33 41 -8.700968608286348e+03
41 33 -8.700968608286348e+03
33 42 -5.562710655735547e+05
42 33 -5.562710655735547e+05
33 61  4.122647318978303e+03
61 33  4.122647318978303e+03
33 62 -7.999137355853894e+02
62 33 -7.999137355853894e+02
33 63  4.057023670108264e+04
63 33  4.057023670108264e+04
33 64  2.286136780596771e+06
64 33  2.286136780596771e+06
33 65  1.748196338690292e+06
65 33  1.748196338690292e+06
33 66 -4.547409234189306e+05
66 33 -4.547409234189306e+05
33 67  6.265203293371244e+03
67 33  6.265203293371244e+03
33 68 -1.047925849868593e+04
68 33 -1.047925849868593e+04
33 69 -7.123055740690486e+04
69 33 -7.123055740690486e+04
33 70  2.286136780596771e+06
70 33  2.286136780596771e+06
33 71  6.106980544942735e+05
71 33  6.106980544942735e+05
33 72 -4.547409234189306e+05
72 33 -4.547409234189306e+05
34 34  2.048131517319200e+08
34 35 -2.064836647907272e+03
35 34 -2.064836647907272e+03
34 36 -1.973113138719540e+07
36 34 -1.973113138719540e+07
34 37 -5.562710649556231e+05
37 34 -5.562710649556231e+05
34 38 -2.993206826666163e-11
38 34 -2.993206826666163e-11
34 39 -5.677762484755524e+06
39 34 -5.677762484755524e+06
34 40  2.018584776920261e+08
40 34  2.018584776920261e+08
34 41  1.612501614708453e+02
41 34  1.612501614708453e+02
34 42 -1.988160746379386e+07
42 34 -1.988160746379386e+07
34 61  4.608789503977535e+05
61 34  4.608789503977535e+05
34 62  1.004749200948443e+03
62 34  1.004749200948443e+03
34 63  2.284274845996930e+06
63 34  2.284274845996930e+06
34 64  9.112557096907596e+07
64 34  9.112557096907596e+07
34 65  1.066999153951192e+07
65 34  1.066999153951192e+07
34 66 -1.809365350221168e+07
66 34 -1.809365350221168e+07
34 67 -4.608789503977533e+05
67 34 -4.608789503977533e+05
34 68 -1.654145332965602e-11
68 34 -1.654145332965602e-11
34 69 -2.284274845996929e+06
69 34 -2.284274845996929e+06
34 70  8.974282990553458e+07
70 34  8.974282990553458e+07
34 71 -1.086575067087213e+07
71 34 -1.086575067087213e+07
34 72 -1.788854387520546e+07
72 34 -1.788854387520546e+07
35 35  2.432591703620797e+08
35 36 -2.093784240924148e+04
36 35 -2.093784240924148e+04
35 37  8.834404767643467e+04
37 35  8.834404767643467e+04
35 38 -1.615587133892632e-27
38 35 -1.615587133892632e-27
35 39 -8.700968608284835e+03
39 35 -8.700968608284835e+03
35 40 -1.612501615434885e+02
40 35 -1.612501615434885e+02
35 41  1.479307740506239e+08
41 35  1.479307740506239e+08
35 42 -1.610365251042880e+03
42 35 -1.610365251042880e+03
35 61 -2.728707568089830e+05
61 35 -2.728707568089830e+05
