1 1  2.863680771856813e+05
1 2  2.897456092139994e+04
2 1  2.897456092139994e+04
1 3  5.833946591252762e+04
3 1  5.833946591252762e+04
1 4 -1.406885365877188e+05
4 1 -1.406885365877188e+05
1 5  5.822988335581968e+04
5 1  5.822988335581968e+04
1 6  1.774213214989132e+05
6 1  1.774213214989132e+05
1 7  2.346413603181555e+05
7 1  2.346413603181555e+05
1 8  4.768310948914755e+01
8 1  4.768310948914755e+01
1 9 -1.922994777179676e+04
9 1 -1.922994777179676e+04
1 10 -1.382641260778913e+05
10 1 -1.382641260778913e+05
1 11  9.096517842735922e+04
11 1  9.096517842735922e+04
1 12  2.020374465107215e+05
12 1  2.020374465107215e+05
1 31 -2.349759120707251e+05
31 1 -2.349759120707251e+05
1 32  1.088438367660492e+03
32 1  1.088438367660492e+03
1 33  1.903655297569148e+04
33 1  1.903655297569148e+04
1 34 -3.618721124411278e+04
34 1 -3.618721124411278e+04
1 35  6.768925680265593e+04
35 1  6.768925680265593e+04
1 36  1.844332037866664e+05
36 1  1.844332037866664e+05
1 37 -2.860335254331116e+05
37 1 -2.860335254331116e+05
1 38 -3.011068239854958e+04
38 1 -3.011068239854958e+04
1 39 -5.814607111642234e+04
39 1 -5.814607111642234e+04
1 40 -3.376280026281839e+04
40 1 -3.376280026281839e+04
1 41  1.004245518585223e+05
41 1  1.004245518585223e+05
1 42  2.090493287107618e+05
42 1  2.090493287107618e+05
2 2  1.062405742568460e+05
2 3  1.024771417671635e+04
3 2  1.024771417671635e+04
2 4  3.353271562915786e+06
4 2  3.353271562915786e+06
2 5 -1.628586740173667e+06
5 2 -1.628586740173667e+06
2 6 -4.700190980392548e+06
6 2 -4.700190980392548e+06
2 7 -9.967840711347803e+02
7 2 -9.967840711347803e+02
2 8  3.764001968863569e+04
8 2  3.764001968863569e+04
2 9 -9.019374413416063e+03
9 2 -9.019374413416063e+03
2 10  3.283502319341911e+06
10 2  3.283502319341911e+06
2 11 -2.568270197880466e+06
11 2 -2.568270197880466e+06
2 12 -5.408587924681811e+06
12 2 -5.408587924681811e+06
2 31  1.309330681792469e+03
31 2  1.309330681792469e+03
2 32 -6.695551759297017e+04
32 2 -6.695551759297017e+04
2 33  1.347535625194259e+04
33 2  1.347535625194259e+04
2 34  7.032231100513076e+05
34 2  7.032231100513076e+05
2 35 -1.770159319320882e+06
35 2 -1.770159319320882e+06
2 36 -4.877344891578971e+06
36 2 -4.877344891578971e+06
2 37 -2.928710753205764e+04
37 2 -2.928710753205764e+04
2 38 -7.692507635251146e+04
38 2 -7.692507635251146e+04
2 39 -1.470369601524286e+04
39 2 -1.470369601524286e+04
2 40  6.334538664617603e+05
40 2  6.334538664617603e+05
2 41 -2.709842777088690e+06
41 2 -2.709842777088690e+06
2 42 -5.585741836027367e+06
42 2 -5.585741836027367e+06
3 3  1.221290710318726e+05
3 4 -1.272909472769070e+06
4 3 -1.272909472769070e+06
3 5  6.226108798762624e+05
5 3  6.226108798762624e+05
3 6  1.773909983407209e+06
6 3  1.773909983407209e+06
3 7 -2.031647202329828e+04
7 3 -2.031647202329828e+04
3 8 -2.511434228076219e+03
8 3 -2.511434228076219e+03
3 9  3.619665858961087e+04
9 3  3.619665858961087e+04
3 10 -1.246364082718469e+06
10 3 -1.246364082718469e+06
3 11  9.704913716047350e+05
11 3  9.704913716047350e+05
3 12  2.043436620936586e+06
12 3  2.043436620936586e+06
3 31  2.019416554412160e+04
31 3  2.019416554412160e+04
3 32  1.347186032701380e+04
32 3  1.347186032701380e+04
3 33 -3.825029623268974e+04
33 3 -3.825029623268974e+04
3 34 -2.694288585485001e+05
34 3 -2.694288585485001e+05
3 35  6.759607740853694e+05
35 3  6.759607740853694e+05
3 36  1.841601926492742e+06
36 3  1.841601926492742e+06
3 37 -5.821715943335094e+04
37 3 -5.821715943335094e+04
3 38 -2.120814027565391e+04
38 3 -2.120814027565391e+04
3 39 -1.200754333887937e+05
39 3 -1.200754333887937e+05
3 40 -2.428834685856116e+05
40 3 -2.428834685856116e+05
3 41  1.023841265654710e+06
41 3  1.023841265654710e+06
3 42  2.111128563611661e+06
42 3  2.111128563611661e+06
4 4  5.911807525418657e+08
4 5  1.337752503937497e+07
5 4  1.337752503937497e+07
4 6 -3.089429187754674e+07
6 4 -3.089429187754674e+07
4 7  1.616741539746905e+05
7 4  1.616741539746905e+05
4 8 -3.696723366813526e+06
8 4 -3.696723366813526e+06
4 9  1.485752198715958e+06
9 4  1.485752198715958e+06
4 10  5.997724884506505e+08
10 4  5.997724884506505e+08
4 11  5.650976538706186e+07
11 4  5.650976538706186e+07
4 12  5.977927262302465e+07
12 4  5.977927262302465e+07
4 31 -1.338647857555701e+05
31 4 -1.338647857555701e+05
4 32  1.641859410912496e+06
32 4  1.641859410912496e+06
4 33 -6.093598700002460e+05
33 4 -6.093598700002460e+05
4 34  3.777132860706859e+08
34 4  3.777132860706859e+08
4 35 -8.558277487764569e+06
35 4 -8.558277487764569e+06
4 36 -9.801287148619694e+07
36 4 -9.801287148619694e+07
4 37  1.128791683685984e+05
37 4  1.128791683685984e+05
4 38 -1.298407607014755e+06
38 4 -1.298407607014755e+06
4 39  3.965171440533584e+05
39 4  3.965171440533584e+05
4 40  3.863743626963689e+08
40 4  3.863743626963689e+08
4 41  3.451459078255961e+07
41 4  3.451459078255961e+07
4 42 -7.316763264251391e+06
42 4 -7.316763264251391e+06
5 5  4.407107036573632e+07
5 6  1.102852199459942e+08
6 5  1.102852199459942e+08
5 7  7.291497216208691e+04
7 5  7.291497216208691e+04
5 8 -1.430351311371341e+06
8 5 -1.430351311371341e+06
5 9  7.150399907401975e+05
9 5  7.150399907401975e+05
5 10  1.668355175391658e+07
10 5  1.668355175391658e+07
5 11  7.245448419487500e+07
11 5  7.245448419487500e+07
5 12  1.430038218850575e+08
12 5  1.430038218850575e+08
5 31 -7.396312750758724e+04
31 5 -7.396312750758724e+04
5 32  1.814230621834901e+06
32 5  1.814230621834901e+06
5 33 -6.916060756390160e+05
33 5 -6.916060756390160e+05
5 34  4.406847053028804e+07
34 5  4.406847053028804e+07
5 35  4.212893089586485e+07
35 5  4.212893089586485e+07
5 36  1.038158062907185e+08
36 5  1.038158062907185e+08
5 37 -5.718172801031937e+04
37 5 -5.718172801031937e+04
5 38  1.244707429710107e+06
38 5  1.244707429710107e+06
5 39 -6.460447949774436e+05
39 5 -6.460447949774436e+05
5 40  4.731512516746691e+07
40 5  4.731512516746691e+07
5 41  7.216706027770062e+07
41 5  7.216706027770062e+07
5 42  1.359315944915642e+08
42 5  1.359315944915642e+08
6 6  2.976206409124447e+08
6 7  1.677488967648268e+05
7 6  1.677488967648268e+05
6 8 -3.374343220324568e+06
8 6 -3.374343220324568e+06
6 9  1.728340938946581e+06
9 6  1.728340938946581e+06
6 10 -2.329285521728344e+07
10 6 -2.329285521728344e+07
6 11  1.856421048720838e+08
11 6  1.856421048720838e+08
6 12  3.722270400421045e+08
12 6  3.722270400421045e+08
6 31 -1.809347393464035e+05
31 6 -1.809347393464035e+05
6 32  4.629938835446829e+06
32 6  4.629938835446829e+06
6 33 -1.745612272220354e+06
33 6 -1.745612272220354e+06
6 34  7.426765986654213e+07
34 6  7.426765986654213e+07
6 35  1.126055342579428e+08
35 6  1.126055342579428e+08
6 36  2.861451827008109e+08
36 6  2.861451827008109e+08
6 37 -1.642354789173366e+05
37 6 -1.642354789173366e+05
6 38  3.444595365270287e+06
38 6  3.444595365270287e+06
6 39 -1.756638650133436e+06
39 6 -1.756638650133436e+06
6 40  8.189164024817959e+07
40 6  8.189164024817959e+07
6 41  1.873596054458149e+08
41 6  1.873596054458149e+08
6 42  3.610475920150265e+08
42 6  3.610475920150265e+08
7 7  4.799351139740336e+05
7 8  1.816490115397207e+04
8 7  1.816490115397207e+04
7 9 -2.942487151207884e+04
9 7 -2.942487151207884e+04
7 10 -5.938609997140709e+04
10 7 -5.938609997140709e+04
7 11  2.531127175006738e+05
11 7  2.531127175006738e+05
7 12  5.160007394671761e+05
12 7  5.160007394671761e+05
7 13  1.581099778212938e+05
13 7  1.581099778212938e+05
7 14 -5.565987310076324e+02
14 7 -5.565987310076324e+02
7 15 -1.548968025563339e+04
15 7 -1.548968025563339e+04
7 16 -2.357360809605424e+05
16 7 -2.357360809605424e+05
7 17  1.514735698356737e+05
17 7  1.514735698356737e+05
7 18  1.992442347329755e+05
18 7  1.992442347329755e+05
7 31 -2.574738180845211e+05
31 7 -2.574738180845211e+05
7 32  2.611220086746655e+04
32 7  2.611220086746655e+04
7 33  8.544785878139315e+04
33 7  8.544785878139315e+04
7 34  8.287411296385457e+04
34 7  8.287411296385457e+04
7 35  6.513115751845774e+04
35 7  6.513115751845774e+04
7 36  1.575640282907257e+05
36 7  1.575640282907257e+05
7 37 -3.932535201500303e+05
37 7 -3.932535201500303e+05
7 38  3.519046821807084e+03
38 7  3.519046821807084e+03
7 39  3.500242881588227e+04
39 7  3.500242881588227e+04
7 40 -2.413163099419921e+04
40 7 -2.413163099419921e+04
7 41  2.601590148432365e+05
41 7  2.601590148432365e+05
7 42  5.242257425375360e+05
42 7  5.242257425375360e+05
7 43 -2.219591138789317e+05
43 7 -2.219591138789317e+05
7 44 -4.624276604110329e+04
44 7 -4.624276604110329e+04
7 45 -5.521926380626488e+04
45 7 -5.521926380626488e+04
7 46 -1.216815712027707e+05
46 7 -1.216815712027707e+05
7 47  1.663036818361343e+05
47 7  1.663036818361343e+05
7 48  2.176541063111174e+05
48 7  2.176541063111174e+05
8 8  1.956797785972067e+05
8 9  3.764504826695682e+04
9 8  3.764504826695682e+04
8 10 -3.340845377296186e+05
10 8 -3.340845377296186e+05
8 11 -5.133734605686219e+06
11 8 -5.133734605686219e+06
8 12 -1.035104767405868e+07
12 8 -1.035104767405868e+07
8 13 -2.239668579662633e+03
13 8 -2.239668579662633e+03
8 14  7.362030314389080e+03
14 8  7.362030314389080e+03
8 15 -1.992213009736312e+04
15 8 -1.992213009736312e+04
8 16  3.654061564202553e+06
16 8  3.654061564202553e+06
8 17 -3.229843107526860e+06
17 8 -3.229843107526860e+06
8 18 -4.017810817478077e+06
18 8 -4.017810817478077e+06
8 31  2.574199804908095e+04
31 8  2.574199804908095e+04
8 32 -7.692691062248852e+04
32 8 -7.692691062248852e+04
8 33 -2.674334798441687e+04
33 8 -2.674334798441687e+04
8 34 -1.940746914328147e+06
34 8 -1.940746914328147e+06
8 35 -1.305540278953173e+06
35 8 -1.305540278953173e+06
8 36 -3.102731106402915e+06
36 8 -3.102731106402915e+06
8 37  2.908453209922760e+03
37 8  2.908453209922760e+03
8 38 -8.436294785984860e+04
38 8 -8.436294785984860e+04
8 39  3.763095455841553e+04
39 8  3.763095455841553e+04
8 40 -6.021401886168418e+05
40 8 -6.021401886168418e+05
8 41 -5.195733672429288e+06
41 8 -5.195733672429288e+06
8 42 -1.036022564441436e+07
42 8 -1.036022564441436e+07
8 43 -4.462336694280229e+04
43 8 -4.462336694280229e+04
8 44 -7.939197011789435e+04
44 8 -7.939197011789435e+04
8 45 -2.609909051551615e+04
45 8 -2.609909051551615e+04
8 46  1.630029460844218e+06
46 8  1.630029460844218e+06
8 47 -3.416653206566205e+06
47 8 -3.416653206566205e+06
8 48 -4.298600901610537e+06
48 8 -4.298600901610537e+06
9 9  2.587413874100957e+05
9 10 -6.880422491540134e+05
10 9 -6.880422491540134e+05
9 11  2.557385403591592e+06
11 9  2.557385403591592e+06
9 12  5.218973932094691e+06
12 9  5.218973932094691e+06
9 13 -1.646887929327242e+04
13 9 -1.646887929327242e+04
9 14 -9.240760615011210e+03
14 9 -9.240760615011210e+03
9 15 -2.307359720229546e+03
15 9 -2.307359720229546e+03
9 16 -2.320181968045706e+06
16 9 -2.320181968045706e+06
9 17  1.575868982232078e+06
17 9  1.575868982232078e+06
9 18  2.004320995933795e+06
18 9  2.004320995933795e+06
9 31  8.534817691737751e+04
31 9  8.534817691737751e+04
9 32 -2.013427555191999e+04
32 9 -2.013427555191999e+04
9 33 -1.486326012349412e+05
33 9 -1.486326012349412e+05
9 34  7.436768833561946e+05
34 9  7.436768833561946e+05
9 35  6.664731945147095e+05
35 9  6.664731945147095e+05
9 36  1.633076712020050e+06
36 9  1.633076712020050e+06
9 37  3.538616307095894e+04
37 9  3.538616307095894e+04
9 38  3.747489905938717e+04
38 9  3.747489905938717e+04
9 39 -4.217958940204305e+04
39 9 -4.217958940204305e+04
9 40 -2.895464244401200e+05
40 9 -2.895464244401200e+05
9 41  2.624650640183352e+06
41 9  2.624650640183352e+06
9 42  5.321872428336637e+06
42 9  5.321872428336637e+06
9 43 -5.561064141118846e+04
43 9 -5.561064141118846e+04
9 44 -3.672553674599672e+04
44 9 -3.672553674599672e+04
9 45 -1.018184956424928e+05
45 9 -1.018184956424928e+05
9 46 -1.179610827938369e+06
46 9 -1.179610827938369e+06
9 47  1.691701015194198e+06
47 9  1.691701015194198e+06
9 48  2.202483719210650e+06
48 9  2.202483719210650e+06
10 10  1.359341207405994e+09
10 11  9.339327910743699e+07
11 10  9.339327910743699e+07
10 12  4.158407894044982e+07
12 10  4.158407894044982e+07
10 13  2.751310901071511e+05
13 10  2.751310901071511e+05
10 14 -4.033868079162289e+06
14 10 -4.033868079162289e+06
10 15  2.720627177183987e+06
15 10  2.720627177183987e+06
10 16  7.577522345078232e+08
16 10  7.577522345078232e+08
10 17  1.022766679745401e+08
17 10  1.022766679745401e+08
10 18  5.484352135360260e+07
18 10  5.484352135360260e+07
10 31 -1.349280269423864e+05
31 10 -1.349280269423864e+05
10 32  1.711595848263191e+06
32 10  1.711595848263191e+06
10 33 -6.362011269795941e+05
33 10 -6.362011269795941e+05
10 34  3.700989294995431e+08
34 10  3.700989294995431e+08
10 35 -5.780674802858183e+06
35 10 -5.780674802858183e+06
10 36 -8.910597922970301e+07
36 10 -8.910597922970301e+07
10 37 -2.234313067151785e+05
37 10 -2.234313067151785e+05
10 38  1.431268336629507e+06
38 10  1.431268336629507e+06
10 39 -1.304030595493713e+06
39 10 -1.304030595493713e+06
10 40  9.444383379982423e+08
40 10  9.444383379982423e+08
10 41  3.647915308008211e+07
41 10  3.647915308008211e+07
10 42 -1.143753880127940e+08
42 10 -1.143753880127940e+08
10 43  2.808784695997123e+05
43 10  2.808784695997123e+05
10 44 -2.058413887342702e+06
44 10 -2.058413887342702e+06
10 45  1.154010877161803e+06
45 10  1.154010877161803e+06
10 46  5.726299308940678e+08
46 10  5.726299308940678e+08
10 47  6.764684779475752e+07
47 10  6.764684779475752e+07
10 48 -3.521116449602430e+07
48 10 -3.521116449602430e+07
11 11  2.594479462649739e+08
11 12  4.990017179921593e+08
12 11  4.990017179921593e+08
11 13  1.407517661990164e+05
13 11  1.407517661990164e+05
11 14 -1.625311878659199e+06
14 11 -1.625311878659199e+06
11 15  1.404394134703442e+06
15 11  1.404394134703442e+06
11 16  2.665969016417118e+07
16 11  2.665969016417118e+07
11 17  1.836789422886488e+08
17 11  1.836789422886488e+08
11 18  2.091130373682297e+08
18 11  2.091130373682297e+08
11 31 -1.021585561797655e+05
31 11 -1.021585561797655e+05
11 32  2.753771305754603e+06
32 11  2.753771305754603e+06
11 33 -1.040638284786593e+06
33 11 -1.040638284786593e+06
11 34  1.647746750552395e+07
34 11  1.647746750552395e+07
11 35  7.084544051236801e+07
35 11  7.084544051236801e+07
11 36  1.860342499291973e+08
36 11  1.860342499291973e+08
11 37 -2.778968541839146e+05
37 11 -2.778968541839146e+05
11 38  5.230281054765830e+06
38 11  5.230281054765830e+06
11 39 -2.664763003853573e+06
39 11 -2.664763003853573e+06
11 40  1.018820165515219e+08
40 11  1.018820165515219e+08
11 41  2.533044215684765e+08
41 11  2.533044215684765e+08
11 42  4.900923520733438e+08
42 11  4.900923520733438e+08
11 43 -1.047742517633693e+05
43 11 -1.047742517633693e+05
11 44  1.343264321705452e+06
44 11  1.343264321705452e+06
11 45 -1.226869621259604e+06
45 11 -1.226869621259604e+06
11 46  7.500080478059152e+07
46 11  7.500080478059152e+07
11 47  1.830803371269651e+08
47 11  1.830803371269651e+08
11 48  1.979847573128264e+08
48 11  1.979847573128264e+08
12 12  9.983573173439593e+08
12 13  2.416414882467112e+05
13 12  2.416414882467112e+05
12 14 -2.757479243495825e+06
14 12 -2.757479243495825e+06
12 15  2.476755125371196e+06
15 12  2.476755125371196e+06
12 16 -3.928443364666066e+07
16 12 -3.928443364666066e+07
12 17  3.547729712542145e+08
17 12  3.547729712542145e+08
12 18  4.114006223808501e+08
18 12  4.114006223808501e+08
12 31 -1.917306809185250e+05
31 12 -1.917306809185250e+05
12 32  5.338002692682243e+06
32 12  5.338002692682243e+06
12 33 -2.018142896448431e+06
33 12 -2.018142896448431e+06
12 34  1.525412892806136e+05
34 12  1.525412892806136e+05
12 35  1.416559689624846e+08
35 12  1.416559689624846e+08
12 36  3.784995859210367e+08
36 12  3.784995859210367e+08
12 37 -5.240957167531374e+05
37 12 -5.240957167531374e+05
12 38  1.024126834855249e+07
38 12  1.024126834855249e+07
12 39 -5.126459981633198e+06
39 12 -5.126459981633198e+06
12 40  1.011184151983995e+08
40 12  1.011184151983995e+08
12 41  5.026572618905078e+08
41 12  5.026572618905078e+08
12 42  9.925762752598205e+08
42 12  9.925762752598205e+08
12 43 -2.438532765529464e+05
43 12 -2.438532765529464e+05
12 44  2.937843801001582e+06
44 12  2.937843801001582e+06
12 45 -2.594562800320845e+06
45 12 -2.594562800320845e+06
12 46  7.996829103623039e+07
46 12  7.996829103623039e+07
12 47  3.579495989956619e+08
47 12  3.579495989956619e+08
12 48  4.003756256728224e+08
48 12  4.003756256728224e+08
13 13  3.868633821701090e+05
13 14  2.299650313821105e+04
14 13  2.299650313821105e+04
13 15 -3.132484362128932e+04
15 13 -3.132484362128932e+04
13 16 -6.410714693300141e+04
16 13 -6.410714693300141e+04
13 17  5.407983349602110e+05
17 13  5.407983349602110e+05
13 18  6.349496191952932e+05
18 13  6.349496191952932e+05
13 19  1.177725671802304e+05
19 13  1.177725671802304e+05
13 20 -1.695916147190429e+03
20 13 -1.695916147190429e+03
13 21 -1.286085095304226e+04
21 13 -1.286085095304226e+04
13 22 -3.540491673463900e+05
22 13 -3.540491673463900e+05
13 23  2.399963398447963e+05
23 13  2.399963398447963e+05
13 24  2.429314190560788e+05
24 13  2.429314190560788e+05
13 37 -1.962630321378918e+05
37 13 -1.962630321378918e+05
13 38  3.929003290907652e+04
38 13  3.929003290907652e+04
13 39  7.396987307854190e+04
39 13  7.396987307854190e+04
13 40  1.689943976343340e+05
40 13  1.689943976343340e+05
13 41  1.268091692799991e+05
41 13  1.268091692799991e+05
13 42  2.218776135142421e+05
42 13  2.218776135142421e+05
13 43 -2.763674883107531e+05
43 13 -2.763674883107531e+05
13 44  5.711705115773517e+03
44 13  5.711705115773517e+03
13 45  2.723462910092614e+04
45 13  2.723462910092614e+04
13 46 -2.921409745055789e+04
46 13 -2.921409745055789e+04
13 47  5.462427327166298e+05
47 13  5.462427327166298e+05
13 48  6.391458702670133e+05
48 13  6.391458702670133e+05
13 49 -1.901154067229882e+05
49 13 -1.901154067229882e+05
13 50 -6.406265643620803e+04
50 13 -6.406265643620803e+04
13 51 -4.054992831186405e+04
51 13 -4.054992831186405e+04
13 52 -2.130194254444482e+05
52 13 -2.130194254444482e+05
13 53  2.593833345213132e+05
53 13  2.593833345213132e+05
13 54  2.668915448798918e+05
54 13  2.668915448798918e+05
14 14  2.086649299629002e+05
14 15  5.655478689084898e+04
15 14  5.655478689084898e+04
14 16 -9.050725271063531e+05
16 14 -9.050725271063531e+05
14 17 -6.373771287868714e+06
17 14 -6.373771287868714e+06
14 18 -7.346711018580461e+06
18 14 -7.346711018580461e+06
14 19 -3.067350597739776e+03
19 14 -3.067350597739776e+03
14 20 -2.024876705830207e+04
20 14 -2.024876705830207e+04
14 21 -2.567189945188982e+04
21 14 -2.567189945188982e+04
14 22  3.304729341829944e+06
22 14  3.304729341829944e+06
14 23 -2.915195688907359e+06
23 14 -2.915195688907359e+06
14 24 -2.802959823999811e+06
24 14 -2.802959823999811e+06
14 37  3.887776971322377e+04
37 14  3.887776971322377e+04
14 38 -7.939395980522175e+04
38 14 -7.939395980522175e+04
14 39 -4.517756283985196e+04
39 14 -4.517756283985196e+04
14 40 -2.578079305872264e+06
40 14 -2.578079305872264e+06
14 41 -1.451763785858573e+06
41 14 -1.451763785858573e+06
14 42 -2.412173936895927e+06
42 14 -2.412173936895927e+06
14 43  4.417048813706775e+03
43 14  4.417048813706775e+03
14 44 -8.963562848438252e+03
44 14 -8.963562848438252e+03
14 45  5.926506470290237e+04
45 14  5.926506470290237e+04
14 46 -9.271498012059007e+05
46 14 -9.271498012059007e+05
14 47 -6.362545326635883e+06
47 14 -6.362545326635883e+06
14 48 -7.225696878451363e+06
48 14 -7.225696878451363e+06
14 49 -6.266737233639420e+04
49 14 -6.266737233639420e+04
14 50 -1.074206705653273e+05
50 14 -1.074206705653273e+05
14 51 -3.572962868699833e+04
51 14 -3.572962868699833e+04
14 52  1.826863294441454e+06
52 14  1.826863294441454e+06
14 53 -3.077517820565827e+06
53 14 -3.077517820565827e+06
14 54 -3.027250990459637e+06
54 14 -3.027250990459637e+06
15 15  2.280472394007830e+05
15 16 -9.577725087681282e+05
16 15 -9.577725087681282e+05
15 17  5.479676893957091e+06
17 15  5.479676893957091e+06
15 18  6.464623387804133e+06
18 15  6.464623387804133e+06
15 19 -1.361458548926088e+04
19 15 -1.361458548926088e+04
15 20 -2.086515896597055e+04
20 15 -2.086515896597055e+04
15 21 -1.639110614446849e+04
21 15 -1.639110614446849e+04
15 22 -3.830702625897950e+06
22 15 -3.830702625897950e+06
15 23  2.437057661049414e+06
23 15  2.437057661049414e+06
15 24  2.441522642595573e+06
24 15  2.441522642595573e+06
15 37  7.356625687835213e+04
37 15  7.356625687835213e+04
15 38 -3.430235926797527e+04
38 15 -3.430235926797527e+04
15 39 -1.275135607394875e+05
39 15 -1.275135607394875e+05
15 40  1.660902918347927e+06
40 15  1.660902918347927e+06
15 41  1.290379739263280e+06
41 15  1.290379739263280e+06
15 42  2.269458301294183e+06
42 15  2.269458301294183e+06
15 43  2.855333425044774e+04
43 15  2.855333425044774e+04
15 44  5.898736616614457e+04
44 15  5.898736616614457e+04
15 45 -3.264978806474277e+03
45 15 -3.264978806474277e+03
15 46 -5.343783364777644e+05
46 15 -5.343783364777644e+05
15 47  5.549992065259503e+06
47 15  5.549992065259503e+06
15 48  6.551811285101539e+06
48 15  6.551811285101539e+06
15 49 -4.169048176261628e+04
49 15 -4.169048176261628e+04
15 50 -4.045250472568460e+04
50 15 -4.045250472568460e+04
15 51 -7.857023399012318e+04
51 15 -7.857023399012318e+04
15 52 -2.347584194751903e+06
52 15 -2.347584194751903e+06
15 53  2.621387227802962e+06
53 15  2.621387227802962e+06
15 54  2.736007364113986e+06
54 15  2.736007364113986e+06
16 16  1.648787364247306e+09
16 17  1.378293332350400e+08
17 16  1.378293332350400e+08
16 18  2.200029900357686e+06
18 16  2.200029900357686e+06
16 19  3.942901490174959e+05
19 16  3.942901490174959e+05
16 20 -3.616314674348430e+06
20 16 -3.616314674348430e+06
16 21  4.236462241119920e+06
21 16  4.236462241119920e+06
16 22  8.886411366307881e+08
22 16  8.886411366307881e+08
16 23  1.284470412650350e+08
23 16  1.284470412650350e+08
16 24  2.787798201031284e+07
24 16  2.787798201031284e+07
16 37 -3.176816286962428e+05
37 16 -3.176816286962428e+05
16 38  2.438156333414800e+06
38 16  2.438156333414800e+06
16 39 -1.554943231731646e+06
39 16 -1.554943231731646e+06
16 40  5.542297724999009e+08
40 16  5.542297724999009e+08
16 41 -8.649313940430047e+06
41 16 -8.649313940430047e+06
16 42 -1.276434491848437e+08
42 16 -1.276434491848437e+08
16 43 -3.059388813092930e+05
43 16 -3.059388813092930e+05
16 44  5.009962508525611e+05
44 16  5.009962508525611e+05
16 45 -1.777358348901411e+06
45 16 -1.777358348901411e+06
16 46  1.270133679124951e+09
46 16  1.270133679124951e+09
16 47  6.270948915418547e+07
47 16  6.270948915418547e+07
16 48 -1.796880989557550e+08
48 16 -1.796880989557550e+08
16 49  5.291735888815837e+05
49 16  5.291735888815837e+05
16 50 -2.071826947015130e+06
50 16 -2.071826947015130e+06
16 51  2.373793816326971e+06
51 16  2.373793816326971e+06
16 52  7.136175345431322e+08
52 16  7.136175345431322e+08
16 53  8.841651553163071e+07
53 16  8.841651553163071e+07
16 54 -6.545578095526799e+07
54 16 -6.545578095526799e+07
17 17  6.995311558971629e+08
17 18  7.878145272003110e+08
18 17  7.878145272003110e+08
17 19  2.361430205330896e+05
19 17  2.361430205330896e+05
17 20 -2.037090222342249e+06
20 17 -2.037090222342249e+06
17 21  2.376139832578573e+06
21 17  2.376139832578573e+06
17 22  2.428592060002308e+07
22 17  2.428592060002308e+07
17 23  3.739648649240030e+08
23 17  3.739648649240030e+08
17 24  3.181248207158545e+08
24 17  3.181248207158545e+08
17 37 -1.713161467613671e+05
37 17 -1.713161467613671e+05
17 38  3.511467255167874e+06
38 17  3.511467255167874e+06
17 39 -1.756515096684349e+06
39 17 -1.756515096684349e+06
17 40  2.926510178269190e+07
40 17  2.926510178269190e+07
17 41  1.802540934223424e+08
41 17  1.802540934223424e+08
17 42  3.574185611360160e+08
42 17  3.574185611360160e+08
17 43 -5.852421852089319e+05
43 17 -5.852421852089319e+05
17 44  6.351767077240737e+06
44 17  6.351767077240737e+06
17 45 -5.596770405982118e+06
45 17 -5.596770405982118e+06
17 46  1.507646188161525e+08
46 17  1.507646188161525e+08
17 47  6.930839703420155e+08
47 17  6.930839703420155e+08
17 48  7.762360377687979e+08
48 17  7.762360377687979e+08
17 49 -1.718565933586752e+05
49 17 -1.718565933586752e+05
17 50  1.777470285329211e+06
50 17  1.777470285329211e+06
17 51 -2.078400206101274e+06
51 17 -2.078400206101274e+06
17 52  1.100130866158328e+08
52 17  1.100130866158328e+08
17 53  3.737733391041279e+08
53 17  3.737733391041279e+08
17 54  3.016702367806364e+08
54 17  3.016702367806364e+08
18 18  9.129669130832226e+08
18 19  2.259731008186363e+05
19 18  2.259731008186363e+05
18 20 -1.965181680693027e+06
20 18 -1.965181680693027e+06
18 21  2.290769548789205e+06
21 18  2.290769548789205e+06
18 22 -6.616151025777199e+07
22 18 -6.616151025777199e+07
18 23  4.174329936290817e+08
23 18  4.174329936290817e+08
18 24  3.637260402020895e+08
24 18  3.637260402020895e+08
18 37 -1.707169369575275e+05
37 18 -1.707169369575275e+05
18 38  3.836795757159543e+06
38 18  3.836795757159543e+06
18 39 -1.891459394698535e+06
39 18 -1.891459394698535e+06
18 40 -1.233161250472669e+07
40 18 -1.233161250472669e+07
18 41  2.079725881291023e+08
41 18  2.079725881291023e+08
18 42  4.215743680526148e+08
42 18  4.215743680526148e+08
18 43 -6.352692792221643e+05
43 18 -6.352692792221643e+05
18 44  7.224348668094788e+06
44 18  7.224348668094788e+06
18 45 -6.220793261289489e+06
45 18 -6.220793261289489e+06
18 46  5.215575895843367e+07
46 18  5.215575895843367e+07
18 47  7.930791970222168e+08
47 18  7.930791970222168e+08
18 48  9.121247239216683e+08
48 18  9.121247239216683e+08
18 49 -2.541807385672129e+05
49 18 -2.541807385672129e+05
18 50  2.268559091497233e+06
50 18  2.268559091497233e+06
18 51 -2.647461276539109e+06
51 18 -2.647461276539109e+06
18 52  5.116470301098200e+07
52 18  5.116470301098200e+07
18 53  4.216076080682110e+08
53 18  4.216076080682110e+08
18 54  3.547819094115214e+08
54 18  3.547819094115214e+08
19 19  3.426752957937929e+05
19 20  2.119498174512749e+04
20 19  2.119498174512749e+04
19 21 -4.631047634370450e+04
21 19 -4.631047634370450e+04
19 22 -1.302373879809291e+05
22 19 -1.302373879809291e+05
19 23  9.495283733687074e+05
23 19  9.495283733687074e+05
19 24  5.057681068025195e+05
24 19  5.057681068025195e+05
19 25  9.843747004558302e+04
25 19  9.843747004558302e+04
19 26 -8.440286638350098e+02
26 19 -8.440286638350098e+02
19 27 -1.014997533563114e+04
27 19 -1.014997533563114e+04
19 28 -5.348784113404173e+05
28 19 -5.348784113404173e+05
19 29  4.303595140936844e+05
29 19  4.303595140936844e+05
19 30  1.747002295727030e+05
30 19  1.747002295727030e+05
19 43 -1.703323291886150e+05
43 19 -1.703323291886150e+05
19 44  5.530924604249832e+04
44 19  5.530924604249832e+04
19 45  5.891796206381205e+04
45 19  5.891796206381205e+04
19 46  2.649440687490242e+05
46 19  2.649440687490242e+05
19 47  2.173638816379186e+05
47 19  2.173638816379186e+05
19 48  2.001443944734662e+05
48 19  2.001443944734662e+05
19 49 -2.166339708385317e+05
49 19 -2.166339708385317e+05
19 50  5.045593498440557e+03
50 19  5.045593498440557e+03
19 51  2.053742052477358e+04
51 19  2.053742052477358e+04
19 52 -7.457402878193877e+04
52 19 -7.457402878193877e+04
19 53  9.453641457659453e+05
53 19  9.453641457659453e+05
19 54  4.985904427079678e+05
54 19  4.985904427079678e+05
19 55 -1.719190329924595e+05
55 19 -1.719190329924595e+05
19 56 -7.763844202449157e+04
56 19 -7.763844202449157e+04
19 57 -9.380345419989088e+03
57 19 -9.380345419989088e+03
19 58 -3.498689720392488e+05
58 19 -3.498689720392488e+05
19 59  4.449744253828374e+05
59 19  4.449744253828374e+05
19 60  1.933512718299683e+05
60 19  1.933512718299683e+05
20 20  2.565305308262231e+05
20 21  5.248828575790954e+04
21 20  5.248828575790954e+04
20 22 -2.199969942055997e+06
22 20 -2.199969942055997e+06
20 23 -4.993027438283213e+06
23 20 -4.993027438283213e+06
20 24 -3.190912597559795e+06
24 20 -3.190912597559795e+06
20 25 -1.965521589309587e+03
25 20 -1.965521589309587e+03
20 26 -5.466572440102812e+04
26 20 -5.466572440102812e+04
20 27 -1.420763162903281e+04
27 20 -1.420763162903281e+04
20 28  1.489879669058139e+06
28 20  1.489879669058139e+06
20 29 -1.206579501154640e+06
29 20 -1.206579501154640e+06
20 30 -4.791142775769000e+05
30 20 -4.791142775769000e+05
20 43  5.579993233898978e+04
43 20  5.579993233898978e+04
20 44 -1.074220555394439e+05
44 20 -1.074220555394439e+05
20 45 -5.234380053333827e+04
45 20 -5.234380053333827e+04
20 46 -2.450225207102692e+06
46 20 -2.450225207102692e+06
20 47 -1.881932055626340e+06
47 20 -1.881932055626340e+06
20 48 -1.701747134663275e+06
48 20 -1.701747134663275e+06
20 49  3.778930641055794e+03
49 20  3.778930641055794e+03
20 50  6.741654438860678e+04
50 20  6.741654438860678e+04
20 51  5.210522180858787e+04
51 20  5.210522180858787e+04
20 52 -1.550866297809737e+06
52 20 -1.550866297809737e+06
20 53 -4.876119466872365e+06
53 20 -4.876119466872365e+06
20 54 -2.988101236004594e+06
54 20 -2.988101236004594e+06
20 55 -7.711240698867304e+04
55 20 -7.711240698867304e+04
20 56 -1.416105282160559e+05
56 20 -1.416105282160559e+05
20 57 -1.717691643815581e+04
57 20 -1.717691643815581e+04
20 58  9.728938460554043e+05
58 20  9.728938460554043e+05
20 59 -1.244829696193949e+06
59 20 -1.244829696193949e+06
20 60 -5.397374620845089e+05
60 20 -5.397374620845089e+05
21 21  1.865564028248425e+05
21 22 -1.089674637202038e+06
22 21 -1.089674637202038e+06
21 23  9.650850116812510e+06
23 21  9.650850116812510e+06
21 24  5.126285796889111e+06
24 21  5.126285796889111e+06
21 25 -1.045738189082153e+04
25 21 -1.045738189082153e+04
21 26 -1.431846108942427e+04
26 21 -1.431846108942427e+04
21 27 -5.162707147857293e+03
27 21 -5.162707147857293e+03
21 28 -5.433937611269138e+06
28 21 -5.433937611269138e+06
21 29  4.378498062667275e+06
29 21  4.378498062667275e+06
21 30  1.740991119547680e+06
30 21  1.740991119547680e+06
21 43  5.775428688473196e+04
43 21  5.775428688473196e+04
21 44 -4.726727462894796e+04
44 21 -4.726727462894796e+04
21 45 -9.835166931292789e+04
45 21 -9.835166931292789e+04
21 46  2.872369690221215e+06
46 21  2.872369690221215e+06
21 47  2.194511794015070e+06
47 21  2.194511794015070e+06
21 48  1.981380732874750e+06
48 21  1.981380732874750e+06
21 49  2.321282961286240e+04
49 21  2.321282961286240e+04
21 50  5.184124374726311e+04
50 21  5.184124374726311e+04
21 51 -1.199531115255139e+04
51 21 -1.199531115255139e+04
21 52 -5.721071596657229e+05
52 21 -5.721071596657229e+05
21 53  9.608627326931929e+06
53 21  9.608627326931929e+06
21 54  5.039034528804245e+06
54 21  5.039034528804245e+06
21 55 -1.133840731002605e+04
55 21 -1.133840731002605e+04
21 56 -1.707189433491059e+04
56 21 -1.707189433491059e+04
21 57 -5.465560906703740e+04
57 21 -5.465560906703740e+04
21 58 -3.552277582827471e+06
58 21 -3.552277582827471e+06
21 59  4.517903311317139e+06
59 21  4.517903311317139e+06
21 60  1.963128667277810e+06
60 21  1.963128667277810e+06
22 22  1.854605245013976e+09
22 23  1.080308871810789e+08
23 22  1.080308871810789e+08
22 24 -6.882652723576340e+07
24 22 -6.882652723576340e+07
22 25  5.528484029678762e+05
25 22  5.528484029678762e+05
22 26 -1.540107787843955e+06
26 22 -1.540107787843955e+06
22 27  5.616204143952494e+06
27 22  5.616204143952494e+06
22 28  9.587607958290526e+08
28 22  9.587607958290526e+08
22 29  1.129672361118607e+08
29 22  1.129672361118607e+08
22 30 -6.334749355589873e+07
30 22 -6.334749355589873e+07
22 43 -5.654146473434253e+05
43 22 -5.654146473434253e+05
22 44  2.383331738887368e+06
44 22  2.383331738887368e+06
22 45 -2.780201599455558e+06
45 22 -2.780201599455558e+06
22 46  6.952861990825986e+08
46 22  6.952861990825986e+08
22 47 -1.651845832320735e+07
47 22 -1.651845832320735e+07
22 48 -1.574973798616765e+08
48 22 -1.574973798616765e+08
22 49 -2.745024025132966e+05
49 22 -2.745024025132966e+05
22 50 -9.381220320013936e+05
50 22 -9.381220320013936e+05
22 51 -1.521316284971399e+06
51 22 -1.521316284971399e+06
22 52  1.485253421046875e+09
52 22  1.485253421046875e+09
22 53  4.358961814803667e+07
53 22  4.358961814803667e+07
22 54 -2.281337328854519e+08
54 22 -2.281337328854519e+08
22 55  7.713552022161650e+05
55 22  7.713552022161650e+05
22 56 -1.009861318815966e+06
56 22 -1.009861318815966e+06
22 57  3.605691003574451e+06
57 22  3.605691003574451e+06
22 58  7.828826142844652e+08
58 22  7.828826142844652e+08
22 59  8.915296380760141e+07
59 22  8.915296380760141e+07
22 60 -1.309724327253364e+08
60 22 -1.309724327253364e+08
23 23  1.408872460028338e+09
23 24  7.094429473068352e+08
24 23  7.094429473068352e+08
23 25  4.296324636196748e+05
25 23  4.296324636196748e+05
23 26 -1.199475322132534e+06
26 23 -1.199475322132534e+06
23 27  4.353659313144888e+06
27 23  4.353659313144888e+06
23 28 -2.824038444403933e+07
28 23 -2.824038444403933e+07
23 29  7.599277564991292e+08
29 23  7.599277564991292e+08
23 30  2.120864398274894e+08
30 23  2.120864398274894e+08
23 43 -2.642606864288038e+05
43 23 -2.642606864288038e+05
23 44  3.173994965138833e+06
44 23  3.173994965138833e+06
23 45 -2.741329538580118e+06
45 23 -2.741329538580118e+06
23 46  2.762530279400966e+07
46 23  2.762530279400966e+07
23 47  3.694950907445685e+08
47 23  3.694950907445685e+08
23 48  4.243897755705735e+08
48 23  4.243897755705735e+08
23 49 -9.969646447750528e+05
49 23 -9.969646447750528e+05
23 50  4.798733443247784e+06
50 23  4.798733443247784e+06
23 51 -9.572344772948187e+06
51 23 -9.572344772948187e+06
23 52  1.475219881813837e+08
52 23  1.475219881813837e+08
23 53  1.403603499758080e+09
53 23  1.403603499758080e+09
23 54  6.953713630348101e+08
54 23  6.953713630348101e+08
23 55 -3.579318456293219e+05
55 23 -3.579318456293219e+05
23 56  1.134970040936489e+06
56 23  1.134970040936489e+06
23 57 -4.127892779478505e+06
57 23 -4.127892779478505e+06
23 58  1.118950728328432e+08
58 23  1.118950728328432e+08
23 59  7.604208074348817e+08
59 23  7.604208074348817e+08
23 60  1.892570812013908e+08
60 23  1.892570812013908e+08
24 24  4.848914378206182e+08
24 25  6.059301825415628e+04
25 24  6.059301825415628e+04
24 26 -1.786288308175579e+05
26 24 -1.786288308175579e+05
24 27  6.461011047401024e+05
27 24  6.461011047401024e+05
24 28 -1.022398427084483e+08
28 24 -1.022398427084483e+08
24 29  1.981739971408809e+08
29 24  1.981739971408809e+08
24 30  6.465547611157541e+07
30 24  6.465547611157541e+07
24 43 -1.741118925982360e+05
43 24 -1.741118925982360e+05
24 44  2.498764670627663e+06
44 24  2.498764670627663e+06
24 45 -2.091411871682593e+06
45 24 -2.091411871682593e+06
24 46 -4.061491279736698e+07
46 24 -4.061491279736698e+07
24 47  3.180714747213780e+08
47 24  3.180714747213780e+08
24 48  3.781329807252962e+08
48 24  3.781329807252962e+08
24 49 -4.605990692722060e+05
49 24 -4.605990692722060e+05
24 50  3.261639148809084e+06
50 24  3.261639148809084e+06
24 51 -4.630315814674576e+06
51 24 -4.630315814674576e+06
24 52 -8.174069622905260e+07
52 24 -8.174069622905260e+07
24 53  7.136736633133817e+08
53 24  7.136736633133817e+08
24 54  4.960719725166408e+08
54 24  4.960719725166408e+08
24 55 -1.745815822423126e+05
55 24 -1.745815822423126e+05
24 56  4.120974329404172e+05
56 24  4.120974329404172e+05
24 57 -1.492181857867618e+06
57 24 -1.492181857867618e+06
24 58 -4.631472001771142e+07
58 24 -4.631472001771142e+07
24 59  2.006570667293226e+08
59 24  2.006570667293226e+08
24 60  6.503068607195149e+07
60 24  6.503068607195149e+07
25 25  1.640608733949809e+05
25 26 -7.330303413629120e+04
26 25 -7.330303413629120e+04
25 27 -2.925648440221127e+04
27 25 -2.925648440221127e+04
25 28  5.574968935271775e+05
28 25  5.574968935271775e+05
25 29  6.033761062009804e+05
29 25  6.033761062009804e+05
25 30  1.077897131633139e+05
30 25  1.077897131633139e+05
25 49 -1.638762378061597e+05
49 25 -1.638762378061597e+05
25 50  7.281605069796325e+04
50 25  7.281605069796325e+04
25 51  3.106719882778047e+04
51 25  3.106719882778047e+04
25 52  3.780599499137112e+05
52 25  3.780599499137112e+05
25 53  4.151973191835362e+05
53 25  4.151973191835362e+05
25 54  4.027542304445953e+04
54 25  4.027542304445953e+04
25 55 -9.862210563440414e+04
55 25 -9.862210563440414e+04
25 56  2.452505027637551e+03
56 25  2.452505027637551e+03
25 57  8.646667465252327e+03
57 25  8.646667465252327e+03
25 58  3.827084409233021e+05
58 25  3.827084409233021e+05
25 59  5.889409617535201e+05
59 25  5.889409617535201e+05
25 60  8.747211790616419e+04
60 25  8.747211790616419e+04
26 26  1.431734919305966e+05
26 27  2.694596436192222e+04
27 26  2.694596436192222e+04
26 28 -1.553468486957904e+06
28 26 -1.553468486957904e+06
26 29 -1.683264861927473e+06
29 26 -1.683264861927473e+06
26 30 -3.142816479751756e+05
30 26 -3.142816479751756e+05
26 49  7.334958435816292e+04
49 26  7.334958435816292e+04
26 50 -1.416105562157012e+05
50 26 -1.416105562157012e+05
26 51 -3.199614744238741e+04
51 26 -3.199614744238741e+04
26 52 -1.051755252663937e+06
52 26 -1.051755252663937e+06
26 53 -1.161587312303815e+06
53 26 -1.161587312303815e+06
26 54 -1.138578569912888e+05
54 26 -1.138578569912888e+05
26 55  7.974784419633068e+02
55 26  7.974784419633068e+02
26 56  5.310278868613271e+04
56 26  5.310278868613271e+04
26 57  1.936864416988947e+04
57 26  1.936864416988947e+04
26 58 -1.065115951789207e+06
58 26 -1.065115951789207e+06
26 59 -1.645376852522209e+06
59 26 -1.645376852522209e+06
26 60 -2.495106742638602e+05
60 26 -2.495106742638602e+05
27 27  8.128324833063706e+04
27 28  5.663493584289300e+06
28 27  5.663493584289300e+06
27 29  6.117449139744093e+06
29 27  6.117449139744093e+06
27 30  1.126236549793232e+06
30 27  1.126236549793232e+06
27 49  2.908164719188270e+04
49 27  2.908164719188270e+04
27 50 -3.189038656492923e+04
50 27 -3.189038656492923e+04
27 51 -6.269691399298381e+04
51 27 -6.269691399298381e+04
27 52  3.838505956693743e+06
52 27  3.838505956693743e+06
27 53  4.215564115781991e+06
53 27  4.215564115781991e+06
27 54  4.089220641728025e+05
54 27  4.089220641728025e+05
27 55  1.032481254595971e+04
55 27  1.032481254595971e+04
27 56  1.915205383203982e+04
56 27  1.915205383203982e+04
27 57 -1.342362718979593e+04
57 27 -1.342362718979593e+04
27 58  3.885795396983098e+06
58 27  3.885795396983098e+06
27 59  5.979353942266244e+06
59 27  5.979353942266244e+06
27 60  8.890575091990969e+05
60 27  8.890575091990969e+05
28 28  9.633470555588692e+08
28 29  1.177241784890564e+08
29 28  1.177241784890564e+08
28 30 -6.224995441508480e+07
30 28 -6.224995441508480e+07
28 49 -7.873430660716351e+05
49 28 -7.873430660716351e+05
28 50  1.060064576431675e+06
50 28  1.060064576431675e+06
28 51 -3.788257501898241e+06
51 28 -3.788257501898241e+06
28 52  7.753222166396405e+08
52 28  7.753222166396405e+08
28 53 -5.259797964117567e+07
53 28 -5.259797964117567e+07
28 54 -1.688934935995155e+08
54 28 -1.688934935995155e+08
28 55  7.647245838848753e+05
55 28  7.647245838848753e+05
28 56 -9.964757585319097e+05
56 28 -9.964757585319097e+05
28 57  3.558701528878077e+06
57 28  3.558701528878077e+06
28 58  7.798453892118375e+08
58 28  7.798453892118375e+08
28 59  9.342603631874938e+07
59 28  9.342603631874938e+07
28 60 -1.291205080766898e+08
60 28 -1.291205080766898e+08
29 29  9.310686315354292e+08
29 30  2.441753089193237e+08
30 29  2.441753089193237e+08
29 49 -4.290054844786475e+05
49 29 -4.290054844786475e+05
29 50  1.270159421729662e+06
50 29  1.270159421729662e+06
29 51 -4.615358504627143e+06
51 29 -4.615358504627143e+06
29 52 -2.786013759257596e+07
52 29 -2.786013759257596e+07
29 53  7.568727413432205e+08
53 29  7.568727413432205e+08
29 54  2.160240022442895e+08
54 29  2.160240022442895e+08
29 55 -6.047301358160174e+05
55 29 -6.047301358160174e+05
29 56  1.619684941352450e+06
56 29  1.619684941352450e+06
29 57 -5.880588697784225e+06
57 29 -5.880588697784225e+06
29 58 -2.304374218855093e+07
58 29 -2.304374218855093e+07
29 59  9.278064357317318e+08
59 29  9.278064357317318e+08
29 60  2.626289500512854e+08
60 29  2.626289500512854e+08
30 30  7.581703997958149e+07
30 49 -4.058679597030167e+04
49 30 -4.058679597030167e+04
30 50  2.453932558411011e+05
50 30  2.453932558411011e+05
30 51 -8.979559672073401e+05
51 30 -8.979559672073401e+05
30 52 -8.406155680067022e+07
52 30 -8.406155680067022e+07
30 53  2.136457929900758e+08
53 30  2.136457929900758e+08
30 54  7.613911097874996e+07
54 30  7.613911097874996e+07
30 55 -2.419031467657153e+05
55 30 -2.419031467657153e+05
30 56  5.480026697109744e+05
56 30  5.480026697109744e+05
