1 1  3.491621397695977e+05
1 5 -2.330072445833829e+06
5 1 -2.330072445833829e+06
1 6  8.368763724702231e+05
6 1  8.368763724702231e+05
1 7  1.095949221056705e+05
7 1  1.095949221056705e+05
1 8  5.729174768583748e+02
8 1  5.729174768583748e+02
1 9 -5.440952000744743e+03
9 1 -5.440952000744743e+03
1 10 -1.730965985351822e+06
10 1 -1.730965985351822e+06
1 11 -1.165036222916914e+06
11 1 -1.165036222916914e+06
1 12  3.443106678421308e+05
12 1  3.443106678421308e+05
1 91  1.095949221056705e+05
91 1  1.095949221056705e+05
1 92 -5.729174768583675e+02
92 1 -5.729174768583675e+02
1 93  5.440952000744732e+03
93 1  5.440952000744732e+03
1 94  1.730965985351821e+06
94 1  1.730965985351821e+06
1 95 -1.165036222916914e+06
95 1 -1.165036222916914e+06
1 96  3.443106678421308e+05
96 1  3.443106678421308e+05
1 97 -2.230157224740090e+05
97 1 -2.230157224740090e+05
1 101  1.942736118207984e+05
101 1  1.942736118207984e+05
1 102  8.368763724702231e+05
102 1  8.368763724702231e+05
1 103 -1.726681307534648e+05
103 1 -1.726681307534648e+05
1 104  7.684765542597653e+04
104 1  7.684765542597653e+04
1 105  1.465499109129666e+04
105 1  1.465499109129666e+04
1 106 -1.730965985351822e+06
106 1 -1.730965985351822e+06
1 107  9.713680591039918e+04
107 1  9.713680591039918e+04
1 108  3.443106678421308e+05
108 1  3.443106678421308e+05
1 187 -1.726681307534648e+05
187 1 -1.726681307534648e+05
1 188 -7.684765542597653e+04
188 1 -7.684765542597653e+04
1 189 -1.465499109129666e+04
189 1 -1.465499109129666e+04
1 190  1.730965985351822e+06
190 1  1.730965985351822e+06
1 191  9.713680591039918e+04
191 1  9.713680591039918e+04
1 192  3.443106678421308e+05
192 1  3.443106678421308e+05
2 2  8.777938446821452e+05
2 3  3.057190931044491e+04
3 2  3.057190931044491e+04
2 4  7.048346624799601e+02
4 2  7.048346624799601e+02
2 7 -5.729174768582875e+02
7 2 -5.729174768582875e+02
2 8  4.167623990374049e+05
8 2  4.167623990374049e+05
2 9  1.139604132867277e+02
9 2  1.139604132867277e+02
2 10  3.524173312399811e+02
10 2  3.524173312399811e+02
2 11 -3.637978807091713e-12
11 2 -3.637978807091713e-12
2 12  1.771720919505673e+03
12 2  1.771720919505673e+03
2 91  5.729174768582875e+02
91 2  5.729174768582875e+02
2 92  4.167623990374049e+05
92 2  4.167623990374049e+05
2 93  1.139604132867268e+02
93 2  1.139604132867268e+02
2 94  3.524173312399811e+02
94 2  3.524173312399811e+02
2 95  3.637978807091713e-12
95 2  3.637978807091713e-12
2 96 -1.771720919505673e+03
96 2 -1.771720919505673e+03
2 98 -8.343012995634745e+05
98 2 -8.343012995634745e+05
2 99 -2.279208265734555e+02
99 2 -2.279208265734555e+02
2 100 -9.827115565188604e-13
100 2 -9.827115565188604e-13
2 103  7.684765542597653e+04
103 2  7.684765542597653e+04
2 104 -4.385086715967403e+05
104 2 -4.385086715967403e+05
2 105 -1.528595465522246e+04
105 2 -1.528595465522246e+04
2 106  4.913557782594301e-13
106 2  4.913557782594301e-13
2 107 -6.058451752097371e-28
107 2 -6.058451752097371e-28
2 108 -9.773677680108105e-14
108 2 -9.773677680108105e-14
2 187 -7.684765542597653e+04
187 2 -7.684765542597653e+04
2 188 -4.385086715967403e+05
188 2 -4.385086715967403e+05
2 189 -1.528595465522246e+04
189 2 -1.528595465522246e+04
2 190  4.913557782594301e-13
190 2  4.913557782594301e-13
2 191  6.058451752097371e-28
191 2  6.058451752097371e-28
2 192  9.773677680108105e-14
192 2  9.773677680108105e-14
3 3  2.800272098552213e+05
3 4 -2.083289518891036e+07
4 3 -2.083289518891036e+07
3 7 -5.440952000744732e+03
7 3 -5.440952000744732e+03
3 8 -1.139604132862157e+02
8 3 -1.139604132862157e+02
3 9  8.332369227383052e+04
9 3  8.332369227383052e+04
3 10 -8.702150477134807e+06
10 3 -8.702150477134807e+06
3 11 -5.857030472539950e+06
11 3 -5.857030472539950e+06
3 12  1.730965985351821e+06
12 3  1.730965985351821e+06
3 91  5.440952000744732e+03
91 3  5.440952000744732e+03
3 92 -1.139604132862148e+02
92 3 -1.139604132862148e+02
3 93  8.332369227383054e+04
93 3  8.332369227383054e+04
3 94 -8.702150477134805e+06
94 3 -8.702150477134805e+06
3 95  5.857030472539949e+06
95 3  5.857030472539949e+06
3 96 -1.730965985351821e+06
96 3 -1.730965985351821e+06
3 98  2.279208265724314e+02
98 3  2.279208265724314e+02
3 99 -2.428593899059474e+05
99 3 -2.428593899059474e+05
3 100 -2.083289518891037e+07
100 3 -2.083289518891037e+07
3 103  1.465499109129666e+04
103 3  1.465499109129666e+04
3 104 -1.528595465522246e+04
104 3 -1.528595465522246e+04
3 105 -1.019076022484675e+05
105 3 -1.019076022484675e+05
3 106 -8.702150477134807e+06
106 3 -8.702150477134807e+06
3 107  4.883395220089918e+05
107 3  4.883395220089918e+05
3 108  1.730965985351821e+06
108 3  1.730965985351821e+06
3 187 -1.465499109129666e+04
187 3 -1.465499109129666e+04
3 188 -1.528595465522246e+04
188 3 -1.528595465522246e+04
3 189 -1.019076022484675e+05
189 3 -1.019076022484675e+05
3 190 -8.702150477134807e+06
190 3 -8.702150477134807e+06
3 191 -4.883395220089918e+05
191 3 -4.883395220089918e+05
3 192 -1.730965985351821e+06
192 3 -1.730965985351821e+06
4 4  1.800843834266483e+09
4 7 -1.730965985351821e+06
7 4 -1.730965985351821e+06
4 8 -3.524173312399801e+02
8 4 -3.524173312399801e+02
4 9 -8.702150477134805e+06
9 4 -8.702150477134805e+06
4 10  8.227885882059484e+08
10 4  8.227885882059484e+08
4 11  1.422014750946135e+08
11 4  1.422014750946135e+08
4 12 -1.636628857501748e+08
12 4 -1.636628857501748e+08
4 91  1.730965985351822e+06
91 4  1.730965985351822e+06
4 92 -3.524173312399801e+02
92 4 -3.524173312399801e+02
4 93 -8.702150477134807e+06
93 4 -8.702150477134807e+06
4 94  8.227885882059482e+08
94 4  8.227885882059482e+08
4 95 -1.422014750946135e+08
95 4 -1.422014750946135e+08
4 96  1.636628857501749e+08
96 4  1.636628857501749e+08
4 98 -9.827115565188620e-13
98 4 -9.827115565188620e-13
4 99  2.083289518891036e+07
99 4  2.083289518891036e+07
4 100  1.795645446579370e+09
100 4  1.795645446579370e+09
4 103  1.730965985351821e+06
103 4  1.730965985351821e+06
4 104  4.913557782594302e-13
104 4  4.913557782594302e-13
4 105  8.702150477134805e+06
105 4  8.702150477134805e+06
4 106  8.203593581119804e+08
106 4  8.203593581119804e+08
4 107 -1.424302993084606e+08
107 4 -1.424302993084606e+08
4 108 -1.631796816646675e+08
108 4 -1.631796816646675e+08
4 187 -1.730965985351821e+06
187 4 -1.730965985351821e+06
4 188  4.913557782594302e-13
188 4  4.913557782594302e-13
4 189  8.702150477134805e+06
189 4  8.702150477134805e+06
4 190  8.203593581119804e+08
190 4  8.203593581119804e+08
4 191  1.424302993084606e+08
191 4  1.424302993084606e+08
4 192  1.631796816646675e+08
192 4  1.631796816646675e+08
5 5  2.851125048532624e+09
5 6 -5.666231675359377e+07
6 5 -5.666231675359377e+07
5 7  1.165036222916914e+06
7 5  1.165036222916914e+06
5 8  3.637978807091715e-12
8 5  3.637978807091715e-12
5 9  5.857030472539947e+06
9 5  5.857030472539947e+06
5 10 -1.422014750946132e+08
10 5 -1.422014750946132e+08
5 11  1.425326173712911e+09
11 5  1.425326173712911e+09
5 12  2.828564239407102e+07
12 5  2.828564239407102e+07
5 91  1.165036222916914e+06
91 5  1.165036222916914e+06
5 92 -3.637978807091715e-12
92 5 -3.637978807091715e-12
5 93 -5.857030472539947e+06
93 5 -5.857030472539947e+06
5 94  1.422014750946132e+08
94 5  1.422014750946132e+08
5 95  1.425326173712911e+09
95 5  1.425326173712911e+09
5 96  2.828564239407102e+07
96 5  2.828564239407102e+07
5 97  1.942736118207995e+05
97 5  1.942736118207995e+05
5 101  7.267262363970598e+08
101 5  7.267262363970598e+08
5 102 -5.657128478814215e+07
102 5 -5.657128478814215e+07
5 103 -9.713680591039918e+04
103 5 -9.713680591039918e+04
5 104 -1.009741958682895e-27
104 5 -1.009741958682895e-27
5 105 -4.883395220089915e+05
105 5 -4.883395220089915e+05
5 106 -1.424302993084605e+08
106 5 -1.424302993084605e+08
5 107  3.632100327780535e+08
107 5  3.632100327780535e+08
5 108  2.833115837679683e+07
108 5  2.833115837679683e+07
5 187 -9.713680591039918e+04
187 5 -9.713680591039918e+04
5 188  1.009741958682895e-27
188 5  1.009741958682895e-27
5 189  4.883395220089915e+05
189 5  4.883395220089915e+05
5 190  1.424302993084605e+08
190 5  1.424302993084605e+08
5 191  3.632100327780535e+08
191 5  3.632100327780535e+08
5 192  2.833115837679683e+07
192 5  2.833115837679683e+07
6 6  7.578801695262064e+07
6 7  3.443106678421307e+05
7 6  3.443106678421307e+05
6 8 -1.771720919505673e+03
8 6 -1.771720919505673e+03
6 9  1.730965985351821e+06
9 6  1.730965985351821e+06
6 10 -1.636628857501749e+08
10 6 -1.636628857501749e+08
6 11 -2.828564239407108e+07
11 6 -2.828564239407108e+07
6 12  3.255458395513165e+07
12 6  3.255458395513165e+07
6 91  3.443106678421308e+05
91 6  3.443106678421308e+05
6 92  1.771720919505673e+03
92 6  1.771720919505673e+03
6 93 -1.730965985351821e+06
93 6 -1.730965985351821e+06
6 94  1.636628857501748e+08
94 6  1.636628857501748e+08
6 95 -2.828564239407108e+07
95 6 -2.828564239407108e+07
6 96  3.255458395513165e+07
96 6  3.255458395513165e+07
6 97 -8.368763724702230e+05
97 6 -8.368763724702230e+05
6 101  5.657128478814206e+07
101 6  5.657128478814206e+07
6 102  7.104679292135005e+07
102 6  7.104679292135005e+07
6 103 -3.443106678421308e+05
103 6 -3.443106678421308e+05
6 104 -9.773677680108105e-14
104 6 -9.773677680108105e-14
6 105 -1.730965985351821e+06
105 6 -1.730965985351821e+06
6 106 -1.631796816646675e+08
106 6 -1.631796816646675e+08
6 107  2.833115837679683e+07
107 6  2.833115837679683e+07
6 108  3.245846865142665e+07
108 6  3.245846865142665e+07
6 187 -3.443106678421308e+05
187 6 -3.443106678421308e+05
6 188  9.773677680108105e-14
188 6  9.773677680108105e-14
6 189  1.730965985351821e+06
189 6  1.730965985351821e+06
6 190  1.631796816646675e+08
190 6  1.631796816646675e+08
6 191  2.833115837679683e+07
191 6  2.833115837679683e+07
6 192  3.245846865142665e+07
192 6  3.245846865142665e+07
7 7  3.390375538103029e+05
7 8  1.169935995217528e+04
8 7  1.169935995217528e+04
7 9 -2.444289326297422e+04
9 7 -2.444289326297422e+04
7 10 -7.069661182371476e+06
10 7 -7.069661182371476e+06
7 11 -2.152705052150168e+06
11 7 -2.152705052150168e+06
7 12  3.765225614443519e+06
12 7  3.765225614443519e+06
7 13  1.019002442030908e+05
13 7  1.019002442030908e+05
7 14  4.856959764406304e+02
14 7  4.856959764406304e+02
7 15 -1.313561322900575e+04
15 7 -1.313561322900575e+04
7 16 -4.178919990246945e+06
16 7 -4.178919990246945e+06
7 17 -3.317741275067082e+06
17 7 -3.317741275067082e+06
7 18  2.792265337170098e+06
18 7  2.792265337170098e+06
7 97 -1.726681307534649e+05
97 7 -1.726681307534649e+05
7 98 -7.684765542597664e+04
98 7 -7.684765542597664e+04
7 99  1.465499109129658e+04
99 7  1.465499109129658e+04
7 100 -1.730965985351822e+06
100 7 -1.730965985351822e+06
7 101 -9.713680591039965e+04
101 7 -9.713680591039965e+04
7 102  3.443106678421308e+05
102 7  3.443106678421308e+05
7 103 -2.259217478576331e+05
103 7 -2.259217478576331e+05
7 104  8.722150041765707e+01
104 7  8.722150041765707e+01
7 105 -7.015798995376599e+03
105 7 -7.015798995376599e+03
7 106 -7.069661182371476e+06
106 7 -7.069661182371476e+06
7 107  1.794850714284626e+05
107 7  1.794850714284626e+05
7 108  3.765225614443520e+06
108 7  3.765225614443520e+06
7 109 -1.519428415079661e+05
109 7 -1.519428415079661e+05
7 110  6.514829547380134e+04
110 7  6.514829547380134e+04
7 111  3.538026639680472e+04
111 7  3.538026639680472e+04
7 112 -4.178919990246945e+06
112 7 -4.178919990246945e+06
7 113  2.766218773388623e+05
113 7  2.766218773388623e+05
7 114  2.792265337170098e+06
114 7  2.792265337170098e+06
8 8  8.777938115788844e+05
8 9  2.824474888822194e+04
9 8  2.824474888822194e+04
8 10  6.511821121477518e+02
10 8  6.511821121477518e+02
8 11  1.009741958682895e-27
11 8  1.009741958682895e-27
8 12 -2.697283544207951e+02
12 8 -2.697283544207951e+02
8 13 -4.856959764406268e+02
13 8 -4.856959764406268e+02
8 14  4.167623642339413e+05
14 8  4.167623642339413e+05
8 15  3.245317073749487e+02
15 8  3.245317073749487e+02
8 16  1.003599443387734e+03
16 8  1.003599443387734e+03
8 17 -3.637978807091712e-12
17 8 -3.637978807091712e-12
8 18  1.501992565084877e+03
18 8  1.501992565084877e+03
8 97 -7.684765542597663e+04
97 8 -7.684765542597663e+04
8 98 -4.385086715967403e+05
98 8 -4.385086715967403e+05
8 99  1.528595465522192e+04
99 8  1.528595465522192e+04
8 100  4.913557782594310e-13
100 8  4.913557782594310e-13
8 101 -8.077935669463161e-28
101 8 -8.077935669463161e-28
8 102 -9.773677680108123e-14
102 8 -9.773677680108123e-14
8 103 -8.722150041774074e+01
103 8 -8.722150041774074e+01
8 104 -8.343012647341699e+05
104 8 -8.343012647341699e+05
8 105 -2.105712940887340e+02
105 8 -2.105712940887340e+02
8 106 -9.079071198453054e-13
106 8 -9.079071198453054e-13
8 107 -2.423380700838948e-27
107 8 -2.423380700838948e-27
8 108  3.760675117700453e-13
108 8  3.760675117700453e-13
8 109  6.514829547380134e+04
109 8  6.514829547380134e+04
8 110 -4.385086385193204e+05
110 8 -4.385086385193204e+05
8 111 -4.353070354344386e+04
111 8 -4.353070354344386e+04
8 112  4.165513415858744e-13
112 8  4.165513415858744e-13
8 113  2.019483917365790e-28
113 8  2.019483917365790e-28
8 114 -2.783307349689664e-13
114 8 -2.783307349689664e-13
9 9  2.901517783854328e+05
9 10 -1.790454516245189e+07
10 9 -1.790454516245189e+07
9 11  8.916802415706115e+05
11 9  8.916802415706115e+05
9 12  7.069661182371476e+06
12 9  7.069661182371476e+06
9 13 -1.313561322900575e+04
13 9 -1.313561322900575e+04
9 14 -3.245317073749524e+02
14 9 -3.245317073749524e+02
9 15  9.101834865477626e+04
15 9  9.101834865477626e+04
9 16 -6.254195134114400e+06
16 9 -6.254195134114400e+06
9 17 -4.965350230969335e+06
17 9 -4.965350230969335e+06
9 18  4.178919990246945e+06
18 9  4.178919990246945e+06
9 97  1.465499109129657e+04
97 9  1.465499109129657e+04
9 98  1.528595465522192e+04
98 9  1.528595465522192e+04
9 99 -1.019076022484674e+05
99 9 -1.019076022484674e+05
9 100 -8.702150477134807e+06
100 9 -8.702150477134807e+06
9 101 -4.883395220089932e+05
101 9 -4.883395220089932e+05
9 102  1.730965985351821e+06
102 9  1.730965985351821e+06
9 103 -7.015798995376585e+03
103 9 -7.015798995376585e+03
9 104  2.105712940882256e+02
104 9  2.105712940882256e+02
9 105 -2.399533405123759e+05
105 9 -2.399533405123759e+05
9 106 -1.790454516245189e+07
106 9 -1.790454516245189e+07
9 107 -7.434566635250626e+04
107 9 -7.434566635250626e+04
9 108  7.069661182371475e+06
108 9  7.069661182371475e+06
9 109  3.538026639680472e+04
109 9  3.538026639680472e+04
9 110 -4.353070354344386e+04
110 9 -4.353070354344386e+04
9 111 -1.226328765531962e+05
111 9 -1.226328765531962e+05
9 112 -6.254195134114400e+06
112 9 -6.254195134114400e+06
9 113  4.139938556564869e+05
113 9  4.139938556564869e+05
9 114  4.178919990246945e+06
114 9  4.178919990246945e+06
10 10  1.548215183425081e+09
10 11 -2.168374092414977e+07
11 10 -2.168374092414977e+07
10 12 -6.098994132792106e+08
12 10 -6.098994132792106e+08
10 13 -4.178919990246945e+06
13 10 -4.178919990246945e+06
10 14 -1.003599443387733e+03
14 10 -1.003599443387733e+03
10 15 -6.254195134114400e+06
15 10 -6.254195134114400e+06
10 16  5.913343375488610e+08
16 10  5.913343375488610e+08
10 17  1.205525705858187e+08
17 10  1.205525705858187e+08
10 18 -3.951170104404308e+08
18 10 -3.951170104404308e+08
10 97  1.730965985351821e+06
97 10  1.730965985351821e+06
10 98  4.913557782594310e-13
98 10  4.913557782594310e-13
10 99  8.702150477134805e+06
99 10  8.702150477134805e+06
10 100  8.203593581119804e+08
100 10  8.203593581119804e+08
10 101  1.424302993084608e+08
101 10  1.424302993084608e+08
10 102 -1.631796816646675e+08
102 10 -1.631796816646675e+08
10 103  7.069661182371476e+06
103 10  7.069661182371476e+06
10 104 -9.079071198453045e-13
104 10 -9.079071198453045e-13
10 105  1.790454516245189e+07
105 10  1.790454516245189e+07
10 106  1.543083745955761e+09
106 10  1.543083745955761e+09
10 107  2.164890450879476e+07
107 10  2.164890450879476e+07
10 108 -6.097377815842044e+08
108 10 -6.097377815842044e+08
10 109  4.178919990246945e+06
109 10  4.178919990246945e+06
10 110  4.165513415858744e-13
110 10  4.165513415858744e-13
10 111  6.254195134114400e+06
111 10  6.254195134114400e+06
10 112  5.895884611708164e+08
112 10  5.895884611708164e+08
10 113 -1.207465583843108e+08
113 10 -1.207465583843108e+08
10 114 -3.939504530273252e+08
114 10 -3.939504530273252e+08
11 11  2.851124865666132e+09
11 12 -5.234912034257938e+07
12 11 -5.234912034257938e+07
11 13  3.317741275067082e+06
13 11  3.317741275067082e+06
11 14  3.637978807091712e-12
14 11  3.637978807091712e-12
11 15  4.965350230969336e+06
15 11  4.965350230969336e+06
11 16 -1.205525705858187e+08
16 11 -1.205525705858187e+08
11 17  1.425325990833803e+09
17 11  1.425325990833803e+09
11 18  8.055066020386802e+07
18 11  8.055066020386802e+07
11 97  9.713680591039977e+04
97 11  9.713680591039977e+04
11 98 -8.077935669463161e-28
98 11 -8.077935669463161e-28
11 99  4.883395220089940e+05
99 11  4.883395220089940e+05
11 100  1.424302993084608e+08
100 11  1.424302993084608e+08
11 101  3.632100327780535e+08
101 11  3.632100327780535e+08
11 102 -2.833115837679688e+07
102 11 -2.833115837679688e+07
11 103  1.794850714284629e+05
103 11  1.794850714284629e+05
11 104  8.077935669463161e-28
104 11  8.077935669463161e-28
11 105 -7.434566635250504e+04
105 11 -7.434566635250504e+04
11 106 -2.164890450879450e+07
106 11 -2.164890450879450e+07
11 107  7.267262880431621e+08
107 11  7.267262880431621e+08
11 108 -5.226501780979700e+07
108 11 -5.226501780979700e+07
11 109 -2.766218773388621e+05
109 11 -2.766218773388621e+05
11 110 -2.019483917365790e-28
110 11 -2.019483917365790e-28
11 111 -4.139938556564865e+05
111 11 -4.139938556564865e+05
11 112 -1.207465583843108e+08
112 11 -1.207465583843108e+08
11 113  3.632100844058645e+08
113 11  3.632100844058645e+08
11 114  8.068027871937622e+07
114 11  8.068027871937622e+07
12 12  3.284165995720667e+08
12 13  2.792265337170098e+06
13 12  2.792265337170098e+06
12 14 -1.501992565084878e+03
14 12 -1.501992565084878e+03
12 15  4.178919990246945e+06
15 12  4.178919990246945e+06
12 16 -3.951170104404308e+08
16 12 -3.951170104404308e+08
12 17 -8.055066020386800e+07
17 12 -8.055066020386800e+07
12 18  2.640087713940403e+08
18 12  2.640087713940403e+08
12 97 -3.443106678421308e+05
97 12 -3.443106678421308e+05
12 98 -9.773677680108123e-14
98 12 -9.773677680108123e-14
12 99 -1.730965985351821e+06
99 12 -1.730965985351821e+06
12 100 -1.631796816646675e+08
100 12 -1.631796816646675e+08
12 101 -2.833115837679687e+07
101 12 -2.833115837679687e+07
12 102  3.245846865142665e+07
102 12  3.245846865142665e+07
12 103 -3.765225614443519e+06
103 12 -3.765225614443519e+06
12 104  3.760675117700498e-13
104 12  3.760675117700498e-13
12 105 -7.069661182371476e+06
105 12 -7.069661182371476e+06
12 106 -6.097377815842044e+08
106 12 -6.097377815842044e+08
12 107  5.226501780979694e+07
107 12  5.226501780979694e+07
12 108  3.236084255301334e+08
108 12  3.236084255301334e+08
12 109 -2.792265337170098e+06
109 12 -2.792265337170098e+06
12 110 -2.783307349689664e-13
110 12 -2.783307349689664e-13
12 111 -4.178919990246945e+06
111 12 -4.178919990246945e+06
12 112 -3.939504530273252e+08
112 12 -3.939504530273252e+08
12 113  8.068027871937621e+07
113 12  8.068027871937621e+07
12 114  2.632293025752938e+08
114 12  2.632293025752938e+08
13 13  3.145946573833262e+05
13 14  2.161759193035749e+04
14 13  2.161759193035749e+04
13 15 -3.456746805944572e+04
15 13 -3.456746805944572e+04
13 16 -9.998009632806046e+06
16 13 -9.998009632806046e+06
13 17 -1.647608955902254e+06
17 13 -1.647608955902254e+06
13 18  1.083488499620512e+07
18 13  1.083488499620512e+07
13 19  9.101834865477626e+04
19 13  9.101834865477626e+04
13 20  3.245317073749524e+02
20 13  3.245317073749524e+02
13 21 -1.313561322900575e+04
21 13 -1.313561322900575e+04
13 22 -4.178919990246945e+06
22 13 -4.178919990246945e+06
13 23 -4.965350230969335e+06
23 13 -4.965350230969335e+06
13 24  6.254195134114400e+06
24 13  6.254195134114400e+06
13 103 -1.519428415079661e+05
103 13 -1.519428415079661e+05
13 104 -6.514829547380134e+04
104 13 -6.514829547380134e+04
13 105  3.538026639680472e+04
105 13  3.538026639680472e+04
13 106 -4.178919990246945e+06
106 13 -4.178919990246945e+06
13 107 -2.766218773388623e+05
107 13 -2.766218773388623e+05
13 108  2.792265337170098e+06
108 13  2.792265337170098e+06
13 109 -2.329375321800308e+05
109 13 -2.329375321800308e+05
13 110  1.611642690656781e+02
110 13  1.611642690656781e+02
13 111 -9.921838276152226e+03
111 13 -9.921838276152226e+03
13 112 -9.998009632806046e+06
112 13 -9.998009632806046e+06
13 113  1.373719783176247e+05
113 13  1.373719783176247e+05
13 114  1.083488499620512e+07
114 13  1.083488499620512e+07
13 115 -1.226328765531962e+05
115 13 -1.226328765531962e+05
13 116  4.353070354344386e+04
116 13  4.353070354344386e+04
13 117  3.538026639680472e+04
117 13  3.538026639680472e+04
13 118 -4.178919990246945e+06
118 13 -4.178919990246945e+06
13 119  4.139938556564869e+05
119 13  4.139938556564869e+05
13 120  6.254195134114400e+06
120 13  6.254195134114400e+06
14 14  8.777937784756235e+05
14 15  2.161759193035749e+04
15 14  2.161759193035749e+04
14 16  4.983931216971434e+02
16 14  4.983931216971434e+02
14 18 -4.983931216971434e+02
18 14 -4.983931216971434e+02
14 19 -3.245317073749487e+02
19 14 -3.245317073749487e+02
14 20  4.167623642339413e+05
20 14  4.167623642339413e+05
14 21  4.856959764406268e+02
21 14  4.856959764406268e+02
14 22  1.501992565084878e+03
22 14  1.501992565084878e+03
14 23 -3.637978807091712e-12
23 14 -3.637978807091712e-12
14 24  1.003599443387733e+03
24 14  1.003599443387733e+03
14 103 -6.514829547380134e+04
103 14 -6.514829547380134e+04
14 104 -4.385086385193204e+05
104 14 -4.385086385193204e+05
14 105  4.353070354344386e+04
105 14  4.353070354344386e+04
14 106  4.165513415858744e-13
106 14  4.165513415858744e-13
14 107 -2.019483917365790e-28
107 14 -2.019483917365790e-28
14 108 -2.783307349689664e-13
108 14 -2.783307349689664e-13
14 109 -1.611642690656781e+02
109 14 -1.611642690656781e+02
14 110 -8.343012299048653e+05
110 14 -8.343012299048653e+05
14 111 -1.611642690656781e+02
111 14 -1.611642690656781e+02
14 112 -6.948820765548408e-13
112 14 -6.948820765548408e-13
14 114  6.948820765548408e-13
114 14  6.948820765548408e-13
14 115  4.353070354344386e+04
115 14  4.353070354344386e+04
14 116 -4.385086385193204e+05
116 14 -4.385086385193204e+05
14 117 -6.514829547380134e+04
117 14 -6.514829547380134e+04
14 118  2.783307349689664e-13
118 14  2.783307349689664e-13
14 119  2.019483917365790e-28
119 14  2.019483917365790e-28
14 120 -4.165513415858744e-13
120 14 -4.165513415858744e-13
15 15  3.145946573833262e+05
15 16 -1.083488499620512e+07
16 15 -1.083488499620512e+07
15 17  1.647608955902254e+06
17 15  1.647608955902254e+06
15 18  9.998009632806046e+06
18 15  9.998009632806046e+06
15 19 -1.313561322900575e+04
19 15 -1.313561322900575e+04
15 20 -4.856959764406304e+02
20 15 -4.856959764406304e+02
15 21  1.019002442030908e+05
21 15  1.019002442030908e+05
15 22 -2.792265337170098e+06
22 15 -2.792265337170098e+06
15 23 -3.317741275067082e+06
23 15 -3.317741275067082e+06
15 24  4.178919990246945e+06
24 15  4.178919990246945e+06
15 103  3.538026639680472e+04
103 15  3.538026639680472e+04
15 104  4.353070354344386e+04
104 15  4.353070354344386e+04
15 105 -1.226328765531962e+05
105 15 -1.226328765531962e+05
15 106 -6.254195134114400e+06
106 15 -6.254195134114400e+06
15 107 -4.139938556564869e+05
107 15 -4.139938556564869e+05
15 108  4.178919990246945e+06
108 15  4.178919990246945e+06
15 109 -9.921838276152226e+03
109 15 -9.921838276152226e+03
15 110  1.611642690656781e+02
110 15  1.611642690656781e+02
15 111 -2.329375321800308e+05
111 15 -2.329375321800308e+05
15 112 -1.083488499620512e+07
112 15 -1.083488499620512e+07
15 113 -1.373719783176247e+05
113 15 -1.373719783176247e+05
15 114  9.998009632806046e+06
114 15  9.998009632806046e+06
15 115  3.538026639680472e+04
115 15  3.538026639680472e+04
15 116 -6.514829547380134e+04
116 15 -6.514829547380134e+04
15 117 -1.519428415079661e+05
117 15 -1.519428415079661e+05
15 118 -2.792265337170098e+06
118 15 -2.792265337170098e+06
15 119  2.766218773388623e+05
119 15  2.766218773388623e+05
15 120  4.178919990246945e+06
120 15  4.178919990246945e+06
16 16  9.383158573875958e+08
16 17 -4.006627966493455e+07
17 16 -4.006627966493455e+07
16 18 -8.625279275297536e+08
18 16 -8.625279275297536e+08
16 19 -4.178919990246945e+06
19 16 -4.178919990246945e+06
16 20 -1.501992565084877e+03
20 16 -1.501992565084877e+03
16 21 -2.792265337170098e+06
21 16 -2.792265337170098e+06
16 22  2.640087713940403e+08
22 16  2.640087713940403e+08
16 23  8.055066020386800e+07
23 16  8.055066020386800e+07
16 24 -3.951170104404308e+08
24 16 -3.951170104404308e+08
16 103  4.178919990246945e+06
103 16  4.178919990246945e+06
16 104  4.165513415858744e-13
104 16  4.165513415858744e-13
16 105  6.254195134114400e+06
105 16  6.254195134114400e+06
16 106  5.895884611708164e+08
106 16  5.895884611708164e+08
16 107  1.207465583843108e+08
107 16  1.207465583843108e+08
16 108 -3.939504530273252e+08
108 16 -3.939504530273252e+08
16 109  9.998009632806046e+06
109 16  9.998009632806046e+06
16 110 -6.948820765548408e-13
110 16 -6.948820765548408e-13
16 111  1.083488499620512e+07
111 16  1.083488499620512e+07
16 112  9.333460517355342e+08
112 16  9.333460517355342e+08
16 113  4.000191038195068e+07
113 16  4.000191038195068e+07
16 114 -8.622993458704348e+08
114 16 -8.622993458704348e+08
16 115  4.178919990246945e+06
115 16  4.178919990246945e+06
16 116  2.783307349689664e-13
116 16  2.783307349689664e-13
16 117  2.792265337170098e+06
117 16  2.792265337170098e+06
16 118  2.632293025752938e+08
118 16  2.632293025752938e+08
16 119 -8.068027871937621e+07
119 16 -8.068027871937621e+07
16 120 -3.939504530273252e+08
120 16 -3.939504530273252e+08
17 17  2.851124682799639e+09
17 18 -4.006627966493455e+07
18 17 -4.006627966493455e+07
17 19  4.965350230969336e+06
19 17  4.965350230969336e+06
17 20  3.637978807091712e-12
20 17  3.637978807091712e-12
17 21  3.317741275067082e+06
21 17  3.317741275067082e+06
17 22 -8.055066020386802e+07
22 17 -8.055066020386802e+07
17 23  1.425325990833803e+09
23 17  1.425325990833803e+09
17 24  1.205525705858187e+08
24 17  1.205525705858187e+08
17 103  2.766218773388621e+05
103 17  2.766218773388621e+05
17 104  2.019483917365790e-28
104 17  2.019483917365790e-28
17 105  4.139938556564865e+05
105 17  4.139938556564865e+05
17 106  1.207465583843108e+08
106 17  1.207465583843108e+08
17 107  3.632100844058645e+08
107 17  3.632100844058645e+08
17 108 -8.068027871937622e+07
108 17 -8.068027871937622e+07
17 109  1.373719783176244e+05
109 17  1.373719783176244e+05
17 111 -1.373719783176244e+05
111 17 -1.373719783176244e+05
17 112 -4.000191038195068e+07
112 17 -4.000191038195068e+07
17 113  7.267263396892645e+08
113 17  7.267263396892645e+08
17 114 -4.000191038195068e+07
114 17 -4.000191038195068e+07
17 115 -4.139938556564865e+05
115 17 -4.139938556564865e+05
17 116 -2.019483917365790e-28
116 17 -2.019483917365790e-28
17 117 -2.766218773388621e+05
117 17 -2.766218773388621e+05
17 118 -8.068027871937622e+07
118 17 -8.068027871937622e+07
17 119  3.632100844058645e+08
119 17  3.632100844058645e+08
17 120  1.207465583843108e+08
120 17  1.207465583843108e+08
18 18  9.383158573875958e+08
18 19  6.254195134114400e+06
19 18  6.254195134114400e+06
18 20 -1.003599443387734e+03
20 18 -1.003599443387734e+03
18 21  4.178919990246945e+06
21 18  4.178919990246945e+06
18 22 -3.951170104404308e+08
22 18 -3.951170104404308e+08
18 23 -1.205525705858187e+08
23 18 -1.205525705858187e+08
18 24  5.913343375488610e+08
24 18  5.913343375488610e+08
18 103 -2.792265337170098e+06
103 18 -2.792265337170098e+06
18 104 -2.783307349689664e-13
104 18 -2.783307349689664e-13
18 105 -4.178919990246945e+06
105 18 -4.178919990246945e+06
18 106 -3.939504530273252e+08
106 18 -3.939504530273252e+08
18 107 -8.068027871937621e+07
107 18 -8.068027871937621e+07
18 108  2.632293025752938e+08
108 18  2.632293025752938e+08
18 109 -1.083488499620512e+07
109 18 -1.083488499620512e+07
18 110  6.948820765548408e-13
110 18  6.948820765548408e-13
18 111 -9.998009632806046e+06
111 18 -9.998009632806046e+06
18 112 -8.622993458704348e+08
112 18 -8.622993458704348e+08
18 113  4.000191038195068e+07
113 18  4.000191038195068e+07
18 114  9.333460517355342e+08
114 18  9.333460517355342e+08
18 115 -6.254195134114400e+06
115 18 -6.254195134114400e+06
18 116 -4.165513415858744e-13
116 18 -4.165513415858744e-13
18 117 -4.178919990246945e+06
117 18 -4.178919990246945e+06
18 118 -3.939504530273252e+08
118 18 -3.939504530273252e+08
18 119  1.207465583843108e+08
119 18  1.207465583843108e+08
18 120  5.895884611708164e+08
120 18  5.895884611708164e+08
19 19  2.901517783854328e+05
19 20  2.824474888822194e+04
20 19  2.824474888822194e+04
19 21 -2.444289326297422e+04
21 19 -2.444289326297422e+04
19 22 -7.069661182371476e+06
22 19 -7.069661182371476e+06
19 23 -8.916802415706115e+05
23 19 -8.916802415706115e+05
19 24  1.790454516245189e+07
24 19  1.790454516245189e+07
19 25  8.332369227383053e+04
25 19  8.332369227383053e+04
19 26  1.139604132867259e+02
26 19  1.139604132867259e+02
19 27 -5.440952000744735e+03
27 19 -5.440952000744735e+03
19 28 -1.730965985351821e+06
28 19 -1.730965985351821e+06
19 29 -5.857030472539946e+06
29 19 -5.857030472539946e+06
19 30  8.702150477134807e+06
30 19  8.702150477134807e+06
19 109 -1.226328765531962e+05
109 19 -1.226328765531962e+05
19 110 -4.353070354344386e+04
110 19 -4.353070354344386e+04
19 111  3.538026639680472e+04
111 19  3.538026639680472e+04
19 112 -4.178919990246945e+06
112 19 -4.178919990246945e+06
19 113 -4.139938556564869e+05
113 19 -4.139938556564869e+05
19 114  6.254195134114400e+06
114 19  6.254195134114400e+06
19 115 -2.399533405123759e+05
115 19 -2.399533405123759e+05
19 116  2.105712940882265e+02
116 19  2.105712940882265e+02
19 117 -7.015798995376581e+03
117 19 -7.015798995376581e+03
19 118 -7.069661182371475e+06
118 19 -7.069661182371475e+06
19 119  7.434566635250673e+04
119 19  7.434566635250673e+04
19 120  1.790454516245189e+07
120 19  1.790454516245189e+07
19 121 -1.019076022484675e+05
121 19 -1.019076022484675e+05
19 122  1.528595465522192e+04
122 19  1.528595465522192e+04
19 123  1.465499109129658e+04
123 19  1.465499109129658e+04
19 124 -1.730965985351821e+06
124 19 -1.730965985351821e+06
19 125  4.883395220089937e+05
125 19  4.883395220089937e+05
19 126  8.702150477134807e+06
126 19  8.702150477134807e+06
20 20  8.777938115788844e+05
20 21  1.169935995217530e+04
21 20  1.169935995217530e+04
20 22  2.697283544207951e+02
22 20  2.697283544207951e+02
20 23  1.898314882323843e-26
23 20  1.898314882323843e-26
20 24 -6.511821121477518e+02
24 20 -6.511821121477518e+02
20 25 -1.139604132862184e+02
25 20 -1.139604132862184e+02
20 26  4.167623990374049e+05
26 20  4.167623990374049e+05
20 27  5.729174768583675e+02
27 20  5.729174768583675e+02
20 28  1.771720919505673e+03
28 20  1.771720919505673e+03
20 29 -3.637978807091692e-12
29 20 -3.637978807091692e-12
20 30  3.524173312399801e+02
30 20  3.524173312399801e+02
20 109 -4.353070354344386e+04
109 20 -4.353070354344386e+04
20 110 -4.385086385193204e+05
110 20 -4.385086385193204e+05
20 111  6.514829547380134e+04
111 20  6.514829547380134e+04
20 112  2.783307349689664e-13
112 20  2.783307349689664e-13
20 113 -2.019483917365790e-28
113 20 -2.019483917365790e-28
20 114 -4.165513415858744e-13
114 20 -4.165513415858744e-13
20 115 -2.105712940887303e+02
115 20 -2.105712940887303e+02
20 116 -8.343012647341698e+05
116 20 -8.343012647341698e+05
20 117 -8.722150041774074e+01
117 20 -8.722150041774074e+01
20 118 -3.760675117700453e-13
118 20 -3.760675117700453e-13
20 119 -2.019483917365790e-26
119 20 -2.019483917365790e-26
20 120  9.079071198453054e-13
120 20  9.079071198453054e-13
20 121  1.528595465522192e+04
121 20  1.528595465522192e+04
20 122 -4.385086715967403e+05
122 20 -4.385086715967403e+05
20 123 -7.684765542597664e+04
123 20 -7.684765542597664e+04
20 124  9.773677680107892e-14
124 20  9.773677680107892e-14
20 125 -1.918509721497501e-26
125 20 -1.918509721497501e-26
20 126 -4.913557782594195e-13
126 20 -4.913557782594195e-13
21 21  3.390375538103029e+05
21 22 -3.765225614443519e+06
22 21 -3.765225614443519e+06
21 23  2.152705052150168e+06
23 21  2.152705052150168e+06
21 24  7.069661182371476e+06
24 21  7.069661182371476e+06
21 25 -5.440952000744739e+03
25 21 -5.440952000744739e+03
21 26 -5.729174768582802e+02
26 21 -5.729174768582802e+02
21 27  1.095949221056705e+05
27 21  1.095949221056705e+05
21 28 -3.443106678421308e+05
28 21 -3.443106678421308e+05
21 29 -1.165036222916914e+06
29 21 -1.165036222916914e+06
21 30  1.730965985351822e+06
30 21  1.730965985351822e+06
21 109  3.538026639680472e+04
109 21  3.538026639680472e+04
21 110  6.514829547380134e+04
110 21  6.514829547380134e+04
21 111 -1.519428415079661e+05
111 21 -1.519428415079661e+05
21 112 -2.792265337170098e+06
112 21 -2.792265337170098e+06
21 113 -2.766218773388623e+05
113 21 -2.766218773388623e+05
21 114  4.178919990246945e+06
114 21  4.178919990246945e+06
21 115 -7.015798995376592e+03
115 21 -7.015798995376592e+03
21 116  8.722150041764979e+01
116 21  8.722150041764979e+01
21 117 -2.259217478576331e+05
117 21 -2.259217478576331e+05
21 118 -3.765225614443520e+06
118 21 -3.765225614443520e+06
21 119 -1.794850714284625e+05
119 21 -1.794850714284625e+05
21 120  7.069661182371476e+06
120 21  7.069661182371476e+06
21 121  1.465499109129658e+04
121 21  1.465499109129658e+04
21 122 -7.684765542597664e+04
122 21 -7.684765542597664e+04
21 123 -1.726681307534649e+05
123 21 -1.726681307534649e+05
21 124 -3.443106678421308e+05
124 21 -3.443106678421308e+05
21 125  9.713680591039977e+04
125 21  9.713680591039977e+04
21 126  1.730965985351822e+06
126 21  1.730965985351822e+06
22 22  3.284165995720667e+08
22 23 -5.234912034257940e+07
23 22 -5.234912034257940e+07
22 24 -6.098994132792105e+08
24 22 -6.098994132792105e+08
22 25 -1.730965985351821e+06
25 22 -1.730965985351821e+06
22 26 -1.771720919505673e+03
26 22 -1.771720919505673e+03
22 27 -3.443106678421308e+05
27 22 -3.443106678421308e+05
22 28  3.255458395513165e+07
28 22  3.255458395513165e+07
22 29  2.828564239407102e+07
29 22  2.828564239407102e+07
22 30 -1.636628857501749e+08
30 22 -1.636628857501749e+08
22 109  4.178919990246945e+06
109 22  4.178919990246945e+06
22 110  2.783307349689664e-13
110 22  2.783307349689664e-13
22 111  2.792265337170098e+06
111 22  2.792265337170098e+06
22 112  2.632293025752938e+08
112 22  2.632293025752938e+08
22 113  8.068027871937621e+07
113 22  8.068027871937621e+07
22 114 -3.939504530273252e+08
114 22 -3.939504530273252e+08
22 115  7.069661182371476e+06
115 22  7.069661182371476e+06
22 116 -3.760675117700498e-13
116 22 -3.760675117700498e-13
22 117  3.765225614443519e+06
117 22  3.765225614443519e+06
22 118  3.236084255301334e+08
118 22  3.236084255301334e+08
22 119  5.226501780979693e+07
119 22  5.226501780979693e+07
22 120 -6.097377815842044e+08
120 22 -6.097377815842044e+08
22 121  1.730965985351821e+06
121 22  1.730965985351821e+06
22 122  9.773677680107893e-14
122 22  9.773677680107893e-14
22 123  3.443106678421308e+05
123 22  3.443106678421308e+05
22 124  3.245846865142665e+07
124 22  3.245846865142665e+07
22 125 -2.833115837679688e+07
125 22 -2.833115837679688e+07
22 126 -1.631796816646675e+08
126 22 -1.631796816646675e+08
23 23  2.851124865666132e+09
23 24 -2.168374092414981e+07
24 23 -2.168374092414981e+07
23 25  5.857030472539949e+06
25 23  5.857030472539949e+06
23 26  3.637978807091736e-12
26 23  3.637978807091736e-12
23 27  1.165036222916914e+06
27 23  1.165036222916914e+06
23 28 -2.828564239407107e+07
28 23 -2.828564239407107e+07
23 29  1.425326173712911e+09
29 23  1.425326173712911e+09
23 30  1.422014750946135e+08
30 23  1.422014750946135e+08
23 109  4.139938556564865e+05
109 23  4.139938556564865e+05
23 110  2.019483917365790e-28
110 23  2.019483917365790e-28
23 111  2.766218773388621e+05
111 23  2.766218773388621e+05
23 112  8.068027871937622e+07
112 23  8.068027871937622e+07
23 113  3.632100844058645e+08
113 23  3.632100844058645e+08
23 114 -1.207465583843108e+08
114 23 -1.207465583843108e+08
23 115  7.434566635250457e+04
115 23  7.434566635250457e+04
23 116 -2.342601344144317e-26
116 23 -2.342601344144317e-26
23 117 -1.794850714284629e+05
117 23 -1.794850714284629e+05
23 118 -5.226501780979700e+07
118 23 -5.226501780979700e+07
23 119  7.267262880431621e+08
119 23  7.267262880431621e+08
23 120 -2.164890450879453e+07
120 23 -2.164890450879453e+07
23 121 -4.883395220089935e+05
121 23 -4.883395220089935e+05
23 122 -1.918509721497501e-26
122 23 -1.918509721497501e-26
23 123 -9.713680591039965e+04
123 23 -9.713680591039965e+04
23 124 -2.833115837679687e+07
124 23 -2.833115837679687e+07
23 125  3.632100327780535e+08
125 23  3.632100327780535e+08
23 126  1.424302993084608e+08
126 23  1.424302993084608e+08
24 24  1.548215183425081e+09
24 25  8.702150477134805e+06
25 24  8.702150477134805e+06
24 26 -3.524173312399811e+02
26 24 -3.524173312399811e+02
24 27  1.730965985351821e+06
27 24  1.730965985351821e+06
24 28 -1.636628857501748e+08
28 24 -1.636628857501748e+08
24 29 -1.422014750946132e+08
29 24 -1.422014750946132e+08
24 30  8.227885882059484e+08
30 24  8.227885882059484e+08
24 109 -6.254195134114400e+06
109 24 -6.254195134114400e+06
24 110 -4.165513415858744e-13
110 24 -4.165513415858744e-13
24 111 -4.178919990246945e+06
111 24 -4.178919990246945e+06
24 112 -3.939504530273252e+08
112 24 -3.939504530273252e+08
24 113 -1.207465583843108e+08
113 24 -1.207465583843108e+08
24 114  5.895884611708164e+08
114 24  5.895884611708164e+08
24 115 -1.790454516245189e+07
115 24 -1.790454516245189e+07
24 116  9.079071198453047e-13
116 24  9.079071198453047e-13
24 117 -7.069661182371476e+06
117 24 -7.069661182371476e+06
24 118 -6.097377815842044e+08
118 24 -6.097377815842044e+08
24 119  2.164890450879479e+07
119 24  2.164890450879479e+07
24 120  1.543083745955761e+09
120 24  1.543083745955761e+09
24 121 -8.702150477134805e+06
121 24 -8.702150477134805e+06
24 122 -4.913557782594195e-13
122 24 -4.913557782594195e-13
24 123 -1.730965985351821e+06
123 24 -1.730965985351821e+06
24 124 -1.631796816646675e+08
124 24 -1.631796816646675e+08
24 125  1.424302993084608e+08
125 24  1.424302993084608e+08
24 126  8.203593581119804e+08
126 24  8.203593581119804e+08
25 25  2.800272098552212e+05
25 26  3.057190931044491e+04
26 25  3.057190931044491e+04
25 30  2.083289518891036e+07
30 25  2.083289518891036e+07
25 31  8.332369227383052e+04
31 25  8.332369227383052e+04
25 32 -1.139604132862184e+02
32 25 -1.139604132862184e+02
25 33  5.440952000744739e+03
33 25  5.440952000744739e+03
25 34  1.730965985351821e+06
34 25  1.730965985351821e+06
25 35 -5.857030472539949e+06
35 25 -5.857030472539949e+06
25 36  8.702150477134807e+06
36 25  8.702150477134807e+06
25 115 -1.019076022484675e+05
115 25 -1.019076022484675e+05
25 116 -1.528595465522246e+04
116 25 -1.528595465522246e+04
25 117  1.465499109129665e+04
117 25  1.465499109129665e+04
25 118 -1.730965985351821e+06
118 25 -1.730965985351821e+06
25 119 -4.883395220089913e+05
119 25 -4.883395220089913e+05
25 120  8.702150477134807e+06
120 25  8.702150477134807e+06
25 121 -2.428593899059474e+05
121 25 -2.428593899059474e+05
25 122  2.279208265724368e+02
122 25  2.279208265724368e+02
25 126  2.083289518891037e+07
126 25  2.083289518891037e+07
25 127 -1.019076022484675e+05
127 25 -1.019076022484675e+05
25 128 -1.528595465522246e+04
128 25 -1.528595465522246e+04
25 129 -1.465499109129665e+04
129 25 -1.465499109129665e+04
25 130  1.730965985351821e+06
130 25  1.730965985351821e+06
25 131  4.883395220089913e+05
131 25  4.883395220089913e+05
25 132  8.702150477134807e+06
132 25  8.702150477134807e+06
26 26  8.777938446821451e+05
26 30 -7.048346624799601e+02
30 26 -7.048346624799601e+02
26 31  1.139604132867286e+02
31 26  1.139604132867286e+02
26 32  4.167623990374049e+05
32 26  4.167623990374049e+05
26 33  5.729174768582875e+02
33 26  5.729174768582875e+02
26 34  1.771720919505673e+03
34 26  1.771720919505673e+03
26 35 -3.637978807091736e-12
35 26 -3.637978807091736e-12
26 36 -3.524173312399811e+02
36 26 -3.524173312399811e+02
26 115 -1.528595465522246e+04
