1 1  2.625880954271795e+05
1 2 -2.773435124198103e+04
2 1 -2.773435124198103e+04
1 3 -8.211952296393499e+04
3 1 -8.211952296393499e+04
1 4  2.688665422477442e+05
4 1  2.688665422477442e+05
1 5 -4.814271901323086e+05
5 1 -4.814271901323086e+05
1 6  1.682464958609633e+06
6 1  1.682464958609633e+06
1 7  1.156458588431715e+05
7 1  1.156458588431715e+05
1 8  1.742123770800503e+03
8 1  1.742123770800503e+03
1 9 -9.867910900621051e+04
9 1 -9.867910900621051e+04
1 10  4.304226694203066e+05
10 1  4.304226694203066e+05
1 11 -7.505629128022717e+05
11 1 -7.505629128022717e+05
1 12  1.815050503596507e+06
12 1  1.815050503596507e+06
1 31 -1.169978012921896e+05
31 1 -1.169978012921896e+05
1 32 -1.029567457929640e+04
32 1 -1.029567457929640e+04
1 33  9.778401989084990e+04
33 1  9.778401989084990e+04
1 34  8.602093929832148e+05
34 1  8.602093929832148e+05
1 35 -5.258399980572177e+05
35 1 -5.258399980572177e+05
1 36  1.165825746063623e+06
36 1  1.165825746063623e+06
1 37 -2.612361529781614e+05
37 1 -2.612361529781614e+05
1 38  3.628790205047694e+04
38 1  3.628790205047694e+04
1 39  8.301461207929559e+04
39 1  8.301461207929559e+04
1 40  1.021765520169008e+06
40 1  1.021765520169008e+06
1 41 -7.949757207557671e+05
41 1 -7.949757207557671e+05
1 42  1.298411291152480e+06
42 1  1.298411291152480e+06
2 2  1.062405941459525e+05
2 3  1.324188763684621e+04
3 2  1.324188763684621e+04
2 4  9.524158577492635e+05
4 2  9.524158577492635e+05
2 5 -1.628587240499793e+06
5 2 -1.628587240499793e+06
2 6  5.694659677783756e+06
6 2  5.694659677783756e+06
2 7  7.082491265400327e+03
7 2  7.082491265400327e+03
2 8  3.764003638284392e+04
8 2  3.764003638284392e+04
2 9  5.672828453351390e+03
9 2  5.672828453351390e+03
2 10  1.502662045227338e+06
10 2  1.502662045227338e+06
2 11 -2.568269913451183e+06
11 2 -2.568269913451183e+06
2 12  6.146234569409715e+06
12 2  6.146234569409715e+06
2 31 -1.045434057613170e+04
31 2 -1.045434057613170e+04
2 32 -6.695553777092521e+04
32 2 -6.695553777092521e+04
2 33 -8.602686586056649e+03
33 2 -8.602686586056649e+03
2 34  2.951549925335742e+06
34 2  2.951549925335742e+06
2 35 -1.770159663279483e+06
35 2 -1.770159663279483e+06
2 36  3.946058441394834e+06
36 2  3.946058441394834e+06
2 37  3.110620055271240e+04
37 2  3.110620055271240e+04
2 38 -7.692509275787117e+04
38 2 -7.692509275787117e+04
2 39 -1.031202950414095e+04
39 2 -1.031202950414095e+04
2 40  3.501796112785229e+06
40 2  3.501796112785229e+06
2 41 -2.709842336216764e+06
41 2 -2.709842336216764e+06
2 42  4.397633332997333e+06
42 2  4.397633332997333e+06
3 3  1.459091447166065e+05
3 4  2.321341207617021e+05
4 3  2.321341207617021e+05
3 5 -3.990778896306665e+05
5 3 -3.990778896306665e+05
3 6  1.364355466197041e+06
6 3  1.364355466197041e+06
3 7 -9.976562896028957e+04
7 3 -9.976562896028957e+04
3 8  1.809574659147465e+03
8 3  1.809574659147465e+03
3 9  1.551922542533063e+05
9 3  1.551922542533063e+05
3 10  3.666498463855236e+05
10 3  3.666498463855236e+05
3 11 -6.219190993634148e+05
11 3 -6.219190993634148e+05
3 12  1.474749552966531e+06
12 3  1.474749552966531e+06
3 31  9.894163246610308e+04
31 3  9.894163246610308e+04
3 32 -8.756409333444621e+03
32 3 -8.756409333444621e+03
3 33 -1.562284999332693e+05
33 3 -1.562284999332693e+05
3 34  7.119638908546211e+05
34 3  7.119638908546211e+05
3 35 -4.301131385621936e+05
35 3 -4.301131385621936e+05
3 36  9.452055830407331e+05
36 3  9.452055830407331e+05
3 37  8.294351945812148e+04
37 3  8.294351945812148e+04
3 38 -6.295052962549061e+03
38 3 -6.295052962549061e+03
3 39 -1.448728990366436e+05
39 3 -1.448728990366436e+05
3 40  8.464796165804243e+05
40 3  8.464796165804243e+05
3 41 -6.529543483184022e+05
41 3 -6.529543483184022e+05
3 42  1.055599669782884e+06
42 3  1.055599669782884e+06
4 4  4.135063169422150e+08
4 5 -8.744275368794581e+07
5 4 -8.744275368794581e+07
4 6 -1.467800025489913e+08
6 4 -1.467800025489913e+08
4 7  1.771758183776440e+06
7 4  1.771758183776440e+06
4 8  4.999998566499474e+06
8 4  4.999998566499474e+06
4 9  1.442334767886172e+06
9 4  1.442334767886172e+06
4 10  5.042428325468397e+08
10 4  5.042428325468397e+08
4 11 -1.712271528278528e+08
11 4 -1.712271528278528e+08
4 12 -7.223678520706312e+07
12 4 -7.223678520706312e+07
4 31 -1.334885492823733e+06
31 4 -1.334885492823733e+06
4 32 -4.434830093591338e+06
32 4 -4.434830093591338e+06
4 33 -1.020086380246164e+06
33 4 -1.020086380246164e+06
4 34  3.200565376247134e+08
34 4  3.200565376247134e+08
4 35 -7.357254309185542e+07
35 4 -7.357254309185542e+07
4 36 -1.319241137282299e+08
36 4 -1.319241137282299e+08
4 37 -7.057392332004516e+05
37 4 -7.057392332004516e+05
4 38 -1.517584330657399e+06
38 4 -1.517584330657399e+06
4 39 -6.543825084017104e+05
39 4 -6.543825084017104e+05
4 40  4.109982723738972e+08
40 4  4.109982723738972e+08
4 41 -1.568887060826443e+08
41 4 -1.568887060826443e+08
4 42 -5.726756160844736e+07
42 4 -5.726756160844736e+07
5 5  4.407108237018517e+07
5 6 -6.852414251562782e+07
6 5 -6.852414251562782e+07
5 7 -5.571685349124770e+05
7 5 -5.571685349124770e+05
5 8 -1.430351523802836e+06
8 5 -1.430351523802836e+06
5 9 -4.540509846307582e+05
9 5 -4.540509846307582e+05
5 10 -1.129159989592925e+08
10 5 -1.129159989592925e+08
5 11  7.245447413423811e+07
11 5  7.245447413423811e+07
5 12 -8.932189345435059e+07
12 5 -8.932189345435059e+07
5 31  5.413391904977798e+05
31 5  5.413391904977798e+05
5 32  1.814230907733140e+06
32 5  1.814230907733140e+06
5 33  4.367397332715712e+05
33 5  4.367397332715712e+05
5 34 -1.045699702275290e+08
34 5 -1.045699702275290e+08
5 35  4.212894592540520e+07
35 5  4.212894592540520e+07
5 36 -4.224780946579524e+07
36 5 -4.224780946579524e+07
5 37  4.972565345470060e+05
37 5  4.972565345470060e+05
5 38  1.244707856569489e+06
38 5  1.244707856569489e+06
5 39  4.163891409898535e+05
39 5  4.163891409898535e+05
5 40 -1.295749793497576e+08
40 5 -1.295749793497576e+08
5 41  7.216705392442255e+07
41 5  7.216705392442255e+07
5 42 -6.266128886084781e+07
42 5 -6.266128886084781e+07
6 6  4.752951272661938e+08
6 7  1.243325472045214e+05
7 6  1.243325472045214e+05
6 8 -2.279557661749455e+05
8 6 -2.279557661749455e+05
6 9  1.182574045604076e+05
9 6  1.182574045604076e+05
6 10 -1.553087313356537e+08
10 6 -1.553087313356537e+08
6 11 -9.131039372124288e+07
11 6 -9.131039372124288e+07
6 12  4.677565740630108e+08
12 6  4.677565740630108e+08
6 31 -5.916615694998024e+05
31 6 -5.916615694998024e+05
6 32 -2.112893342233622e+06
32 6 -2.112893342233622e+06
6 33 -5.445919640434627e+05
33 6 -5.445919640434627e+05
6 34  4.035629243634747e+07
34 6  4.035629243634747e+07
6 35 -8.567577991664617e+07
35 6 -8.567577991664617e+07
6 36  3.438018346538784e+08
36 6  3.438018346538784e+08
6 37 -1.215135936314352e+06
37 6 -1.215135936314352e+06
6 38 -3.353810569375190e+06
38 6 -3.353810569375190e+06
6 39 -9.380209067139854e+05
39 6 -9.380209067139854e+05
6 40  3.194089842753942e+07
40 6  3.194089842753942e+07
6 41 -1.080777595785910e+08
41 6 -1.080777595785910e+08
6 42  3.364234132576048e+08
42 6  3.364234132576048e+08
7 7  3.399134149649568e+05
7 8 -3.946356830917979e+04
8 7 -3.946356830917979e+04
7 9 -1.105969153437539e+05
9 7 -1.105969153437539e+05
7 10  2.493773875504198e+06
10 7  2.493773875504198e+06
7 11 -1.987322626166620e+06
11 7 -1.987322626166620e+06
7 12  3.241200635242970e+06
12 7  3.241200635242970e+06
7 13  6.192208186315772e+04
13 7  6.192208186315772e+04
7 14  6.927774898883376e+03
14 7  6.927774898883376e+03
7 15 -7.971908280892622e+04
15 7 -7.971908280892622e+04
7 16 -1.761761170388140e+05
16 7 -1.761761170388140e+05
7 17 -1.221416017524044e+06
17 7 -1.221416017524044e+06
7 18  2.379741600897871e+06
18 7  2.379741600897871e+06
7 31 -1.176552167693828e+05
31 7 -1.176552167693828e+05
7 32 -4.227036792319191e+03
32 7 -4.227036792319191e+03
7 33  5.447047958067799e+04
33 7  5.447047958067799e+04
7 34  1.308595800038535e+06
34 7  1.308595800038535e+06
7 35 -5.173226990339990e+05
35 7 -5.173226990339990e+05
7 36  4.820462081783117e+05
36 7  4.820462081783117e+05
7 37 -1.825223801973230e+05
37 7 -1.825223801973230e+05
7 38 -2.898709750268902e+04
38 7 -2.898709750268902e+04
7 39  1.753451310519240e+05
39 7  1.753451310519240e+05
7 40  2.766210441564592e+06
40 7  2.766210441564592e+06
7 41 -2.039868860834525e+06
41 7 -2.039868860834525e+06
7 42  3.079887814108306e+06
42 7  3.079887814108306e+06
7 43 -2.173037587045803e+05
43 7 -2.173037587045803e+05
7 44  5.866743643990429e+04
44 7  5.866743643990429e+04
7 45  6.026601648036770e+04
45 7  6.026601648036770e+04
7 46  5.594228327614610e+05
46 7  5.594228327614610e+05
7 47 -1.313808087967217e+06
47 7 -1.313808087967217e+06
7 48  1.860715118566738e+06
48 7  1.860715118566738e+06
8 8  1.956797880835378e+05
8 9 -1.377453671306341e+04
9 8 -1.377453671306341e+04
8 10  7.555529563215497e+06
10 8  7.555529563215497e+06
8 11 -5.133734121599365e+06
11 8 -5.133734121599365e+06
8 12  7.083058286750048e+06
12 8  7.083058286750048e+06
8 13  1.567075033191562e+04
13 8  1.567075033191562e+04
8 14  7.362057464104803e+03
14 8  7.362057464104803e+03
8 15  1.250338166809626e+04
15 8  1.250338166809626e+04
8 16  2.572099272586857e+05
16 8  2.572099272586857e+05
8 17 -3.229843253999609e+06
17 8 -3.229843253999609e+06
8 18  5.424831934726083e+06
18 8  5.424831934726083e+06
8 31  7.080639553593575e+02
31 8  7.080639553593575e+02
8 32 -7.692690960500945e+04
32 8 -7.692690960500945e+04
8 33  3.711273265470727e+04
33 8  3.711273265470727e+04
8 34  3.566276598284829e+06
34 8  3.566276598284829e+06
8 35 -1.305540707315242e+06
35 8 -1.305540707315242e+06
8 36  8.216497994361450e+05
36 8  8.216497994361450e+05
8 37 -2.866569183284020e+04
37 8 -2.866569183284020e+04
8 38 -8.436300353906548e+04
38 8 -8.436300353906548e+04
8 39 -2.455250396214381e+04
39 8 -2.455250396214381e+04
8 40  7.751562334758421e+06
40 8  7.751562334758421e+06
8 41 -5.195733307632171e+06
41 8 -5.195733307632171e+06
8 42  6.900005912114961e+06
42 8  6.900005912114961e+06
8 43  5.000832208394451e+04
43 8  5.000832208394451e+04
8 44 -7.939196878641158e+04
44 8 -7.939196878641158e+04
8 45 -1.309864830674377e+04
45 8 -1.309864830674377e+04
8 46  1.886964667119465e+06
46 8  1.886964667119465e+06
8 47 -3.416653256612546e+06
47 8 -3.416653256612546e+06
8 48  4.192173994564608e+06
48 8  4.192173994564608e+06
9 9  3.987631443167696e+05
9 10  2.037158051538869e+06
10 9  2.037158051538869e+06
9 11 -1.629366547113625e+06
11 9 -1.629366547113625e+06
9 12  2.665813435338779e+06
12 9  2.665813435338779e+06
9 13 -8.069828765263749e+04
13 9 -8.069828765263749e+04
9 14  6.140613387539506e+03
14 9  6.140613387539506e+03
9 15  9.388064146326241e+04
15 9  9.388064146326241e+04
9 16 -1.396848713639732e+05
16 9 -1.396848713639732e+05
9 17 -1.007199532727356e+06
17 9 -1.007199532727356e+06
9 18  1.944761160370052e+06
18 9  1.944761160370052e+06
9 31  5.437080210361180e+04
31 9  5.437080210361180e+04
9 32  3.270119177954968e+04
32 9  3.270119177954968e+04
9 33 -2.884512320606798e+05
33 9 -2.884512320606798e+05
9 34  1.068157363576547e+06
34 9  1.068157363576547e+06
9 35 -4.252131141807112e+05
35 9 -4.252131141807112e+05
9 36  4.073557369835263e+05
36 9  4.073557369835263e+05
9 37  1.757288647060629e+05
37 9  1.757288647060629e+05
9 38 -2.401040153665402e+04
38 9 -2.401040153665402e+04
9 39 -2.529109356311999e+05
39 9 -2.529109356311999e+05
9 40  2.266115249044615e+06
40 9  2.266115249044615e+06
9 41 -1.671947815948405e+06
41 9 -1.671947815948405e+06
9 42  2.531529987457037e+06
42 9  2.531529987457037e+06
9 43  5.987464519292717e+04
43 9  5.987464519292717e+04
9 44 -6.729695370723166e+03
44 9 -6.729695370723166e+03
9 45 -1.064738723414587e+05
45 9 -1.064738723414587e+05
9 46  4.634497302287186e+05
46 9  4.634497302287186e+05
9 47 -1.078618671927481e+06
47 9 -1.078618671927481e+06
9 48  1.521379380155754e+06
48 9  1.521379380155754e+06
10 10  1.220432846515997e+09
10 11 -4.188863082811576e+08
11 10 -4.188863082811576e+08
10 12 -1.804920476607160e+08
12 10 -1.804920476607160e+08
10 13  2.857077061996966e+06
13 10  2.857077061996966e+06
10 14  4.802206963202214e+06
14 10  4.802206963202214e+06
10 15  2.340305571117591e+06
15 10  2.340305571117591e+06
10 16  5.923556445771645e+08
16 10  5.923556445771645e+08
10 17 -3.231828139852364e+08
17 10 -3.231828139852364e+08
10 18 -1.261115847547378e+08
18 10 -1.261115847547378e+08
10 31 -1.490500739359737e+06
31 10 -1.490500739359737e+06
10 32 -4.984817214978065e+06
32 10 -4.984817214978065e+06
10 33 -1.163842621321940e+06
33 10 -1.163842621321940e+06
10 34  3.298223816886225e+08
34 10  3.298223816886225e+08
10 35 -9.607834639199607e+07
35 10 -9.607834639199607e+07
10 36 -4.042871732614236e+07
36 10 -4.042871732614236e+07
10 37 -3.589008857294541e+06
37 10 -3.589008857294541e+06
10 38 -8.253729257876955e+06
38 10 -8.253729257876955e+06
10 39 -2.841481322800884e+06
39 10 -2.841481322800884e+06
10 40  9.618784175025474e+08
40 10  9.618784175025474e+08
10 41 -3.812268286100636e+08
41 10 -3.812268286100636e+08
10 42 -8.367793641997728e+07
42 10 -8.367793641997728e+07
10 43 -7.017640102671919e+05
43 10 -7.017640102671919e+05
10 44 -6.218520987900293e+05
44 10 -6.218520987900293e+05
10 45 -7.387895249191595e+05
45 10 -7.387895249191595e+05
10 46  5.088811228077310e+08
46 10  5.088811228077310e+08
10 47 -3.009420428735994e+08
47 10 -3.009420428735994e+08
10 48 -1.437166953132714e+08
48 10 -1.437166953132714e+08
11 11  2.594478275416787e+08
11 12 -2.868082777688737e+08
12 11 -2.868082777688737e+08
11 13 -1.092582867335963e+06
13 11 -1.092582867335963e+06
11 14 -1.625311657560466e+06
14 11 -1.625311657560466e+06
11 15 -8.935303643212537e+05
15 11 -8.935303643212537e+05
11 16 -1.667163674782692e+08
16 11 -1.667163674782692e+08
11 17  1.836788813311065e+08
17 11  1.836788813311065e+08
11 18 -1.290140166087578e+08
18 11 -1.290140166087578e+08
11 31  8.080790345654180e+05
31 11  8.080790345654180e+05
11 32  2.753770552046438e+06
32 11  2.753770552046438e+06
11 33  6.636054381254398e+05
33 11  6.636054381254398e+05
11 34 -1.431973240515033e+08
34 11 -1.431973240515033e+08
11 35  7.084543207965928e+07
35 11  7.084543207965928e+07
11 36 -1.198948153608297e+08
36 11 -1.198948153608297e+08
11 37  2.080775051926362e+06
37 11  2.080775051926362e+06
11 38  5.230280726830263e+06
38 11  5.230280726830263e+06
11 39  1.687768955029483e+06
39 11  1.687768955029483e+06
11 40 -4.185888793694700e+08
40 11 -4.185888793694700e+08
11 41  2.533043017086237e+08
41 11  2.533043017086237e+08
11 42 -2.745059854595951e+08
42 11 -2.745059854595951e+08
11 43  9.416143198130735e+05
43 11  9.416143198130735e+05
11 44  1.343264413734313e+06
44 11  1.343264413734313e+06
11 45  7.934416176433706e+05
45 11  7.934416176433706e+05
11 46 -1.930298233350915e+08
46 11 -1.930298233350915e+08
11 47  1.830802725804996e+08
47 11  1.830802725804996e+08
11 48 -8.696280540371837e+07
48 11 -8.696280540371837e+07
12 12  1.137264447448660e+09
12 13 -1.386812526028497e+05
13 12 -1.386812526028497e+05
12 14 -9.025427711536586e+05
14 12 -9.025427711536586e+05
12 15 -1.051912557705960e+05
15 12 -1.051912557705960e+05
12 16 -2.202397280942869e+08
16 12 -2.202397280942869e+08
12 17 -1.785417086714768e+08
17 12 -1.785417086714768e+08
12 18  5.767964829826953e+08
18 12  5.767964829826953e+08
12 31 -7.193715593014939e+05
31 12 -7.193715593014939e+05
12 32 -2.564255623789978e+06
32 12 -2.564255623789978e+06
12 33 -6.625695465842105e+05
33 12 -6.625695465842105e+05
12 34  4.882946567745979e+07
34 12  4.882946567745979e+07
12 35 -1.042533934566980e+08
35 12 -1.042533934566980e+08
12 36  4.187758720127026e+08
36 12  4.187758720127026e+08
12 37 -2.061547303698187e+06
37 12 -2.061547303698187e+06
12 38 -6.229608985114691e+06
38 12 -6.229608985114691e+06
12 39 -1.760881685031547e+06
39 12 -1.760881685031547e+06
12 40  1.318156090243067e+08
40 12  1.318156090243067e+08
12 41 -3.296374597561656e+08
41 12 -3.296374597561656e+08
12 42  9.751350418856971e+08
42 12  9.751350418856971e+08
12 43 -2.136651023236946e+06
43 12 -2.136651023236946e+06
12 44 -3.532885476101437e+06
44 12 -3.532885476101437e+06
12 45 -1.611920500918958e+06
45 12 -1.611920500918958e+06
12 46 -2.853753008354837e+07
46 12 -2.853753008354837e+07
12 47 -2.052748934002471e+08
47 12 -2.052748934002471e+08
12 48  4.641239213193777e+08
48 12  4.641239213193777e+08
13 13  2.761305064319953e+05
13 14 -5.625123633358629e+04
14 13 -5.625123633358629e+04
13 15 -7.940810839359988e+04
15 13 -7.940810839359988e+04
13 16  3.038845615757791e+06
16 13  3.038845615757791e+06
13 17 -4.257118436164911e+06
17 13 -4.257118436164911e+06
13 18  4.060725375638325e+06
18 13  4.060725375638325e+06
13 19  3.745307761707348e+04
19 13  3.745307761707348e+04
13 20  1.595307898281911e+04
20 13  1.595307898281911e+04
13 21 -6.670498791534976e+04
21 13 -6.670498791534976e+04
13 22 -7.501485497295851e+05
22 13 -7.501485497295851e+05
13 23 -1.892962889685547e+06
23 13 -1.892962889685547e+06
13 24  3.434601257555441e+06
24 13  3.434601257555441e+06
13 37 -8.812026186908521e+04
37 13 -8.812026186908521e+04
13 38 -3.526825112922800e+03
38 13 -3.526825112922800e+03
13 39  3.457657927843076e+04
39 13  3.457657927843076e+04
13 40  2.160616510783794e+06
40 13  2.160616510783794e+06
13 41 -1.002103608127051e+06
41 13 -1.002103608127051e+06
13 42  3.307185677037123e+05
42 13  3.307185677037123e+05
13 43 -1.119223650485165e+05
43 13 -1.119223650485165e+05
13 44 -4.574913352426860e+04
44 13 -4.574913352426860e+04
13 45  1.358919321645011e+05
45 13  1.358919321645011e+05
13 46  3.313681267599013e+06
46 13  3.313681267599013e+06
13 47 -4.310688316334843e+06
47 13 -4.310688316334843e+06
13 48  3.877273530347397e+06
48 13  3.877273530347397e+06
13 49 -1.754630389946248e+05
49 13 -1.754630389946248e+05
13 50  7.390336565604295e+04
50 13  7.390336565604295e+04
13 51  5.634287251865525e+04
51 13  5.634287251865525e+04
13 52  2.211476533127772e+05
52 13  2.211476533127772e+05
13 53 -2.037012028987129e+06
53 13 -2.037012028987129e+06
13 54  2.781749591764895e+06
54 13  2.781749591764895e+06
14 14  2.086649325086365e+05
14 15 -2.372929571850793e+04
15 14 -2.372929571850793e+04
14 16  5.834890140346502e+06
16 14  5.834890140346502e+06
14 17 -6.373771444749072e+06
17 14 -6.373771444749072e+06
14 18  4.554927190094912e+06
18 14  4.554927190094912e+06
14 19  2.032171145074841e+04
19 14  2.032171145074841e+04
14 20 -2.024873128992952e+04
20 14 -2.024873128992952e+04
14 21  1.598381894906528e+04
21 14  1.598381894906528e+04
14 22 -3.548044847262213e+05
22 14 -3.548044847262213e+05
14 23 -2.915195843603353e+06
23 14 -2.915195843603353e+06
14 24  4.318787136704967e+06
24 14  4.318787136704967e+06
14 37  4.454618755977082e+03
37 14  4.454618755977082e+03
14 38 -7.939398028097887e+04
38 14 -7.939398028097887e+04
14 39  5.943611038130702e+04
39 14  5.943611038130702e+04
14 40  3.528641801489621e+06
40 14  3.528641801489621e+06
14 41 -1.451763582697901e+06
41 14 -1.451763582697901e+06
14 42 -1.173129351228639e+05
42 14 -1.173129351228639e+05
14 43 -4.503003870332689e+04
43 14 -4.503003870332689e+04
14 44 -8.963626091950868e+03
44 14 -8.963626091950868e+03
14 45 -3.878339079687696e+04
45 14 -3.878339079687696e+04
14 46  5.764931732125230e+06
46 14  5.764931732125230e+06
14 47 -6.362545258934729e+06
47 14 -6.362545258934729e+06
14 48  4.453745619074731e+06
48 14  4.453745619074731e+06
14 49  6.957716993130435e+04
49 14  6.957716993130435e+04
14 50 -1.074206523098821e+05
50 14 -1.074206523098821e+05
14 51 -1.904785620252691e+04
51 14 -1.904785620252691e+04
14 52  8.488022688423609e+05
52 14  8.488022688423609e+05
14 53 -3.077517732704317e+06
53 14 -3.077517732704317e+06
14 54  3.432375729717399e+06
54 14  3.432375729717399e+06
15 15  3.387802082132103e+05
15 16  2.468004684785412e+06
16 15  2.468004684785412e+06
15 17 -3.492316103351662e+06
17 15 -3.492316103351662e+06
15 18  3.361670634970547e+06
18 15  3.361670634970547e+06
15 19 -6.745871981475636e+04
19 15 -6.745871981475636e+04
15 20  1.355469038952431e+04
20 15  1.355469038952431e+04
15 21  6.392848098135027e+04
21 15  6.392848098135027e+04
15 22 -6.390308736809872e+05
22 15 -6.390308736809872e+05
15 23 -1.553557765295733e+06
23 15 -1.553557765295733e+06
15 24  2.837622219610093e+06
24 15  2.837622219610093e+06
15 37  3.417295749601301e+04
37 15  3.417295749601301e+04
15 38  5.203768304584446e+04
38 15  5.203768304584446e+04
15 39 -2.356564054695411e+05
39 15 -2.356564054695411e+05
15 40  1.769745344164402e+06
40 15  1.769745344164402e+06
15 41 -8.227688966442884e+05
41 15 -8.227688966442884e+05
15 42  2.778359708718322e+05
42 15  2.778359708718322e+05
15 43  1.372106360247193e+05
43 15  1.372106360247193e+05
15 44 -3.767156763264939e+04
44 15 -3.767156763264939e+04
15 45 -1.677103108668312e+05
45 15 -1.677103108668312e+05
15 46  2.703751194520958e+06
46 15  2.703751194520958e+06
15 47 -3.538186507535959e+06
47 15 -3.538186507535959e+06
15 48  3.208915543391781e+06
48 15  3.208915543391781e+06
15 49  5.520231749655016e+04
49 15  5.520231749655016e+04
15 50 -1.669489175230772e+04
50 15 -1.669489175230772e+04
15 51 -9.322261432145078e+04
51 15 -9.322261432145078e+04
15 52  1.672758628146933e+05
52 15  1.672758628146933e+05
15 53 -1.670189637093589e+06
53 15 -1.670189637093589e+06
15 54  2.301839901453670e+06
54 15  2.301839901453670e+06
16 16  1.283076513595830e+09
16 17 -6.545286472265756e+08
17 16 -6.545286472265756e+08
16 18 -3.679100143766599e+08
18 16 -3.679100143766599e+08
16 19  3.573746770938722e+06
19 16  3.573746770938722e+06
16 20  3.946713453801137e+06
20 16  3.946713453801137e+06
16 21  2.953484552284222e+06
21 16  2.953484552284222e+06
16 22  6.070416716967301e+08
22 16  6.070416716967301e+08
16 23 -3.859952734155356e+08
23 16 -3.859952734155356e+08
16 24 -2.154377694522934e+08
24 16 -2.154377694522934e+08
16 37 -1.967400098709403e+06
37 16 -1.967400098709403e+06
16 38 -4.437059831622643e+06
38 16 -4.437059831622643e+06
16 39 -1.479001610833072e+06
39 16 -1.479001610833072e+06
16 40  4.179143510575200e+08
40 16  4.179143510575200e+08
16 41 -1.409427170461845e+08
41 16 -1.409427170461845e+08
16 42 -1.239836746593120e+08
42 16 -1.239836746593120e+08
16 43 -4.469678544625643e+06
43 16 -4.469678544625643e+06
16 44 -5.462642681143897e+06
44 16 -5.462642681143897e+06
16 45 -3.528472630282614e+06
45 16 -3.528472630282614e+06
16 46  1.027362519011496e+09
46 16  1.027362519011496e+09
16 47 -6.051336018606478e+08
47 16 -6.051336018606478e+08
16 48 -2.949262359102463e+08
48 16 -2.949262359102463e+08
16 49  6.623736773459241e+02
49 16  6.623736773459241e+02
16 50 -1.391110086397824e+05
50 16 -1.391110086397824e+05
16 51 -2.743301245899741e+05
51 16 -2.743301245899741e+05
16 52  5.270540331479634e+08
52 16  5.270540331479634e+08
16 53 -3.606413325597156e+08
53 16 -3.606413325597156e+08
16 54 -2.377279526650555e+08
54 16 -2.377279526650555e+08
17 17  6.995309527174423e+08
17 18 -4.596089667781399e+08
18 17 -4.596089667781399e+08
17 19 -1.847162774775456e+06
19 17 -1.847162774775456e+06
17 20 -2.037090100758859e+06
20 17 -2.037090100758859e+06
17 21 -1.513206511107880e+06
21 17 -1.513206511107880e+06
17 22 -2.421208102962582e+08
22 17 -2.421208102962582e+08
17 23  3.739647567973197e+08
23 17  3.739647567973197e+08
17 24 -2.077754701387362e+08
24 17 -2.077754701387362e+08
17 37  1.363183043893603e+06
37 17  1.363183043893603e+06
17 38  3.511467549747512e+06
38 17  3.511467549747512e+06
17 39  1.120904907736740e+06
39 17  1.120904907736740e+06
17 40 -2.734265798949662e+08
40 17 -2.734265798949662e+08
17 41  1.802540366203193e+08
41 17  1.802540366203193e+08
17 42 -2.320393605446602e+08
42 17 -2.320393605446602e+08
17 43  4.371342141250929e+06
43 17  4.371342141250929e+06
17 44  6.351766711670255e+06
44 17  6.351766711670255e+06
17 45  3.543686895697950e+06
45 17  3.543686895697950e+06
17 46 -6.554880834829505e+08
46 17 -6.554880834829505e+08
17 47  6.930837669981921e+08
47 17  6.930837669981921e+08
17 48 -4.422750930540571e+08
48 17 -4.422750930540571e+08
17 49  1.591172043319878e+06
49 17  1.591172043319878e+06
17 50  1.777470538089773e+06
50 17  1.777470538089773e+06
17 51  1.348130343752208e+06
51 17  1.348130343752208e+06
17 52 -2.911039347209265e+08
52 17 -2.911039347209265e+08
17 53  3.737732263235934e+08
53 17  3.737732263235934e+08
17 54 -1.355220803281706e+08
54 17 -1.355220803281706e+08
18 18  1.278676552877189e+09
18 19 -1.057003451414978e+06
19 18 -1.057003451414978e+06
18 20 -1.167526141159062e+06
20 18 -1.167526141159062e+06
18 21 -8.886870772763680e+05
21 18 -8.886870772763680e+05
18 22 -3.094771999033678e+08
22 18 -3.094771999033678e+08
18 23 -2.043439506484302e+08
23 18 -2.043439506484302e+08
18 24  6.453250509835241e+08
24 18  6.453250509835241e+08
18 37 -9.477715102572728e+04
37 18 -9.477715102572728e+04
18 38 -9.889892774086022e+05
38 18 -9.889892774086022e+05
18 39 -2.417408187149295e+05
39 18 -2.417408187149295e+05
18 40 -8.671675791999916e+06
40 18 -8.671675791999916e+06
18 41 -1.531748312537910e+08
41 18 -1.531748312537910e+08
18 42  5.578892656117126e+08
42 18  5.578892656117126e+08
18 43 -2.386382690732217e+06
43 18 -2.386382690732217e+06
18 44 -4.754128346200364e+06
44 18 -4.754128346200364e+06
18 45 -2.057053397436434e+06
45 18 -2.057053397436434e+06
18 46 -6.308252858899546e+07
46 18 -6.308252858899546e+07
18 47 -5.164493568468784e+08
47 18 -5.164493568468784e+08
18 48  1.154894862348193e+09
48 18  1.154894862348193e+09
18 49 -2.902303683363274e+06
49 18 -2.902303683363274e+06
18 50 -3.069115360052966e+06
50 18 -3.069115360052966e+06
18 51 -2.118950501912868e+06
51 18 -2.118950501912868e+06
18 52 -1.211075313226420e+08
52 18 -1.211075313226420e+08
18 53 -2.356016618588361e+08
53 18 -2.356016618588361e+08
18 54  5.413449406823835e+08
54 18  5.413449406823835e+08
19 19  2.183054274057905e+05
19 20 -5.210190954652796e+04
20 19 -5.210190954652796e+04
19 21 -7.805949328743838e+04
21 19 -7.805949328743838e+04
19 22  2.206070535064929e+06
22 19  2.206070535064929e+06
19 23 -7.495597901329482e+06
23 19 -7.495597901329482e+06
19 24  3.425982225373565e+06
24 19  3.425982225373565e+06
19 25  3.633374152651110e+04
25 19  3.633374152651110e+04
19 26  1.072150218073896e+04
26 19  1.072150218073896e+04
19 27 -5.164639975186194e+04
27 19 -5.164639975186194e+04
19 28 -2.026561747029594e+06
28 19 -2.026561747029594e+06
19 29 -3.400375710096897e+06
29 19 -3.400375710096897e+06
19 30  3.942252080255550e+06
30 19  3.942252080255550e+06
19 43 -7.600590772827233e+04
43 19 -7.600590772827233e+04
19 44 -5.686555698539929e+03
44 19 -5.686555698539929e+03
19 45  3.657220860928558e+04
45 19  3.657220860928558e+04
19 46  2.659418887821852e+06
46 19  2.659418887821852e+06
19 47 -1.705453684500201e+06
47 19 -1.705453684500201e+06
19 48 -4.778928750746537e+05
48 19 -4.778928750746537e+05
19 49 -9.243962158166367e+04
49 19 -9.243962158166367e+04
19 50 -4.022506265175703e+04
50 19 -4.022506265175703e+04
19 51  1.009816562983315e+05
51 19  1.009816562983315e+05
19 52  2.445471740203598e+06
52 19  2.445471740203598e+06
19 53 -7.462798169470288e+06
53 19 -7.462798169470288e+06
19 54  3.092152680854739e+06
54 19  3.092152680854739e+06
19 55 -1.236467172394391e+05
55 19 -1.236467172394391e+05
19 56  6.697031426533755e+04
56 19  6.697031426533755e+04
19 57  5.961074794643957e+04
57 19  5.961074794643957e+04
19 58 -8.728326588685535e+05
58 19 -8.728326588685535e+05
19 59 -3.509285068575576e+06
59 19 -3.509285068575576e+06
19 60  3.029311959551523e+06
60 19  3.029311959551523e+06
20 20  2.565305057511053e+05
20 21 -2.212772577180762e+04
21 20 -2.212772577180762e+04
20 22  3.811929237412937e+06
22 20  3.811929237412937e+06
20 23 -4.993027124133084e+06
23 20 -4.993027124133084e+06
20 24  7.007027090004728e+05
24 20  7.007027090004728e+05
20 25  1.143614888232855e+04
25 20  1.143614888232855e+04
20 26 -5.466568896782186e+04
26 20 -5.466568896782186e+04
20 27  8.656471376770027e+03
27 20  8.656471376770027e+03
20 28 -7.147189075865450e+05
28 20 -7.147189075865450e+05
20 29 -1.206579779817805e+06
29 20 -1.206579779817805e+06
20 30  1.392288604274427e+06
30 20  1.392288604274427e+06
20 43 -2.443875578665422e+03
43 20 -2.443875578665422e+03
20 44 -1.074220704126475e+05
44 20 -1.074220704126475e+05
20 45  7.646917134647521e+04
45 20  7.646917134647521e+04
20 46  2.935887424471471e+06
46 20  2.935887424471471e+06
20 47 -1.881932114193779e+06
47 20 -1.881932114193779e+06
20 48 -5.292526554213851e+05
48 20 -5.292526554213851e+05
20 49 -3.951605781668582e+04
49 20 -3.951605781668582e+04
20 50  6.741647305335138e+04
50 20  6.741647305335138e+04
20 51 -3.417182969759630e+04
51 20 -3.417182969759630e+04
20 52  3.209534541436478e+06
52 20  3.209534541436478e+06
20 53 -4.876119569865766e+06
53 20 -4.876119569865766e+06
20 54  1.016279127617174e+06
54 20  1.016279127617174e+06
20 55  6.667261507673156e+04
55 20  6.667261507673156e+04
20 56 -1.416104881340578e+05
56 20 -1.416104881340578e+05
20 57 -4.238077764336563e+04
57 20 -4.238077764336563e+04
20 58 -3.062875742959559e+05
58 20 -3.062875742959559e+05
20 59 -1.244830211864858e+06
59 20 -1.244830211864858e+06
20 60  1.069591537102062e+06
60 20  1.069591537102062e+06
21 21  3.109263404978793e+05
21 22  1.830540377523592e+06
22 21  1.830540377523592e+06
21 23 -6.152763853529098e+06
23 21 -6.152763853529098e+06
21 24  2.789977566728800e+06
24 21  2.789977566728800e+06
21 25 -5.195380834820773e+04
25 21 -5.195380834820773e+04
21 26  9.527854401828339e+03
26 21  9.527854401828339e+03
21 27  5.694107615324411e+04
27 21  5.694107615324411e+04
21 28 -1.666384244129414e+06
28 21 -1.666384244129414e+06
21 29 -2.791756135487372e+06
29 21 -2.791756135487372e+06
21 30  3.232674714337252e+06
30 21  3.232674714337252e+06
21 43  3.540853675585303e+04
43 21  3.540853675585303e+04
21 44  7.253255922530266e+04
44 21  7.253255922530266e+04
21 45 -1.926781459822781e+05
45 21 -1.926781459822781e+05
21 46  2.194331176049028e+06
46 21  2.194331176049028e+06
21 47 -1.398055061220537e+06
47 21 -1.398055061220537e+06
21 48 -4.130937399646714e+05
48 21 -4.130937399646714e+05
21 49  1.036570638130542e+05
49 21  1.036570638130542e+05
21 50 -3.308950386262190e+04
50 21 -3.308950386262190e+04
21 51 -1.361898182894543e+05
51 21 -1.361898182894543e+05
21 52  2.021455876830837e+06
52 21  2.021455876830837e+06
21 53 -6.125853066197314e+06
53 21 -6.125853066197314e+06
21 54  2.518988918422454e+06
54 21  2.518988918422454e+06
21 55  5.765268898208862e+04
55 21  5.765268898208862e+04
21 56 -4.282700294176678e+04
56 21 -4.282700294176678e+04
21 57 -1.029279333607414e+05
57 21 -1.029279333607414e+05
21 58 -7.163153684318520e+05
58 21 -7.163153684318520e+05
21 59 -2.879996798094321e+06
59 21 -2.879996798094321e+06
21 60  2.486092728562999e+06
60 21  2.486092728562999e+06
22 22  1.100921705681846e+09
22 23 -5.780410481781355e+08
23 22 -5.780410481781355e+08
22 24 -6.848567771589787e+08
24 22 -6.848567771589787e+08
22 25  3.437873078704640e+06
25 22  3.437873078704640e+06
22 26  1.215330433007105e+06
26 22  1.215330433007105e+06
22 27  2.824432674532934e+06
27 22  2.824432674532934e+06
22 28  4.289145402717292e+08
28 22  4.289145402717292e+08
22 29 -2.200101241495051e+08
29 22 -2.200101241495051e+08
22 30 -4.276063885681862e+08
30 22 -4.276063885681862e+08
22 43 -2.805569360990008e+06
43 22 -2.805569360990008e+06
22 44 -3.452162928169512e+06
44 22 -3.452162928169512e+06
22 45 -2.066044070270993e+06
45 22 -2.066044070270993e+06
22 46  4.376533216017329e+08
46 22  4.376533216017329e+08
22 47 -2.132300660949321e+08
47 22 -2.132300660949321e+08
22 48 -2.170177502935551e+08
48 22 -2.170177502935551e+08
22 49 -3.443366600488839e+06
49 22 -3.443366600488839e+06
22 50 -1.642975205407317e+06
50 22 -1.642975205407317e+06
22 51 -2.708265742376781e+06
51 22 -2.708265742376781e+06
22 52  8.357253821445774e+08
52 22  8.357253821445774e+08
22 53 -5.354656626938678e+08
53 22 -5.354656626938678e+08
22 54 -5.677871639438849e+08
54 22 -5.677871639438849e+08
22 55  1.355140897438862e+06
55 22  1.355140897438862e+06
22 56  4.226829478830085e+05
56 22  4.226829478830085e+05
22 57  7.583676342722334e+05
57 22  7.583676342722334e+05
22 58  3.353131234287444e+08
58 22  3.353131234287444e+08
22 59 -2.049265609649016e+08
59 22 -2.049265609649016e+08
22 60 -4.012547695841191e+08
60 22 -4.012547695841191e+08
23 23  1.408871827864285e+09
23 24 -4.252623846977202e+08
24 23 -4.252623846977202e+08
23 25 -3.382297397708193e+06
25 23 -3.382297397708193e+06
23 26 -1.199475480992493e+06
26 23 -1.199475480992493e+06
23 27 -2.774706575631131e+06
27 23 -2.774706575631131e+06
23 28 -1.299988057911609e+08
28 23 -1.299988057911609e+08
23 29  7.599275968757701e+08
29 23  7.599275968757701e+08
23 30 -1.699366803896785e+08
30 23 -1.699366803896785e+08
23 43  2.125272988438156e+06
43 23  2.125272988438156e+06
23 44  3.173995063990478e+06
44 23  3.173995063990478e+06
23 45  1.751552973895836e+06
45 23  1.751552973895836e+06
23 46 -3.196227427491326e+08
46 23 -3.196227427491326e+08
23 47  3.694949929247327e+08
47 23  3.694949929247327e+08
23 48 -2.805548359298735e+08
48 23 -2.805548359298735e+08
23 49  7.473629487043986e+06
49 23  7.473629487043986e+06
23 50  4.798733455050279e+06
50 23  4.798733455050279e+06
23 51  6.063710227340467e+06
51 23  6.063710227340467e+06
23 52 -5.960153776904907e+08
52 23 -5.960153776904907e+08
23 53  1.403602854835096e+09
53 23  1.403602854835096e+09
23 54 -3.873878227782966e+08
54 23 -3.873878227782966e+08
23 55  3.171955713241079e+06
55 23  3.171955713241079e+06
23 56  1.134969929688174e+06
56 23  1.134969929688174e+06
23 57  2.665764993219659e+06
57 23  2.665764993219659e+06
23 58 -2.129467440682571e+08
58 23 -2.129467440682571e+08
23 59  7.604206247609118e+08
59 23  7.604206247609118e+08
23 60 -5.470316727368727e+07
60 23 -5.470316727368727e+07
24 24  1.238574209573160e+09
24 25 -2.731177908258183e+06
25 24 -2.731177908258183e+06
24 26 -9.627106242243932e+05
26 24 -9.627106242243932e+05
24 27 -2.238923458919385e+06
27 24 -2.238923458919385e+06
24 28 -4.664987518821047e+08
28 24 -4.664987518821047e+08
24 29 -6.025022077694650e+07
29 24 -6.025022077694650e+07
24 30  5.945014951418753e+08
30 24  5.945014951418753e+08
24 43  5.400453818004634e+05
43 24  5.400453818004634e+05
24 44 -8.162447779830825e+04
44 24 -8.162447779830825e+04
24 45  1.487429342219114e+05
45 24  1.487429342219114e+05
24 46 -1.001354069349426e+08
46 24 -1.001354069349426e+08
24 47 -2.365907681911970e+08
47 24 -2.365907681911970e+08
24 48  6.357653981322125e+08
48 24  6.357653981322125e+08
24 49 -1.647547883466864e+06
49 24 -1.647547883466864e+06
24 50 -2.969678243548731e+06
50 24 -2.969678243548731e+06
24 51 -1.461451710560795e+06
51 24 -1.461451710560795e+06
24 52 -4.213941537271556e+08
52 24 -4.213941537271556e+08
24 53 -4.738209140232495e+08
53 24 -4.738209140232495e+08
24 54  1.145599289780114e+09
54 24  1.145599289780114e+09
24 55 -3.021903073004423e+06
55 24 -3.021903073004423e+06
24 56 -1.005476500134008e+06
56 24 -1.005476500134008e+06
24 57 -2.075967551080624e+06
57 24 -2.075967551080624e+06
24 58 -3.165970355888461e+08
58 24 -3.165970355888461e+08
24 59 -7.884538613489090e+07
59 24 -7.884538613489090e+07
24 60  5.125999919536910e+08
60 24  5.125999919536910e+08
25 25  9.341560258087084e+04
25 26  3.277941268047077e+04
26 25  3.277941268047077e+04
25 27 -4.138883237106664e+04
27 25 -4.138883237106664e+04
25 28  3.727508237281605e+06
28 25  3.727508237281605e+06
25 29 -4.752341204578908e+06
29 25 -4.752341204578908e+06
25 30 -2.493480523016540e+06
30 25 -2.493480523016540e+06
25 49 -8.321218431779083e+04
49 25 -8.321218431779083e+04
25 50 -2.893883096672352e+04
50 25 -2.893883096672352e+04
25 51  5.158245810624935e+04
51 25  5.158245810624935e+04
25 52  2.332881578002590e+06
52 25  2.332881578002590e+06
25 53 -3.274441472453105e+06
53 25 -3.274441472453105e+06
25 54 -1.883683641075732e+06
54 25 -1.883683641075732e+06
25 55 -4.653715978959111e+04
55 25 -4.653715978959111e+04
25 56 -1.527673059607578e+04
56 25 -1.527673059607578e+04
25 57  4.176018261302501e+04
57 25  4.176018261302501e+04
25 58  2.622516736663228e+06
58 25  2.622516736663228e+06
25 59 -4.644485279278342e+06
59 25 -4.644485279278342e+06
25 60 -1.645986255955601e+06
60 25 -1.645986255955601e+06
26 26  1.431735039172474e+05
26 27 -7.088675089980659e+04
27 26 -7.088675089980659e+04
26 28  1.320698968307971e+06
28 26  1.320698968307971e+06
26 29 -1.683265397928006e+06
29 26 -1.683265397928006e+06
26 30 -8.762369182603896e+05
30 26 -8.762369182603896e+05
26 49 -2.924131104832060e+04
49 26 -2.924131104832060e+04
26 50 -1.416105686579155e+05
50 26 -1.416105686579155e+05
26 51  7.449068647634771e+04
51 26  7.449068647634771e+04
26 52  8.242130260376679e+05
52 26  8.242130260376679e+05
26 53 -1.161587224284709e+06
53 26 -1.161587224284709e+06
26 54 -6.631934190763877e+05
54 26 -6.631934190763877e+05
26 55 -1.425960381288911e+04
55 26 -1.425960381288911e+04
26 56  5.310275370848993e+04
56 26  5.310275370848993e+04
26 57 -1.313178997836946e+04
57 26 -1.313178997836946e+04
26 58  9.295815613840139e+05
58 26  9.295815613840139e+05
26 59 -1.645377141435909e+06
59 26 -1.645377141435909e+06
26 60 -5.767197130750594e+05
60 26 -5.767197130750594e+05
27 27  1.519285614112268e+05
27 28  3.062222713361263e+06
28 27  3.062222713361263e+06
27 29 -3.899040043495622e+06
29 27 -3.899040043495622e+06
27 30 -2.043774255902904e+06
30 27 -2.043774255902904e+06
27 49  4.959690457873821e+04
49 27  4.959690457873821e+04
27 50  7.403863553431830e+04
50 27  7.403863553431830e+04
27 51 -1.433610116684347e+05
51 27 -1.433610116684347e+05
27 52  1.914546880862244e+06
52 27  1.914546880862244e+06
27 53 -2.687265121292346e+06
53 27 -2.687265121292346e+06
27 54 -1.545899661322501e+06
54 27 -1.545899661322501e+06
27 55  4.343832754419035e+04
55 27  4.343832754419035e+04
27 56 -1.180835601128175e+04
56 27 -1.180835601128175e+04
27 57 -6.550862589603623e+04
57 27 -6.550862589603623e+04
27 58  2.152336919569061e+06
58 27  2.152336919569061e+06
27 59 -3.811598589119513e+06
59 27 -3.811598589119513e+06
27 60 -1.350750458174007e+06
60 27 -1.350750458174007e+06
28 28  4.573321778748809e+08
28 29 -2.559016591959108e+08
29 28 -2.559016591959108e+08
28 30 -4.437649032040988e+08
30 28 -4.437649032040988e+08
28 49 -2.757071603152495e+06
49 28 -2.757071603152495e+06
28 50 -9.230984223402565e+05
50 28 -9.230984223402565e+05
28 51 -1.929142409430594e+06
51 28 -1.929142409430594e+06
28 52  2.992531884213237e+08
52 28  2.992531884213237e+08
28 53 -1.138778955814259e+08
53 28 -1.138778955814259e+08
28 54 -3.920074994500921e+08
54 28 -3.920074994500921e+08
28 55  1.056125112900484e+06
55 28  1.056125112900484e+06
28 56  3.171183616188311e+05
56 28  3.171183616188311e+05
28 57  5.333039401987441e+05
57 28  5.333039401987441e+05
28 58  3.263003937297502e+08
58 28  3.263003937297502e+08
28 59 -2.402496237383073e+08
59 28 -2.402496237383073e+08
28 60 -3.703640936211893e+08
60 28 -3.703640936211893e+08
29 29  9.310686482516643e+08
29 30 -8.941444952149513e+07
30 29 -8.941444952149513e+07
29 49  3.566904961600783e+06
49 29  3.566904961600783e+06
29 50  1.270160046781363e+06
50 29  1.270160046781363e+06
29 51  2.960200026263417e+06
51 29  2.960200026263417e+06
29 52 -1.330519978093265e+08
52 29 -1.330519978093265e+08
29 53  7.568725893145640e+08
53 29  7.568725893145640e+08
29 54 -1.724520095799258e+08
54 29 -1.724520095799258e+08
29 55  4.585811953075022e+06
55 29  4.585811953075022e+06
29 56  1.619685130964447e+06
56 29  1.619685130964447e+06
29 57  3.730596152719576e+06
57 29  3.730596152719576e+06
29 58 -1.694124076078636e+08
58 29 -1.694124076078636e+08
29 59  9.278064600291499e+08
59 29  9.278064600291499e+08
29 60 -2.020010339562064e+08
60 29 -2.020010339562064e+08
30 30  5.818316992292157e+08
30 49  1.818527383550452e+06
49 30  1.818527383550452e+06
30 50  5.760594149926202e+05
50 30  5.760594149926202e+05
30 51  1.071772052006342e+06
51 30  1.071772052006342e+06
30 52 -3.071755073051778e+08
52 30 -3.071755073051778e+08
30 53 -1.882628719718242e+08
53 30 -1.882628719718242e+08
30 54  5.522079547194564e+08
54 30  5.522079547194564e+08
30 55 -3.267298940789462e+06
55 30 -3.267298940789462e+06
30 56 -1.092111101006658e+06
56 30 -1.092111101006658e+06
