1 1  1.000000000000000e+36
1 2 -2.897456659286978e+04
2 1 -2.897456659286978e+04
1 3  5.833948061970396e+04
3 1  5.833948061970396e+04
1 4 -1.406885718930838e+05
4 1 -1.406885718930838e+05
1 5 -5.822987905135893e+04
5 1 -5.822987905135893e+04
1 6  1.774213156428038e+05
6 1  1.774213156428038e+05
1 7  2.346413585529685e+05
7 1  2.346413585529685e+05
1 8 -4.768823013456323e+01
8 1 -4.768823013456323e+01
1 9 -1.922993421412380e+04
9 1 -1.922993421412380e+04
1 10 -1.382641611630178e+05
10 1 -1.382641611630178e+05
1 11 -9.096517825839053e+04
11 1 -9.096517825839053e+04
1 12  2.020374457049369e+05
12 1  2.020374457049369e+05
1 31 -2.349759103096708e+05
31 1 -2.349759103096708e+05
1 32 -1.088433302768434e+03
32 1 -1.088433302768434e+03
1 33  1.903653940812696e+04
33 1  1.903653940812696e+04
1 34 -3.618723675376907e+04
34 1 -3.618723675376907e+04
1 35 -6.768925871342357e+04
35 1 -6.768925871342357e+04
1 36  1.844332111318420e+05
36 1  1.844332111318420e+05
1 37 -2.860335309404098e+05
37 1 -2.860335309404098e+05
1 38  3.011068812577278e+04
38 1  3.011068812577278e+04
1 39 -5.814608581370711e+04
39 1 -5.814608581370711e+04
1 40 -3.376282555037826e+04
40 1 -3.376282555037826e+04
1 41 -1.004245579047203e+05
41 1 -1.004245579047203e+05
1 42  2.090493411059166e+05
42 1  2.090493411059166e+05
2 2  1.000000000000000e+36
2 3 -1.024771867637059e+04
3 2 -1.024771867637059e+04
2 4 -3.353272089037442e+06
4 2 -3.353272089037442e+06
2 5 -1.628586628870576e+06
5 2 -1.628586628870576e+06
2 6  4.700190734074696e+06
6 2  4.700190734074696e+06
2 7  9.967789017757920e+02
7 2  9.967789017757920e+02
2 8  3.764001825744384e+04
8 2  3.764001825744384e+04
2 9  9.019375521345235e+03
9 2  9.019375521345235e+03
2 10 -3.283502836570728e+06
10 2 -3.283502836570728e+06
2 11 -2.568270182086749e+06
11 2 -2.568270182086749e+06
2 12  5.408587844073911e+06
12 2  5.408587844073911e+06
2 31 -1.309325632790954e+03
31 2 -1.309325632790954e+03
2 32 -6.695551591239768e+04
32 2 -6.695551591239768e+04
2 33 -1.347535718838728e+04
33 2 -1.347535718838728e+04
2 34 -7.032235559419137e+05
34 2 -7.032235559419137e+05
2 35 -1.770159346452012e+06
35 2 -1.770159346452012e+06
2 36  4.877344943936161e+06
36 2  4.877344943936161e+06
2 37  2.928711332388494e+04
37 2  2.928711332388494e+04
2 38 -7.692508291433472e+04
38 2 -7.692508291433472e+04
2 39  1.470370034341263e+04
39 2  1.470370034341263e+04
2 40 -6.334543034594656e+05
40 2 -6.334543034594656e+05
2 41 -2.709842899729435e+06
41 2 -2.709842899729435e+06
2 42  5.585742054095136e+06
42 2  5.585742054095136e+06
3 3  1.000000000000000e+36
3 4 -1.272909685741354e+06
4 3 -1.272909685741354e+06
3 5 -6.226108458359905e+05
5 3 -6.226108458359905e+05
3 6  1.773909913251987e+06
6 3  1.773909913251987e+06
3 7 -2.031645849190518e+04
7 3 -2.031645849190518e+04
3 8  2.511435145132695e+03
8 3  2.511435145132695e+03
3 9  3.619665394457421e+04
9 3  3.619665394457421e+04
3 10 -1.246364291920307e+06
10 3 -1.246364291920307e+06
3 11 -9.704913786413043e+05
11 3 -9.704913786413043e+05
3 12  2.043436617556749e+06
12 3  2.043436617556749e+06
3 31  2.019415197019208e+04
31 3  2.019415197019208e+04
3 32 -1.347186128490854e+04
32 3 -1.347186128490854e+04
3 33 -3.825029153952013e+04
33 3 -3.825029153952013e+04
3 34 -2.694290288815158e+05
34 3 -2.694290288815158e+05
3 35 -6.759607931127227e+05
35 3 -6.759607931127227e+05
3 36  1.841601969957767e+06
36 3  1.841601969957767e+06
3 37 -5.821717409799085e+04
37 3 -5.821717409799085e+04
3 38  2.120814481614642e+04
38 3  2.120814481614642e+04
3 39 -1.200754483492397e+05
39 3 -1.200754483492397e+05
3 40 -2.428836351485273e+05
40 3 -2.428836351485273e+05
3 41 -1.023841325758277e+06
41 3 -1.023841325758277e+06
3 42  2.111128673850454e+06
42 3  2.111128673850454e+06
4 4  1.000000000000000e+36
4 5 -1.337753666141508e+07
5 4 -1.337753666141508e+07
4 6 -3.089427115044778e+07
6 4 -3.089427115044778e+07
4 7  1.616741487776506e+05
7 4  1.616741487776506e+05
4 8  3.696722977073127e+06
8 4  3.696722977073127e+06
4 9  1.485752005005787e+06
9 4  1.485752005005787e+06
4 10  5.997725071813934e+08
10 4  5.997725071813934e+08
4 11 -5.650976261947630e+07
11 4 -5.650976261947630e+07
4 12  5.977927077496254e+07
12 4  5.977927077496254e+07
4 31 -1.338647470532671e+05
31 4 -1.338647470532671e+05
4 32 -1.641859032316620e+06
32 4 -1.641859032316620e+06
4 33 -6.093597432396266e+05
33 4 -6.093597432396266e+05
4 34  3.777132904215396e+08
34 4  3.777132904215396e+08
4 35  8.558281975197034e+06
35 4  8.558281975197034e+06
4 36 -9.801286886741348e+07
36 4 -9.801286886741348e+07
4 37  1.128791701687004e+05
37 4  1.128791701687004e+05
4 38  1.298408144280935e+06
38 4  1.298408144280935e+06
4 39  3.965174239751935e+05
39 4  3.965174239751935e+05
4 40  3.863743646635190e+08
40 4  3.863743646635190e+08
4 41 -3.451457190559132e+07
41 4 -3.451457190559132e+07
4 42 -7.316783220450340e+06
42 4 -7.316783220450340e+06
5 5  1.000000000000000e+36
5 6 -1.102852166095209e+08
6 5 -1.102852166095209e+08
5 7 -7.291497376503472e+04
7 5 -7.291497376503472e+04
5 8 -1.430351356150485e+06
8 5 -1.430351356150485e+06
5 9 -7.150400132866403e+05
9 5 -7.150400132866403e+05
5 10 -1.668356354876187e+07
10 5 -1.668356354876187e+07
5 11  7.245448566413663e+07
11 5  7.245448566413663e+07
5 12 -1.430038223073858e+08
12 5 -1.430038223073858e+08
5 31  7.396312502067254e+04
31 5  7.396312502067254e+04
5 32  1.814230590401123e+06
32 5  1.814230590401123e+06
5 33  6.916060734249383e+05
33 5  6.916060734249383e+05
5 34 -4.406847395343898e+07
34 5 -4.406847395343898e+07
5 35  4.212893069451521e+07
35 5  4.212893069451521e+07
5 36 -1.038158049123869e+08
36 5 -1.038158049123869e+08
5 37  5.718172779572110e+04
37 5  5.718172779572110e+04
5 38  1.244707394619938e+06
38 5  1.244707394619938e+06
5 39  6.460447856976924e+05
39 5  6.460447856976924e+05
5 40 -4.731512876351291e+07
40 5 -4.731512876351291e+07
5 41  7.216706174026746e+07
41 5  7.216706174026746e+07
5 42 -1.359315968731345e+08
42 5 -1.359315968731345e+08
6 6  1.000000000000000e+36
6 7  1.677488973697570e+05
7 6  1.677488973697570e+05
6 8  3.374343291912981e+06
8 6  3.374343291912981e+06
6 9  1.728340979483692e+06
9 6  1.728340979483692e+06
6 10 -2.329283397720121e+07
10 6 -2.329283397720121e+07
6 11 -1.856421060798456e+08
11 6 -1.856421060798456e+08
6 12  3.722270360907162e+08
12 6  3.722270360907162e+08
6 31 -1.809347348899329e+05
31 6 -1.809347348899329e+05
6 32 -4.629938716821867e+06
32 6 -4.629938716821867e+06
6 33 -1.745612251342680e+06
33 6 -1.745612251342680e+06
6 34  7.426766239873526e+07
34 6  7.426766239873526e+07
6 35 -1.126055329949279e+08
35 6 -1.126055329949279e+08
6 36  2.861451766577829e+08
36 6  2.861451766577829e+08
6 37 -1.642354781226278e+05
37 6 -1.642354781226278e+05
6 38 -3.444595309165809e+06
38 6 -3.444595309165809e+06
6 39 -1.756638641392998e+06
39 6 -1.756638641392998e+06
6 40  8.189164329353461e+07
40 6  8.189164329353461e+07
6 41 -1.873596087281353e+08
41 6 -1.873596087281353e+08
6 42  3.610475963430205e+08
42 6  3.610475963430205e+08
7 7  1.000000000000000e+36
7 8 -1.816490642015665e+04
8 7 -1.816490642015665e+04
7 9 -2.942485674033048e+04
9 7 -2.942485674033048e+04
7 10 -5.938611141638999e+04
10 7 -5.938611141638999e+04
7 11 -2.531127126549207e+05
11 7 -2.531127126549207e+05
7 12  5.160007296277735e+05
12 7  5.160007296277735e+05
7 13  1.581099714339620e+05
13 7  1.581099714339620e+05
7 14  5.565980369789962e+02
14 7  5.565980369789962e+02
7 15 -1.548967819708837e+04
15 7 -1.548967819708837e+04
7 16 -2.357360866078364e+05
16 7 -2.357360866078364e+05
7 17 -1.514735707724735e+05
17 7 -1.514735707724735e+05
7 18  1.992442317274285e+05
18 7  1.992442317274285e+05
7 31 -2.574738102392307e+05
31 7 -2.574738102392307e+05
7 32 -2.611219643540516e+04
32 7 -2.611219643540516e+04
7 33  8.544784624073855e+04
33 7  8.544784624073855e+04
7 34  8.287410035452398e+04
34 7  8.287410035452398e+04
7 35 -6.513115511560674e+04
35 7 -6.513115511560674e+04
7 36  1.575640247193751e+05
36 7  1.575640247193751e+05
7 37 -3.932535120501310e+05
37 7 -3.932535120501310e+05
7 38 -3.519040972363806e+03
38 7 -3.519040972363806e+03
7 39  3.500241324530872e+04
39 7  3.500241324530872e+04
7 40 -2.413165179806262e+04
40 7 -2.413165179806262e+04
7 41 -2.601590171437539e+05
41 7 -2.601590171437539e+05
7 42  5.242257302975484e+05
42 7  5.242257302975484e+05
7 43 -2.219591096186606e+05
43 7 -2.219591096186606e+05
7 44  4.624276688917084e+04
44 7  4.624276688917084e+04
7 45 -5.521926605672322e+04
45 7 -5.521926605672322e+04
7 46 -1.216815787896484e+05
46 7 -1.216815787896484e+05
7 47 -1.663036939247005e+05
47 7 -1.663036939247005e+05
7 48  2.176541050800596e+05
48 7  2.176541050800596e+05
8 8  1.000000000000000e+36
8 9 -3.764504497879795e+04
9 8 -3.764504497879795e+04
8 10  3.340839664439005e+05
10 8  3.340839664439005e+05
8 11 -5.133734527793660e+06
11 8 -5.133734527793660e+06
8 12  1.035104751718392e+07
12 8  1.035104751718392e+07
8 13  2.239667774673189e+03
13 8  2.239667774673189e+03
8 14  7.362027394063007e+03
14 8  7.362027394063007e+03
8 15  1.992213127743771e+04
15 8  1.992213127743771e+04
8 16 -3.654061729701279e+06
16 8 -3.654061729701279e+06
8 17 -3.229843138593273e+06
17 8 -3.229843138593273e+06
8 18  4.017810780632675e+06
18 8  4.017810780632675e+06
8 31 -2.574199348422302e+04
31 8 -2.574199348422302e+04
8 32 -7.692690298793533e+04
32 8 -7.692690298793533e+04
8 33  2.674334267209965e+04
33 8  2.674334267209965e+04
8 34  1.940746474580304e+06
34 8  1.940746474580304e+06
8 35 -1.305540242158553e+06
35 8 -1.305540242158553e+06
8 36  3.102731113557493e+06
36 8  3.102731113557493e+06
8 37 -2.908448177391608e+03
37 8 -2.908448177391608e+03
8 38 -8.436294293428434e+04
38 8 -8.436294293428434e+04
8 39 -3.763095607182260e+04
39 8 -3.763095607182260e+04
8 40  6.021395574370974e+05
40 8  6.021395574370974e+05
8 41 -5.195733681303954e+06
41 8 -5.195733681303954e+06
8 42  1.036022546800193e+07
42 8  1.036022546800193e+07
8 43  4.462336853723265e+04
43 8  4.462336853723265e+04
8 44 -7.939197095058615e+04
44 8 -7.939197095058615e+04
8 45  2.609909195595049e+04
45 8  2.609909195595049e+04
8 46 -1.630029636229225e+06
46 8 -1.630029636229225e+06
8 47 -3.416653405975489e+06
47 8 -3.416653405975489e+06
8 48  4.298600909664369e+06
48 8  4.298600909664369e+06
9 9  1.000000000000000e+36
9 10 -6.880425532574453e+05
10 9 -6.880425532574453e+05
9 11 -2.557385387728878e+06
11 9 -2.557385387728878e+06
9 12  5.218973900442824e+06
12 9  5.218973900442824e+06
9 13 -1.646887727367186e+04
13 9 -1.646887727367186e+04
9 14  9.240761988927181e+03
14 9  9.240761988927181e+03
9 15 -2.307363553156069e+03
15 9 -2.307363553156069e+03
9 16 -2.320182072838006e+06
16 9 -2.320182072838006e+06
9 17 -1.575869013251363e+06
17 9 -1.575869013251363e+06
9 18  2.004320993772519e+06
18 9  2.004320993772519e+06
9 31  8.534816445199552e+04
31 9  8.534816445199552e+04
9 32  2.013427071057919e+04
32 9  2.013427071057919e+04
9 33 -1.486325797247618e+05
33 9 -1.486325797247618e+05
9 34  7.436766668524435e+05
34 9  7.436766668524435e+05
9 35 -6.664731858505020e+05
35 9 -6.664731858505020e+05
9 36  1.633076731260891e+06
36 9  1.633076731260891e+06
9 37  3.538614695158089e+04
37 9  3.538614695158089e+04
9 38 -3.747490141280475e+04
38 9 -3.747490141280475e+04
9 39 -4.217958068219036e+04
39 9 -4.217958068219036e+04
9 40 -2.895467503618881e+05
40 9 -2.895467503618881e+05
9 41 -2.624650704276281e+06
41 9 -2.624650704276281e+06
9 42  5.321872398459494e+06
42 9  5.321872398459494e+06
9 43 -5.561064317545027e+04
43 9 -5.561064317545027e+04
9 44  3.672553817075108e+04
44 9  3.672553817075108e+04
9 45 -1.018184982289036e+05
45 9 -1.018184982289036e+05
9 46 -1.179610931756630e+06
46 9 -1.179610931756630e+06
9 47 -1.691701157376701e+06
47 9 -1.691701157376701e+06
9 48  2.202483740115243e+06
48 9  2.202483740115243e+06
10 10  1.000000000000000e+36
10 11 -9.339328429431434e+07
11 10 -9.339328429431434e+07
10 12  4.158408751010923e+07
12 10  4.158408751010923e+07
10 13  2.751310831819819e+05
13 10  2.751310831819819e+05
10 14  4.033868086255711e+06
14 10  4.033868086255711e+06
10 15  2.720627175266069e+06
15 10  2.720627175266069e+06
10 16  7.577522558771423e+08
16 10  7.577522558771423e+08
10 17 -1.022766724354374e+08
17 10 -1.022766724354374e+08
10 18  5.484352920098826e+07
18 10  5.484352920098826e+07
10 31 -1.349279879675649e+05
31 10 -1.349279879675649e+05
10 32 -1.711595456822130e+06
32 10 -1.711595456822130e+06
10 33 -6.362009955948198e+05
33 10 -6.362009955948198e+05
10 34  3.700989319419197e+08
34 10  3.700989319419197e+08
10 35  5.780679455482721e+06
35 10  5.780679455482721e+06
10 36 -8.910597708662158e+07
36 10 -8.910597708662158e+07
10 37 -2.234311192422279e+05
37 10 -2.234311192422279e+05
10 38 -1.431267840070995e+06
38 10 -1.431267840070995e+06
10 39 -1.304030387968851e+06
39 10 -1.304030387968851e+06
10 40  9.444383627270005e+08
40 10  9.444383627270005e+08
10 41 -3.647910071802916e+07
41 10 -3.647910071802916e+07
10 42 -1.143753988028814e+08
42 10 -1.143753988028814e+08
10 43  2.808782966072187e+05
43 10  2.808782966072187e+05
10 44  2.058414080764241e+06
44 10  2.058414080764241e+06
10 45  1.154011053475355e+06
45 10  1.154011053475355e+06
10 46  5.726299549936580e+08
46 10  5.726299549936580e+08
10 47 -6.764681115704076e+07
47 10 -6.764681115704076e+07
10 48 -3.521115691267197e+07
48 10 -3.521115691267197e+07
11 11  1.000000000000000e+36
11 12 -4.990017253083541e+08
12 11 -4.990017253083541e+08
11 13 -1.407517621088477e+05
13 11 -1.407517621088477e+05
11 14 -1.625311887839355e+06
14 11 -1.625311887839355e+06
11 15 -1.404394154876572e+06
15 11 -1.404394154876572e+06
11 16 -2.665969784145338e+07
16 11 -2.665969784145338e+07
11 17  1.836789502665183e+08
17 11  1.836789502665183e+08
11 18 -2.091130429384957e+08
18 11 -2.091130429384957e+08
11 31  1.021585526188535e+05
31 11  1.021585526188535e+05
11 32  2.753771223325805e+06
32 11  2.753771223325805e+06
11 33  1.040638267620155e+06
33 11  1.040638267620155e+06
11 34 -1.647745705529419e+07
34 11 -1.647745705529419e+07
11 35  7.084544067577811e+07
35 11  7.084544067577811e+07
11 36 -1.860342498783363e+08
36 11 -1.860342498783363e+08
11 37  2.778968402555211e+05
37 11  2.778968402555211e+05
11 38  5.230281111704497e+06
38 11  5.230281111704497e+06
11 39  2.664763059440541e+06
39 11  2.664763059440541e+06
11 40 -1.018820130886264e+08
40 11 -1.018820130886264e+08
11 41  2.533044234242407e+08
41 11  2.533044234242407e+08
11 42 -4.900923588909044e+08
42 11 -4.900923588909044e+08
11 43  1.047742601477844e+05
43 11  1.047742601477844e+05
11 44  1.343264262689462e+06
44 11  1.343264262689462e+06
11 45  1.226869594186059e+06
45 11  1.226869594186059e+06
11 46 -7.500081149359144e+07
46 11 -7.500081149359144e+07
11 47  1.830803417898449e+08
47 11  1.830803417898449e+08
11 48 -1.979847636465822e+08
48 11 -1.979847636465822e+08
12 12  1.000000000000000e+36
12 13  2.416414773542102e+05
13 12  2.416414773542102e+05
12 14  2.757479215533171e+06
14 12  2.757479215533171e+06
12 15  2.476755129049702e+06
15 12  2.476755129049702e+06
12 16 -3.928442381859733e+07
16 12 -3.928442381859733e+07
12 17 -3.547729826411137e+08
17 12 -3.547729826411137e+08
12 18  4.114006281774303e+08
18 12  4.114006281774303e+08
12 31 -1.917306764184839e+05
31 12 -1.917306764184839e+05
12 32 -5.338002519054179e+06
32 12 -5.338002519054179e+06
12 33 -2.018142857131535e+06
33 12 -2.018142857131535e+06
12 34  1.525239664988022e+05
34 12  1.525239664988022e+05
12 35 -1.416559680235870e+08
35 12 -1.416559680235870e+08
12 36  3.784995804174615e+08
36 12  3.784995804174615e+08
12 37 -5.240957053188009e+05
37 12 -5.240957053188009e+05
12 38 -1.024126837177087e+07
38 12 -1.024126837177087e+07
12 39 -5.126460043332024e+06
39 12 -5.126460043332024e+06
12 40  1.011184056339852e+08
40 12  1.011184056339852e+08
12 41 -5.026572663464752e+08
41 12 -5.026572663464752e+08
12 42  9.925762793793540e+08
42 12  9.925762793793540e+08
12 43 -2.438532709496357e+05
43 12 -2.438532709496357e+05
12 44 -2.937843685965959e+06
44 12 -2.937843685965959e+06
12 45 -2.594562746585717e+06
45 12 -2.594562746585717e+06
12 46  7.996829820365243e+07
46 12  7.996829820365243e+07
12 47 -3.579496088870605e+08
47 12 -3.579496088870605e+08
12 48  4.003756335220529e+08
48 12  4.003756335220529e+08
13 13  1.000000000000000e+36
13 14 -2.299650848363384e+04
14 13 -2.299650848363384e+04
13 15 -3.132483867129417e+04
15 13 -3.132483867129417e+04
13 16 -6.410717046123126e+04
16 13 -6.410717046123126e+04
13 17 -5.407983307317589e+05
17 13 -5.407983307317589e+05
13 18  6.349496108650025e+05
18 13  6.349496108650025e+05
13 19  1.177725669870242e+05
19 13  1.177725669870242e+05
13 20  1.695912250374976e+03
20 13  1.695912250374976e+03
13 21 -1.286084765679946e+04
21 13 -1.286084765679946e+04
13 22 -3.540491822764797e+05
22 13 -3.540491822764797e+05
13 23 -2.399963296854531e+05
23 13 -2.399963296854531e+05
13 24  2.429314065987583e+05
24 13  2.429314065987583e+05
13 37 -1.962630267306666e+05
37 13 -1.962630267306666e+05
13 38 -3.929003226186985e+04
38 13 -3.929003226186985e+04
13 39  7.396987121170900e+04
39 13  7.396987121170900e+04
13 40  1.689943972474880e+05
40 13  1.689943972474880e+05
13 41 -1.268091544281790e+05
41 13 -1.268091544281790e+05
13 42  2.218776018131714e+05
42 13  2.218776018131714e+05
13 43 -2.763674818318849e+05
43 13 -2.763674818318849e+05
13 44 -5.711700326041708e+03
44 13 -5.711700326041708e+03
13 45  2.723462395730115e+04
45 13  2.723462395730115e+04
13 46 -2.921411414673651e+04
46 13 -2.921411414673651e+04
13 47 -5.462427229609896e+05
47 13 -5.462427229609896e+05
13 48  6.391458396061449e+05
48 13  6.391458396061449e+05
13 49 -1.901154107020445e+05
49 13 -1.901154107020445e+05
13 50  6.406266104649724e+04
50 13  6.406266104649724e+04
13 51 -4.054993156724470e+04
51 13 -4.054993156724470e+04
13 52 -2.130194400967924e+05
52 13 -2.130194400967924e+05
13 53 -2.593833295972333e+05
53 13 -2.593833295972333e+05
13 54  2.668915109026775e+05
54 13  2.668915109026775e+05
14 14  1.000000000000000e+36
14 15 -5.655479103119855e+04
15 14 -5.655479103119855e+04
14 16  9.050722849631566e+05
16 14  9.050722849631566e+05
14 17 -6.373771426586868e+06
17 14 -6.373771426586868e+06
14 18  7.346711135213748e+06
18 14  7.346711135213748e+06
14 19  3.067346832775947e+03
19 14  3.067346832775947e+03
14 20 -2.024876812818845e+04
20 14 -2.024876812818845e+04
14 21  2.567189985537649e+04
21 14  2.567189985537649e+04
14 22 -3.304729576574075e+06
22 14 -3.304729576574075e+06
14 23 -2.915195633630970e+06
23 14 -2.915195633630970e+06
14 24  2.802959741034281e+06
24 14  2.802959741034281e+06
14 37 -3.887776842637602e+04
37 14 -3.887776842637602e+04
14 38 -7.939395792334952e+04
38 14 -7.939395792334952e+04
14 39  4.517756188060462e+04
39 14  4.517756188060462e+04
14 40  2.578079363841014e+06
40 14  2.578079363841014e+06
14 41 -1.451763621779674e+06
41 14 -1.451763621779674e+06
14 42  2.412173895365676e+06
42 14  2.412173895365676e+06
14 43 -4.417045635569547e+03
43 14 -4.417045635569547e+03
14 44 -8.963558220417552e+03
44 14 -8.963558220417552e+03
14 45 -5.926506511854486e+04
45 14 -5.926506511854486e+04
14 46  9.271496362067179e+05
46 14  9.271496362067179e+05
14 47 -6.362545347447965e+06
47 14 -6.362545347447965e+06
14 48  7.225696803738850e+06
48 14  7.225696803738850e+06
14 49  6.266737767582448e+04
49 14  6.266737767582448e+04
14 50 -1.074206790956890e+05
50 14 -1.074206790956890e+05
14 51  3.572963242483512e+04
51 14  3.572963242483512e+04
14 52 -1.826863502917698e+06
52 14 -1.826863502917698e+06
14 53 -3.077517820631714e+06
53 14 -3.077517820631714e+06
14 54  3.027250729707783e+06
54 14  3.027250729707783e+06
15 15  1.000000000000000e+36
15 16 -9.577727688776967e+05
16 15 -9.577727688776967e+05
15 17 -5.479677091991815e+06
17 15 -5.479677091991815e+06
15 18  6.464623579915112e+06
18 15  6.464623579915112e+06
15 19 -1.361458204913332e+04
19 15 -1.361458204913332e+04
15 20  2.086515948881314e+04
20 15  2.086515948881314e+04
15 21 -1.639110685178584e+04
21 15 -1.639110685178584e+04
15 22 -3.830702871943777e+06
22 15 -3.830702871943777e+06
15 23 -2.437057680135992e+06
23 15 -2.437057680135992e+06
15 24  2.441522630856111e+06
24 15  2.441522630856111e+06
15 37  7.356625545253562e+04
37 15  7.356625545253562e+04
15 38  3.430235876828505e+04
38 15  3.430235876828505e+04
15 39 -1.275135580382613e+05
39 15 -1.275135580382613e+05
15 40  1.660902948595906e+06
40 15  1.660902948595906e+06
15 41 -1.290379651092370e+06
41 15 -1.290379651092370e+06
15 42  2.269458293795157e+06
42 15  2.269458293795157e+06
15 43  2.855332745766021e+04
43 15  2.855332745766021e+04
15 44 -5.898736756789510e+04
44 15 -5.898736756789510e+04
15 45 -3.264973248634474e+03
45 15 -3.264973248634474e+03
15 46 -5.343785078084089e+05
46 15 -5.343785078084089e+05
15 47 -5.549992216424265e+06
47 15 -5.549992216424265e+06
15 48  6.551811231834540e+06
48 15  6.551811231834540e+06
15 49 -4.169048399268000e+04
49 15 -4.169048399268000e+04
15 50  4.045250906455774e+04
50 15  4.045250906455774e+04
15 51 -7.857024018831989e+04
51 15 -7.857024018831989e+04
15 52 -2.347584384182587e+06
52 15 -2.347584384182587e+06
15 53 -2.621387308371741e+06
53 15 -2.621387308371741e+06
15 54  2.736007118179351e+06
54 15  2.736007118179351e+06
16 16  1.000000000000000e+36
16 17 -1.378293353134219e+08
17 16 -1.378293353134219e+08
16 18  2.200030083446220e+06
18 16  2.200030083446220e+06
16 19  3.942901312544718e+05
19 16  3.942901312544718e+05
16 20  3.616314559737631e+06
20 16  3.616314559737631e+06
16 21  4.236462129367848e+06
21 16  4.236462129367848e+06
16 22  8.886411637401071e+08
22 16  8.886411637401071e+08
16 23 -1.284470147775205e+08
23 16 -1.284470147775205e+08
16 24  2.787795712318897e+07
24 16  2.787795712318897e+07
16 37 -3.176814460413143e+05
37 16 -3.176814460413143e+05
16 38 -2.438156365857379e+06
38 16 -2.438156365857379e+06
16 39 -1.554943299132328e+06
39 16 -1.554943299132328e+06
16 40  5.542297970713152e+08
40 16  5.542297970713152e+08
16 41  8.649346982921140e+06
41 16  8.649346982921140e+06
16 42 -1.276434401791091e+08
42 16 -1.276434401791091e+08
16 43 -3.059387028528561e+05
43 16 -3.059387028528561e+05
16 44 -5.009958790547901e+05
44 16 -5.009958790547901e+05
16 45 -1.777358148916932e+06
45 16 -1.777358148916932e+06
16 46  1.270133711388741e+09
46 16  1.270133711388741e+09
16 47 -6.270943887572436e+07
47 16 -6.270943887572436e+07
16 48 -1.796880248795168e+08
48 16 -1.796880248795168e+08
16 49  5.291732747087660e+05
49 16  5.291732747087660e+05
16 50  2.071827129912660e+06
50 16  2.071827129912660e+06
16 51  2.373794160397115e+06
51 16  2.373794160397115e+06
16 52  7.136175412850552e+08
52 16  7.136175412850552e+08
16 53 -8.841647741043417e+07
53 16 -8.841647741043417e+07
16 54 -6.545573112842201e+07
54 16 -6.545573112842201e+07
17 17  1.000000000000000e+36
17 18 -7.878145781124083e+08
18 17 -7.878145781124083e+08
17 19 -2.361430394182825e+05
19 17 -2.361430394182825e+05
17 20 -2.037090273878415e+06
20 17 -2.037090273878415e+06
17 21 -2.376139937523569e+06
21 17 -2.376139937523569e+06
17 22 -2.428591825389182e+07
22 17 -2.428591825389182e+07
17 23  3.739648702510365e+08
23 17  3.739648702510365e+08
17 24 -3.181248193748799e+08
24 17 -3.181248193748799e+08
17 37  1.713161517371933e+05
37 17  1.713161517371933e+05
17 38  3.511467313930543e+06
38 17  3.511467313930543e+06
17 39  1.756515145593773e+06
39 17  1.756515145593773e+06
17 40 -2.926510430942491e+07
40 17 -2.926510430942491e+07
17 41  1.802541006162078e+08
41 17  1.802541006162078e+08
17 42 -3.574185704867126e+08
42 17 -3.574185704867126e+08
17 43  5.852421322648386e+05
43 17  5.852421322648386e+05
17 44  6.351767145780594e+06
44 17  6.351767145780594e+06
17 45  5.596770552586969e+06
45 17  5.596770552586969e+06
17 46 -1.507646159337776e+08
46 17 -1.507646159337776e+08
17 47  6.930840239703281e+08
47 17  6.930840239703281e+08
17 48 -7.762360976689526e+08
48 17 -7.762360976689526e+08
17 49  1.718566569204830e+05
49 17  1.718566569204830e+05
17 50  1.777470379347419e+06
50 17  1.777470379347419e+06
17 51  2.078400344586006e+06
51 17  2.078400344586006e+06
17 52 -1.100130812464967e+08
52 17 -1.100130812464967e+08
17 53  3.737733449736242e+08
53 17  3.737733449736242e+08
17 54 -3.016702463978126e+08
54 17 -3.016702463978126e+08
18 18  1.000000000000000e+36
18 19  2.259731197856269e+05
19 18  2.259731197856269e+05
18 20  1.965181712989711e+06
20 18  1.965181712989711e+06
18 21  2.290769635786438e+06
21 18  2.290769635786438e+06
18 22 -6.616151766374950e+07
22 18 -6.616151766374950e+07
18 23 -4.174329962357787e+08
23 18 -4.174329962357787e+08
18 24  3.637260360306134e+08
24 18  3.637260360306134e+08
18 37 -1.707169574710392e+05
37 18 -1.707169574710392e+05
18 38 -3.836795781239586e+06
38 18 -3.836795781239586e+06
18 39 -1.891459427720907e+06
39 18 -1.891459427720907e+06
18 40 -1.233160755976554e+07
40 18 -1.233160755976554e+07
18 41 -2.079725959406515e+08
41 18 -2.079725959406515e+08
18 42  4.215743707996771e+08
42 18  4.215743707996771e+08
18 43 -6.352692283189206e+05
43 18 -6.352692283189206e+05
18 44 -7.224348654155803e+06
44 18 -7.224348654155803e+06
18 45 -6.220793339383415e+06
45 18 -6.220793339383415e+06
18 46  5.215575378305232e+07
46 18  5.215575378305232e+07
18 47 -7.930792521651828e+08
47 18 -7.930792521651828e+08
18 48  9.121247721116676e+08
48 18  9.121247721116676e+08
18 49 -2.541807765880983e+05
49 18 -2.541807765880983e+05
18 50 -2.268559193440744e+06
50 18 -2.268559193440744e+06
18 51 -2.647461442369748e+06
51 18 -2.647461442369748e+06
18 52  5.116469314745072e+07
52 18  5.116469314745072e+07
18 53 -4.216076125983846e+08
53 18 -4.216076125983846e+08
18 54  3.547819103747427e+08
54 18  3.547819103747427e+08
19 19  1.000000000000000e+36
19 20 -2.119497097047130e+04
20 19 -2.119497097047130e+04
19 21 -4.631047553913255e+04
21 19 -4.631047553913255e+04
19 22 -1.302373115910875e+05
22 19 -1.302373115910875e+05
19 23 -9.495284002916962e+05
23 19 -9.495284002916962e+05
19 24  5.057681123107664e+05
24 19  5.057681123107664e+05
19 25  9.843747280459000e+04
25 19  9.843747280459000e+04
19 26  8.440417626198962e+02
26 19  8.440417626198962e+02
19 27 -1.014997921123825e+04
27 19 -1.014997921123825e+04
19 28 -5.348783179454594e+05
28 19 -5.348783179454594e+05
19 29 -4.303595294109907e+05
29 19 -4.303595294109907e+05
19 30  1.747002360401104e+05
30 19  1.747002360401104e+05
19 43 -1.703323251401575e+05
43 19 -1.703323251401575e+05
19 44 -5.530924282776134e+04
44 19 -5.530924282776134e+04
19 45  5.891795875294548e+04
45 19  5.891795875294548e+04
19 46  2.649440363658181e+05
46 19  2.649440363658181e+05
19 47 -2.173638967290385e+05
47 19 -2.173638967290385e+05
19 48  2.001444435961785e+05
48 19  2.001444435961785e+05
19 49 -2.166339737232617e+05
49 19 -2.166339737232617e+05
19 50 -5.045602896299934e+03
50 19 -5.045602896299934e+03
19 51  2.053742086960546e+04
51 19  2.053742086960546e+04
19 52 -7.457399568312540e+04
52 19 -7.457399568312540e+04
19 53 -9.453641571274863e+05
53 19 -9.453641571274863e+05
19 54  4.985904523622583e+05
54 19  4.985904523622583e+05
19 55 -1.719190224825532e+05
55 19 -1.719190224825532e+05
19 56  7.763842809913673e+04
56 19  7.763842809913673e+04
19 57 -9.380342823046816e+03
57 19 -9.380342823046816e+03
19 58 -3.498689073215534e+05
58 19 -3.498689073215534e+05
19 59 -4.449744289333448e+05
59 19 -4.449744289333448e+05
19 60  1.933512522889804e+05
60 19  1.933512522889804e+05
20 20  1.000000000000000e+36
20 21 -5.248827551299566e+04
21 20 -5.248827551299566e+04
20 22  2.199970035599238e+06
22 20  2.199970035599238e+06
20 23 -4.993027398069928e+06
23 20 -4.993027398069928e+06
20 24  3.190912452473289e+06
24 20  3.190912452473289e+06
20 25  1.965534654762307e+03
25 20  1.965534654762307e+03
20 26 -5.466572089076941e+04
26 20 -5.466572089076941e+04
20 27  1.420763079222687e+04
27 20  1.420763079222687e+04
20 28 -1.489879460119308e+06
28 20 -1.489879460119308e+06
20 29 -1.206579603884338e+06
29 20 -1.206579603884338e+06
20 30  4.791143171844638e+05
30 20  4.791143171844638e+05
20 43 -5.579992786146700e+04
43 20 -5.579992786146700e+04
20 44 -1.074220472719795e+05
44 20 -1.074220472719795e+05
20 45  5.234379555887313e+04
45 20  5.234379555887313e+04
20 46  2.450224975880935e+06
46 20  2.450224975880935e+06
20 47 -1.881932070317561e+06
47 20 -1.881932070317561e+06
20 48  1.701747434055760e+06
48 20  1.701747434055760e+06
20 49 -3.778941566199972e+03
49 20 -3.778941566199972e+03
20 50  6.741654135733575e+04
50 20  6.741654135733575e+04
20 51 -5.210522191032619e+04
51 20 -5.210522191032619e+04
20 52  1.550866216097426e+06
52 20  1.550866216097426e+06
20 53 -4.876119358051362e+06
53 20 -4.876119358051362e+06
20 54  2.988101287139107e+06
54 20  2.988101287139107e+06
20 55  7.711239349300096e+04
55 20  7.711239349300096e+04
20 56 -1.416104926271320e+05
56 20 -1.416104926271320e+05
20 57  1.717691158340870e+04
57 20  1.717691158340870e+04
20 58 -9.728936957617439e+05
58 20 -9.728936957617439e+05
20 59 -1.244829767160935e+06
59 20 -1.244829767160935e+06
20 60  5.397374308114435e+05
60 20  5.397374308114435e+05
21 21  1.000000000000000e+36
21 22 -1.089673692999908e+06
22 21 -1.089673692999908e+06
21 23 -9.650850070458639e+06
23 21 -9.650850070458639e+06
21 24  5.126285679219946e+06
24 21  5.126285679219946e+06
21 25 -1.045738587658617e+04
25 21 -1.045738587658617e+04
21 26  1.431846028170850e+04
26 21  1.431846028170850e+04
21 27 -5.162705541710671e+03
27 21 -5.162705541710671e+03
21 28 -5.433936561777366e+06
28 21 -5.433936561777366e+06
21 29 -4.378498056435184e+06
29 21 -4.378498056435184e+06
21 30  1.740991130228842e+06
30 21  1.740991130228842e+06
21 43  5.775428508916098e+04
43 21  5.775428508916098e+04
21 44  4.726727020489782e+04
44 21  4.726727020489782e+04
21 45 -9.835166194047111e+04
45 21 -9.835166194047111e+04
21 46  2.872369428699383e+06
46 21  2.872369428699383e+06
21 47 -2.194511854993236e+06
47 21 -2.194511854993236e+06
21 48  1.981381133207883e+06
48 21  1.981381133207883e+06
21 49  2.321282716779109e+04
49 21  2.321282716779109e+04
21 50 -5.184124394797286e+04
50 21 -5.184124394797286e+04
21 51 -1.199531229819785e+04
51 21 -1.199531229819785e+04
21 52 -5.721067056886470e+05
52 21 -5.721067056886470e+05
21 53 -9.608627113935063e+06
53 21 -9.608627113935063e+06
21 54  5.039034459170510e+06
54 21  5.039034459170510e+06
21 55 -1.133840318443389e+04
55 21 -1.133840318443389e+04
21 56  1.707188911898571e+04
56 21  1.707188911898571e+04
21 57 -5.465559933504219e+04
57 21 -5.465559933504219e+04
21 58 -3.552276873789712e+06
58 21 -3.552276873789712e+06
21 59 -4.517903182414727e+06
59 21 -4.517903182414727e+06
21 60  1.963128412664980e+06
60 21  1.963128412664980e+06
22 22  1.000000000000000e+36
22 23 -1.080308336509053e+08
23 22 -1.080308336509053e+08
22 24 -6.882655452332842e+07
24 22 -6.882655452332842e+07
22 25  5.528484649239841e+05
25 22  5.528484649239841e+05
22 26  1.540108021752827e+06
26 22  1.540108021752827e+06
22 27  5.616204683934893e+06
27 22  5.616204683934893e+06
22 28  9.587607250846096e+08
28 22  9.587607250846096e+08
22 29 -1.129672651410108e+08
29 22 -1.129672651410108e+08
22 30 -6.334747758728542e+07
30 22 -6.334747758728542e+07
22 43 -5.654143028302182e+05
43 22 -5.654143028302182e+05
22 44 -2.383331561753287e+06
44 22 -2.383331561753287e+06
22 45 -2.780201571639847e+06
45 22 -2.780201571639847e+06
22 46  6.952862057289413e+08
46 22  6.952862057289413e+08
22 47  1.651847240319849e+07
47 22  1.651847240319849e+07
22 48 -1.574973135647228e+08
48 22 -1.574973135647228e+08
22 49 -2.745025488087124e+05
49 22 -2.745025488087124e+05
22 50  9.381219268933164e+05
50 22  9.381219268933164e+05
22 51 -1.521316521537866e+06
51 22 -1.521316521537866e+06
22 52  1.485253421378731e+09
52 22  1.485253421378731e+09
22 53 -4.358954531437367e+07
53 22 -4.358954531437367e+07
22 54 -2.281336537856303e+08
54 22 -2.281336537856303e+08
22 55  7.713548805825135e+05
55 22  7.713548805825135e+05
22 56  1.009861154081980e+06
56 22  1.009861154081980e+06
22 57  3.605689974186503e+06
57 22  3.605689974186503e+06
22 58  7.828826115103526e+08
58 22  7.828826115103526e+08
22 59 -8.915298526386672e+07
59 22 -8.915298526386672e+07
22 60 -1.309723840701899e+08
60 22 -1.309723840701899e+08
23 23  1.000000000000000e+36
23 24 -7.094429297987391e+08
24 23 -7.094429297987391e+08
23 25 -4.296324346458078e+05
25 23 -4.296324346458078e+05
23 26 -1.199475350281615e+06
26 23 -1.199475350281615e+06
23 27 -4.353659023285837e+06
27 23 -4.353659023285837e+06
23 28  2.824041217958593e+07
28 23  2.824041217958593e+07
23 29  7.599277396346945e+08
29 23  7.599277396346945e+08
23 30 -2.120864563598296e+08
30 23 -2.120864563598296e+08
23 43  2.642606433562801e+05
43 23  2.642606433562801e+05
23 44  3.173994695031543e+06
44 23  3.173994695031543e+06
23 45  2.741329307018344e+06
45 23  2.741329307018344e+06
23 46 -2.762526554266217e+07
46 23 -2.762526554266217e+07
23 47  3.694950958722829e+08
47 23  3.694950958722829e+08
23 48 -4.243897809395046e+08
48 23 -4.243897809395046e+08
23 49  9.969646580776975e+05
49 23  9.969646580776975e+05
23 50  4.798733579106365e+06
50 23  4.798733579106365e+06
23 51  9.572344793428546e+06
51 23  9.572344793428546e+06
23 52 -1.475219476536307e+08
52 23 -1.475219476536307e+08
23 53  1.403603420323637e+09
53 23  1.403603420323637e+09
23 54 -6.953713450193923e+08
54 23 -6.953713450193923e+08
23 55  3.579318631889795e+05
55 23  3.579318631889795e+05
23 56  1.134970107844603e+06
56 23  1.134970107844603e+06
23 57  4.127892673433579e+06
57 23  4.127892673433579e+06
23 58 -1.118950688602951e+08
58 23 -1.118950688602951e+08
23 59  7.604207689108387e+08
59 23  7.604207689108387e+08
23 60 -1.892570944952615e+08
60 23 -1.892570944952615e+08
24 24  1.000000000000000e+36
24 25  6.059301303463632e+04
25 24  6.059301303463632e+04
24 26  1.786288401315481e+05
26 24  1.786288401315481e+05
24 27  6.461010609769756e+05
27 24  6.461010609769756e+05
24 28 -1.022398457183014e+08
28 24 -1.022398457183014e+08
24 29 -1.981740067508556e+08
29 24 -1.981740067508556e+08
24 30  6.465548403626155e+07
30 24  6.465548403626155e+07
24 43 -1.741118847274512e+05
43 24 -1.741118847274512e+05
24 44 -2.498764409603959e+06
44 24 -2.498764409603959e+06
24 45 -2.091411638124578e+06
45 24 -2.091411638124578e+06
24 46 -4.061494387675922e+07
46 24 -4.061494387675922e+07
24 47 -3.180714742519988e+08
47 24 -3.180714742519988e+08
24 48  3.781329717363980e+08
48 24  3.781329717363980e+08
24 49 -4.605990823050541e+05
49 24 -4.605990823050541e+05
24 50 -3.261639161246037e+06
50 24 -3.261639161246037e+06
24 51 -4.630315905241461e+06
51 24 -4.630315905241461e+06
24 52 -8.174072635947457e+07
52 24 -8.174072635947457e+07
24 53 -7.136736414848459e+08
53 24 -7.136736414848459e+08
24 54  4.960719403179748e+08
54 24  4.960719403179748e+08
24 55 -1.745815649116557e+05
55 24 -1.745815649116557e+05
24 56 -4.120974627891216e+05
56 24 -4.120974627891216e+05
24 57 -1.492181827686995e+06
57 24 -1.492181827686995e+06
24 58 -4.631471967607521e+07
58 24 -4.631471967607521e+07
24 59 -2.006570711783482e+08
59 24 -2.006570711783482e+08
24 60  6.503068948530037e+07
60 24  6.503068948530037e+07
25 25  1.000000000000000e+36
25 26  7.330304608545320e+04
26 25  7.330304608545320e+04
25 27 -2.925648943376568e+04
27 25 -2.925648943376568e+04
25 28  5.574969566591181e+05
28 25  5.574969566591181e+05
25 29 -6.033761200270077e+05
29 25 -6.033761200270077e+05
25 30  1.077897237514626e+05
30 25  1.077897237514626e+05
25 49 -1.638762507808894e+05
49 25 -1.638762507808894e+05
25 50 -7.281606265653872e+04
50 25 -7.281606265653872e+04
25 51  3.106720382748595e+04
51 25  3.106720382748595e+04
25 52  3.780600474416527e+05
52 25  3.780600474416527e+05
25 53 -4.151972965818719e+05
53 25 -4.151972965818719e+05
25 54  4.027542570247896e+04
54 25  4.027542570247896e+04
25 55 -9.862210843394554e+04
55 25 -9.862210843394554e+04
25 56 -2.452518083676771e+03
56 25 -2.452518083676771e+03
25 57  8.646671482865902e+03
57 25  8.646671482865902e+03
25 58  3.827085396167667e+05
58 25  3.827085396167667e+05
25 59 -5.889409819520091e+05
59 25 -5.889409819520091e+05
25 60  8.747213637293868e+04
60 25  8.747213637293868e+04
26 26  1.000000000000000e+36
26 27 -2.694597288548615e+04
27 26 -2.694597288548615e+04
26 28  1.553468725125505e+06
28 26  1.553468725125505e+06
26 29 -1.683265040291097e+06
29 26 -1.683265040291097e+06
26 30  3.142817116494693e+05
30 26  3.142817116494693e+05
26 49 -7.334959617437667e+04
49 26 -7.334959617437667e+04
26 50 -1.416105885350829e+05
50 26 -1.416105885350829e+05
26 51  3.199615617739133e+04
51 26  3.199615617739133e+04
26 52  1.051755556800616e+06
52 26  1.051755556800616e+06
26 53 -1.161587356942161e+06
53 26 -1.161587356942161e+06
26 54  1.138578879023361e+05
54 26  1.138578879023361e+05
26 55 -7.974916736964220e+02
55 26 -7.974916736964220e+02
26 56  5.310278511790712e+04
56 26  5.310278511790712e+04
26 57 -1.936864357361368e+04
57 26 -1.936864357361368e+04
26 58  1.065116260184357e+06
58 26  1.065116260184357e+06
26 59 -1.645377047365402e+06
59 26 -1.645377047365402e+06
26 60  2.495107595325793e+05
60 26  2.495107595325793e+05
27 27  1.000000000000000e+36
27 28  5.663494136348283e+06
28 27  5.663494136348283e+06
27 29 -6.117449269599443e+06
29 27 -6.117449269599443e+06
27 30  1.126236669014912e+06
30 27  1.126236669014912e+06
27 49  2.908165268784165e+04
49 27  2.908165268784165e+04
27 50  3.189039496572309e+04
50 27  3.189039496572309e+04
27 51 -6.269692687560257e+04
51 27 -6.269692687560257e+04
27 52  3.838506874535812e+06
52 27  3.838506874535812e+06
27 53 -4.215563893080222e+06
53 27 -4.215563893080222e+06
27 54  4.089221074411761e+05
54 27  4.089221074411761e+05
27 55  1.032481595716229e+04
55 27  1.032481595716229e+04
27 56 -1.915205287246380e+04
56 27 -1.915205287246380e+04
27 57 -1.342362829707173e+04
57 27 -1.342362829707173e+04
27 58  3.885796326902837e+06
58 27  3.885796326902837e+06
27 59 -5.979354139281509e+06
59 27 -5.979354139281509e+06
27 60  8.890577154528926e+05
60 27  8.890577154528926e+05
28 28  1.000000000000000e+36
28 29 -1.177242074097602e+08
29 28 -1.177242074097602e+08
28 30 -6.224993856395863e+07
30 28 -6.224993856395863e+07
28 49 -7.873429031530898e+05
49 28 -7.873429031530898e+05
28 50 -1.060064858791158e+06
50 28 -1.060064858791158e+06
28 51 -3.788258078613778e+06
51 28 -3.788258078613778e+06
28 52  7.753222129933900e+08
52 28  7.753222129933900e+08
28 53  5.259801383913802e+07
53 28  5.259801383913802e+07
28 54 -1.688934638465143e+08
54 28 -1.688934638465143e+08
28 55  7.647242644394311e+05
55 28  7.647242644394311e+05
28 56  9.964755937849613e+05
56 28  9.964755937849613e+05
28 57  3.558700504042861e+06
57 28  3.558700504042861e+06
28 58  7.798453875675951e+08
58 28  7.798453875675951e+08
28 59 -9.342605878066044e+07
59 28 -9.342605878066044e+07
28 60 -1.291204594647880e+08
60 28 -1.291204594647880e+08
29 29  1.000000000000000e+36
29 30 -2.441753246869035e+08
30 29 -2.441753246869035e+08
29 49  4.290055860443562e+05
49 29  4.290055860443562e+05
29 50  1.270159643827185e+06
50 29  1.270159643827185e+06
29 51  4.615358932434626e+06
51 29  4.615358932434626e+06
29 52  2.786008040128636e+07
52 29  2.786008040128636e+07
29 53  7.568727444485126e+08
53 29  7.568727444485126e+08
29 54 -2.160240067285149e+08
54 29 -2.160240067285149e+08
29 55  6.047300633936421e+05
55 29  6.047300633936421e+05
29 56  1.619685000348250e+06
56 29  1.619685000348250e+06
29 57  5.880588393600002e+06
57 29  5.880588393600002e+06
29 58  2.304368510208460e+07
58 29  2.304368510208460e+07
29 59  9.278064424021273e+08
59 29  9.278064424021273e+08
29 60 -2.626289607300803e+08
60 29 -2.626289607300803e+08
30 30  1.000000000000000e+36
30 49 -4.058684895904167e+04
49 30 -4.058684895904167e+04
30 50 -2.453933180263240e+05
50 30 -2.453933180263240e+05
30 51 -8.979561331013134e+05
51 30 -8.979561331013134e+05
30 52 -8.406154276191802e+07
52 30 -8.406154276191802e+07
30 53 -2.136458156356061e+08
53 30 -2.136458156356061e+08
30 54  7.613911481769849e+07
54 30  7.613911481769849e+07
30 55 -2.419031108325313e+05
55 30 -2.419031108325313e+05
30 56 -5.480027108076091e+05
56 30 -5.480027108076091e+05
