1 1  1.221291308346633e+05
1 2 -1.024772171896334e+04
2 1 -1.024772171896334e+04
1 3 -5.833949047023027e+04
3 1 -5.833949047023027e+04
1 4  1.773910997566224e+06
4 1  1.773910997566224e+06
1 5 -6.226112557484676e+05
5 1 -6.226112557484676e+05
1 6  1.272909645250371e+06
6 1  1.272909645250371e+06
1 7  3.619672269808454e+04
7 1  3.619672269808454e+04
1 8  2.511422725507617e+03
8 1  2.511422725507617e+03
1 9  2.031644841126982e+04
9 1  2.031644841126982e+04
1 10  2.043436093259791e+06
10 1  2.043436093259791e+06
1 11 -9.704912152412984e+05
11 1 -9.704912152412984e+05
1 12  1.246364228791694e+06
12 1  1.246364228791694e+06
1 31 -3.825035941580466e+04
31 1 -3.825035941580466e+04
1 32 -1.347185315096748e+04
32 1 -1.347185315096748e+04
1 33 -2.019414270944051e+04
33 1 -2.019414270944051e+04
1 34  1.841602653311794e+06
34 1  1.841602653311794e+06
1 35 -6.759611008023312e+05
35 1 -6.759611008023312e+05
1 36  2.694285948490524e+05
36 1  2.694285948490524e+05
1 37 -1.200754941169432e+05
37 1 -1.200754941169432e+05
1 38  2.120815214442320e+04
38 1  2.120815214442320e+04
1 39  5.821718476840096e+04
39 1  5.821718476840096e+04
1 40  2.111127748697647e+06
40 1  2.111127748697647e+06
1 41 -1.023841060175864e+06
41 1 -1.023841060175864e+06
1 42  2.428831784561326e+05
42 1  2.428831784561326e+05
2 2  1.062406228344669e+05
2 3  2.897458001985168e+04
3 2  2.897458001985168e+04
2 4  4.700193466389494e+06
4 2  4.700193466389494e+06
2 5 -1.628587648560451e+06
5 2 -1.628587648560451e+06
2 6  3.353272019010289e+06
6 2  3.353272019010289e+06
2 7  9.019369440350214e+03
7 2  9.019369440350214e+03
2 8  3.764005499632187e+04
8 2  3.764005499632187e+04
2 9 -9.967690667809405e+02
9 2 -9.967690667809405e+02
2 10  5.408586272591696e+06
10 2  5.408586272591696e+06
2 11 -2.568269655452782e+06
11 2 -2.568269655452782e+06
2 12  3.283502711148010e+06
12 2  3.283502711148010e+06
2 31 -1.347534879230397e+04
31 2 -1.347534879230397e+04
2 32 -6.695556355164708e+04
32 2 -6.695556355164708e+04
2 33  1.309313631827731e+03
33 2  1.309313631827731e+03
2 34  4.877346632010285e+06
34 2  4.877346632010285e+06
2 35 -1.770160098886696e+06
35 2 -1.770160098886696e+06
2 36  7.032224810434697e+05
36 2  7.032224810434697e+05
2 37  1.470370107091710e+04
37 2  1.470370107091710e+04
2 38 -7.692511427914171e+04
38 2 -7.692511427914171e+04
2 39 -2.928712458489847e+04
39 2 -2.928712458489847e+04
2 40  5.585739438331785e+06
40 2  5.585739438331785e+06
2 41 -2.709842105824764e+06
41 2 -2.709842105824764e+06
2 42  6.334531731694406e+05
42 2  6.334531731694406e+05
3 3  2.863682322174641e+05
3 4 -1.774214319545415e+05
4 3 -1.774214319545415e+05
3 5  5.822991946378948e+04
5 3  5.822991946378948e+04
3 6 -1.406886221605226e+05
6 3 -1.406886221605226e+05
3 7  1.922992501847344e+04
7 3  1.922992501847344e+04
3 8  4.770099450325597e+01
8 3  4.770099450325597e+01
3 9  2.346415053717825e+05
9 3  2.346415053717825e+05
3 10 -2.020373948470712e+05
10 3 -2.020373948470712e+05
3 11  9.096516106364613e+04
11 3  9.096516106364613e+04
3 12 -1.382642100113381e+05
12 3 -1.382642100113381e+05
3 31 -1.903653020823841e+04
31 3 -1.903653020823841e+04
3 32  1.088421207910016e+03
32 3  1.088421207910016e+03
3 33 -2.349760570371408e+05
33 3 -2.349760570371408e+05
3 34 -1.844332879985001e+05
34 3 -1.844332879985001e+05
3 35  6.768928797865591e+04
35 3  6.768928797865591e+04
3 36 -3.618722179120602e+04
36 3 -3.618722179120602e+04
3 37  5.814609565999523e+04
37 3  5.814609565999523e+04
3 38 -3.011070222226495e+04
38 3 -3.011070222226495e+04
3 39 -2.860336805521058e+05
39 3 -2.860336805521058e+05
3 40 -2.090492508252730e+05
40 3 -2.090492508252730e+05
3 41  1.004245295667627e+05
41 3  1.004245295667627e+05
3 42 -3.376280928857071e+04
42 3 -3.376280928857071e+04
4 4  2.976207759641121e+08
4 5 -1.102852702647403e+08
5 4 -1.102852702647403e+08
4 6  3.089438586072327e+07
6 4  3.089438586072327e+07
4 7  1.728341844166749e+06
7 4  1.728341844166749e+06
4 8  3.374344368943634e+06
8 4  3.374344368943634e+06
4 9 -1.677491378858999e+05
9 4 -1.677491378858999e+05
4 10  3.722268831314064e+08
10 4  3.722268831314064e+08
4 11 -1.856420489582969e+08
11 4 -1.856420489582969e+08
4 12  2.329294527312636e+07
12 4  2.329294527312636e+07
4 31 -1.745612916542172e+06
31 4 -1.745612916542172e+06
4 32 -4.629940315079218e+06
32 4 -4.629940315079218e+06
4 33  1.809347861694267e+05
33 4  1.809347861694267e+05
4 34  2.861453503162699e+08
34 4  2.861453503162699e+08
4 35 -1.126055964177613e+08
35 4 -1.126055964177613e+08
4 36 -7.426758438121888e+07
36 4 -7.426758438121888e+07
4 37 -1.756639925190801e+06
37 4 -1.756639925190801e+06
4 38 -3.444597520253910e+06
38 4 -3.444597520253910e+06
4 39  1.642357836710147e+05
39 4  1.642357836710147e+05
4 40  3.610474677948569e+08
40 4  3.610474677948569e+08
4 41 -1.873595610299605e+08
41 4 -1.873595610299605e+08
4 42 -8.189156870247924e+07
42 4 -8.189156870247924e+07
5 5  4.407109121691245e+07
5 6  1.337749764607960e+07
6 5  1.337749764607960e+07
5 7 -7.150403704774674e+05
7 5 -7.150403704774674e+05
5 8 -1.430351827425603e+06
8 5 -1.430351827425603e+06
5 9  7.291507295055686e+04
9 5  7.291507295055686e+04
5 10 -1.430037631920569e+08
10 5 -1.430037631920569e+08
5 11  7.245446466673289e+07
11 5  7.245446466673289e+07
5 12  1.668352620703959e+07
12 5  1.668352620703959e+07
5 31  6.916063227411688e+05
31 5  6.916063227411688e+05
5 32  1.814231171507639e+06
32 5  1.814231171507639e+06
5 33 -7.396314491564535e+04
33 5 -7.396314491564535e+04
5 34 -1.038158781574529e+08
34 5 -1.038158781574529e+08
5 35  4.212895726691790e+07
35 5  4.212895726691790e+07
5 36  4.406843849435934e+07
36 5  4.406843849435934e+07
5 37  6.460453034847661e+05
37 5  6.460453034847661e+05
5 38  1.244708304478414e+06
38 5  1.244708304478414e+06
5 39 -5.718184749870098e+04
39 5 -5.718184749870098e+04
5 40 -1.359315570034120e+08
40 5 -1.359315570034120e+08
5 41  7.216704717740238e+07
41 5  7.216704717740238e+07
5 42  4.731509494533556e+07
42 5  4.731509494533556e+07
6 6  5.911806237928373e+08
6 7 -1.485751656397511e+06
7 6 -1.485751656397511e+06
6 8 -3.696722047562025e+06
8 6 -3.696722047562025e+06
6 9  1.616741989903321e+05
9 6  1.616741989903321e+05
6 10 -5.977911951717531e+07
10 6 -5.977911951717531e+07
6 11  5.650970499289545e+07
11 6  5.650970499289545e+07
6 12  5.997723598873437e+08
12 6  5.997723598873437e+08
6 31  6.093589122539136e+05
31 6  6.093589122539136e+05
6 32  1.641856681094222e+06
32 6  1.641856681094222e+06
6 33 -1.338646346552074e+05
33 6 -1.338646346552074e+05
6 34  9.801271537066966e+07
34 6  9.801271537066966e+07
6 35 -8.558244047082963e+06
35 6 -8.558244047082963e+06
6 36  3.777129648033356e+08
36 6  3.777129648033356e+08
6 37 -3.965169011067735e+05
37 6 -3.965169011067735e+05
6 38 -1.298406652542487e+06
38 6 -1.298406652542487e+06
6 39  1.128790578253979e+05
39 6  1.128790578253979e+05
6 40  7.316666259107600e+06
40 6  7.316666259107600e+06
6 41  3.451459118974911e+07
41 6  3.451459118974911e+07
6 42  3.863740416133365e+08
42 6  3.863740416133365e+08
7 7  2.587413567820718e+05
7 8 -3.764500398239337e+04
8 7 -3.764500398239337e+04
7 9  2.942485334308975e+04
9 7  2.942485334308975e+04
7 10  5.218972683662491e+06
10 7  5.218972683662491e+06
7 11 -2.557385576124369e+06
11 7 -2.557385576124369e+06
7 12  6.880412191811651e+05
12 7  6.880412191811651e+05
7 13 -2.307276881640010e+03
13 7 -2.307276881640010e+03
7 14  9.240730238802196e+03
14 7  9.240730238802196e+03
7 15  1.646887171886294e+04
15 7  1.646887171886294e+04
7 16  2.004320833419193e+06
16 7  2.004320833419193e+06
7 17 -1.575869141222779e+06
17 7 -1.575869141222779e+06
7 18  2.320181372314803e+06
18 7  2.320181372314803e+06
7 31 -1.486325655767006e+05
31 7 -1.486325655767006e+05
7 32  2.013425557673421e+04
32 7  2.013425557673421e+04
7 33 -8.534815626071878e+04
33 7 -8.534815626071878e+04
7 34  1.633078243297289e+06
34 7  1.633078243297289e+06
7 35 -6.664736788951338e+05
35 7 -6.664736788951338e+05
7 36 -7.436752979617220e+05
36 7 -7.436752979617220e+05
7 37 -4.217974657745511e+04
37 7 -4.217974657745511e+04
7 38 -3.747487930790499e+04
38 7 -3.747487930790499e+04
7 39 -3.538612428477610e+04
39 7 -3.538612428477610e+04
7 40  5.321871423574952e+06
40 7  5.321871423574952e+06
7 41 -2.624650714444711e+06
41 7 -2.624650714444711e+06
7 42  2.895465215021492e+05
42 7  2.895465215021492e+05
7 43 -1.018184904443606e+05
43 7 -1.018184904443606e+05
7 44  3.672552803441173e+04
44 7  3.672552803441173e+04
7 45  5.561063046506875e+04
45 7  5.561063046506875e+04
7 46  2.202483173756918e+06
46 7  2.202483173756918e+06
7 47 -1.691700970889066e+06
47 7 -1.691700970889066e+06
7 48  1.179610316301486e+06
48 7  1.179610316301486e+06
8 8  1.956798088856867e+05
8 9  1.816490084368197e+04
9 8  1.816490084368197e+04
8 10  1.035104358406107e+07
10 8  1.035104358406107e+07
8 11 -5.133734075024769e+06
11 8 -5.133734075024769e+06
8 12 -3.340871465945956e+05
12 8 -3.340871465945956e+05
8 13  1.992210633693541e+04
13 8  1.992210633693541e+04
8 14  7.362095380754330e+03
14 8  7.362095380754330e+03
8 15 -2.239665016418525e+03
15 8 -2.239665016418525e+03
8 16  4.017810079907254e+06
16 8  4.017810079907254e+06
8 17 -3.229843001480824e+06
17 8 -3.229843001480824e+06
8 18  3.654059548186007e+06
18 8  3.654059548186007e+06
8 31  2.674333223984576e+04
31 8  2.674333223984576e+04
8 32 -7.692690502468396e+04
32 8 -7.692690502468396e+04
8 33  2.574198116085199e+04
33 8  2.574198116085199e+04
8 34  3.102733798338969e+06
34 8  3.102733798338969e+06
8 35 -1.305541078441507e+06
35 8 -1.305541078441507e+06
8 36 -1.940743360562373e+06
36 8 -1.940743360562373e+06
8 37 -3.763093462450791e+04
37 8 -3.763093462450791e+04
8 38 -8.436307423150577e+04
38 8 -8.436307423150577e+04
8 39  2.908448557888034e+03
39 8  2.908448557888034e+03
8 40  1.036022236739131e+07
40 8  1.036022236739131e+07
8 41 -5.195733018089570e+06
41 8 -5.195733018089570e+06
8 42 -6.021400074489538e+05
42 8 -6.021400074489538e+05
8 43  2.609907730461248e+04
43 8  2.609907730461248e+04
8 44 -7.939198000657315e+04
44 8 -7.939198000657315e+04
8 45 -4.462336654050673e+04
45 8 -4.462336654050673e+04
8 46  4.298599434078553e+06
46 8  4.298599434078553e+06
8 47 -3.416652693661749e+06
47 8 -3.416652693661749e+06
8 48  1.630028000308715e+06
48 8  1.630028000308715e+06
9 9  4.799353037753762e+05
9 10 -5.160010013851789e+05
10 9 -5.160010013851789e+05
9 11  2.531129602482484e+05
11 9  2.531129602482484e+05
9 12 -5.938541631671600e+04
12 9 -5.938541631671600e+04
9 13  1.548966691820223e+04
13 9  1.548966691820223e+04
9 14 -5.566050962887189e+02
14 9 -5.566050962887189e+02
9 15  1.581101403008099e+05
15 9  1.581101403008099e+05
9 16 -1.992444078442988e+05
16 9 -1.992444078442988e+05
9 17  1.514737846513468e+05
17 9  1.514737846513468e+05
9 18 -2.357355435933632e+05
18 9 -2.357355435933632e+05
9 31 -8.544783689282986e+04
31 9 -8.544783689282986e+04
9 32  2.611218750433635e+04
32 9  2.611218750433635e+04
9 33 -2.574739163492102e+05
33 9 -2.574739163492102e+05
9 34 -1.575643328697740e+05
34 9 -1.575643328697740e+05
9 35  6.513126563324781e+04
35 9  6.513126563324781e+04
9 36  8.287399589528503e+04
36 9  8.287399589528503e+04
9 37 -3.500239119389322e+04
37 9 -3.500239119389322e+04
9 38  3.519039870849777e+03
38 9  3.519039870849777e+03
9 39 -3.932538288771831e+05
39 9 -3.932538288771831e+05
9 40 -5.242259660619096e+05
40 9 -5.242259660619096e+05
9 41  2.601592234317616e+05
41 9  2.601592234317616e+05
9 42 -2.413119364443219e+04
42 9 -2.413119364443219e+04
9 43  5.521925941416129e+04
43 9  5.521925941416129e+04
9 44 -4.624275405579845e+04
44 9 -4.624275405579845e+04
9 45 -2.219592042215752e+05
45 9 -2.219592042215752e+05
9 46 -2.176541774356687e+05
46 9 -2.176541774356687e+05
9 47  1.663038551288868e+05
47 9  1.663038551288868e+05
9 48 -1.216811172498102e+05
48 9 -1.216811172498102e+05
10 10  9.983561342796271e+08
10 11 -4.990012116279812e+08
11 10 -4.990012116279812e+08
10 12 -4.158404192580260e+07
12 10 -4.158404192580260e+07
10 13  2.476755189821702e+06
13 10  2.476755189821702e+06
10 14  2.757479550109538e+06
14 10  2.757479550109538e+06
10 15 -2.416405371151682e+05
15 10 -2.416405371151682e+05
10 16  4.114002272314341e+08
16 10  4.114002272314341e+08
10 17 -3.547726197337786e+08
17 10 -3.547726197337786e+08
10 18  3.928449522139302e+07
18 10  3.928449522139302e+07
10 31 -2.018141717409080e+06
31 10 -2.018141717409080e+06
10 32 -5.337999323609438e+06
32 10 -5.337999323609438e+06
10 33  1.917305262780181e+05
33 10  1.917305262780181e+05
10 34  3.784994505568911e+08
34 10  3.784994505568911e+08
10 35 -1.416559090714115e+08
35 10 -1.416559090714115e+08
10 36 -1.523295716132652e+05
36 10 -1.523295716132652e+05
10 37 -5.126459750513470e+06
37 10 -5.126459750513470e+06
10 38 -1.024126667459853e+07
38 10 -1.024126667459853e+07
10 39  5.240961437661755e+05
39 10  5.240961437661755e+05
10 40  9.925751205491829e+08
40 10  9.925751205491829e+08
10 41 -5.026567372062766e+08
41 10 -5.026567372062766e+08
10 42 -1.011182274753896e+08
42 10 -1.011182274753896e+08
10 43 -2.594562498821433e+06
43 10 -2.594562498821433e+06
10 44 -2.937843408554330e+06
44 10 -2.937843408554330e+06
10 45  2.438522633032246e+05
45 10  2.438522633032246e+05
10 46  4.003752374978156e+08
46 10  4.003752374978156e+08
10 47 -3.579492306766077e+08
47 10 -3.579492306766077e+08
10 48 -7.996813746176291e+07
48 10 -7.996813746176291e+07
11 11  2.594477222594147e+08
11 12  9.339314020693433e+07
12 11  9.339314020693433e+07
11 13 -1.404394046669997e+06
13 11 -1.404394046669997e+06
11 14 -1.625311671761389e+06
14 11 -1.625311671761389e+06
11 15  1.407512372846537e+05
15 11  1.407512372846537e+05
11 16 -2.091128755310392e+08
16 11 -2.091128755310392e+08
11 17  1.836787813485153e+08
17 11  1.836787813485153e+08
11 18  2.665951836989029e+07
18 11  2.665951836989029e+07
11 31  1.040637819045025e+06
31 11  1.040637819045025e+06
11 32  2.753769940231374e+06
32 11  2.753769940231374e+06
11 33 -1.021584899639852e+05
33 11 -1.021584899639852e+05
11 34 -1.860342145503820e+08
34 11 -1.860342145503820e+08
11 35  7.084542231423007e+07
35 11  7.084542231423007e+07
11 36  1.647735744942186e+07
36 11  1.647735744942186e+07
11 37  2.664763039862886e+06
37 11  2.664763039862886e+06
11 38  5.230280612040153e+06
38 11  5.230280612040153e+06
11 39 -2.778970248243261e+05
39 11 -2.778970248243261e+05
11 40 -4.900918897304227e+08
40 11 -4.900918897304227e+08
11 41  2.533042002343581e+08
41 11  2.533042002343581e+08
11 42  1.018818257375940e+08
42 11  1.018818257375940e+08
11 43  1.226869979127753e+06
43 11  1.226869979127753e+06
11 44  1.343264849967413e+06
44 11  1.343264849967413e+06
11 45 -1.047738438082369e+05
45 11 -1.047738438082369e+05
11 46 -1.979846192852839e+08
46 11 -1.979846192852839e+08
11 47  1.830801761760276e+08
47 11  1.830801761760276e+08
11 48  7.500063059891509e+07
48 11  7.500063059891509e+07
12 12  1.359340251225286e+09
12 13 -2.720626714391150e+06
13 12 -2.720626714391150e+06
12 14 -4.033865703687961e+06
14 12 -4.033865703687961e+06
12 15  2.751303734508508e+05
15 12  2.751303734508508e+05
12 16 -5.484362374545602e+07
16 12 -5.484362374545602e+07
12 17  1.022765957797527e+08
17 12  1.022765957797527e+08
12 18  7.577513773594546e+08
18 12  7.577513773594546e+08
12 31  6.362001680245855e+05
31 12  6.362001680245855e+05
12 32  1.711593112732734e+06
32 12  1.711593112732734e+06
12 33 -1.349278730384759e+05
33 12 -1.349278730384759e+05
12 34  8.910581972108251e+07
34 12  8.910581972108251e+07
12 35 -5.780640905295437e+06
35 12 -5.780640905295437e+06
12 36  3.700985956383736e+08
36 12  3.700985956383736e+08
12 37  1.304029450442924e+06
37 12  1.304029450442924e+06
12 38  1.431267006678224e+06
38 12  1.431267006678224e+06
12 39 -2.234305906299259e+05
39 12 -2.234305906299259e+05
12 40  1.143749915041749e+08
40 12  1.143749915041749e+08
12 41  3.647914413959152e+07
41 12  3.647914413959152e+07
12 42  9.444373805840418e+08
42 12  9.444373805840418e+08
12 43 -1.154008352049218e+06
43 12 -1.154008352049218e+06
12 44 -2.058409980276412e+06
44 12 -2.058409980276412e+06
12 45  2.808777165456049e+05
45 12  2.808777165456049e+05
12 46  3.521087804855851e+07
46 12  3.521087804855851e+07
12 47  6.764684597963652e+07
47 12  6.764684597963652e+07
12 48  5.726292778878151e+08
48 12  5.726292778878151e+08
13 13  2.280472450836128e+05
13 14 -5.655475121774130e+04
14 13 -5.655475121774130e+04
13 15  3.132485253138589e+04
15 13  3.132485253138589e+04
13 16  6.464623364093132e+06
16 13  6.464623364093132e+06
13 17 -5.479676922106415e+06
17 13 -5.479676922106415e+06
13 18  9.577724516659677e+05
18 13  9.577724516659677e+05
13 19 -1.639101175488444e+04
19 13 -1.639101175488444e+04
13 20  2.086511770652280e+04
20 13  2.086511770652280e+04
13 21  1.361457392759947e+04
21 13  1.361457392759947e+04
13 22  2.441523149990785e+06
22 13  2.441523149990785e+06
13 23 -2.437058666309054e+06
23 13 -2.437058666309054e+06
13 24  3.830699262570031e+06
24 13  3.830699262570031e+06
13 37 -1.275135474498882e+05
37 13 -1.275135474498882e+05
13 38  3.430234652089246e+04
38 13  3.430234652089246e+04
13 39 -7.356626079928358e+04
39 13 -7.356626079928358e+04
13 40  2.269458643633511e+06
40 13  2.269458643633511e+06
13 41 -1.290379819778930e+06
41 13 -1.290379819778930e+06
13 42 -1.660902572094955e+06
42 13 -1.660902572094955e+06
13 43 -3.265162263013961e+03
43 13 -3.265162263013961e+03
13 44 -5.898731059936909e+04
44 13 -5.898731059936909e+04
13 45 -2.855332413832709e+04
45 13 -2.855332413832709e+04
13 46  6.551810528369878e+06
46 13  6.551810528369878e+06
13 47 -5.549991927644051e+06
47 13 -5.549991927644051e+06
13 48  5.343772483467122e+05
48 13  5.343772483467122e+05
13 49 -7.857024673418619e+04
49 13 -7.857024673418619e+04
13 50  4.045249125275973e+04
50 13  4.045249125275973e+04
13 51  4.169049156042308e+04
51 13  4.169049156042308e+04
13 52  2.736006860619929e+06
52 13  2.736006860619929e+06
13 53 -2.621387899038736e+06
53 13 -2.621387899038736e+06
13 54  2.347579916880055e+06
54 13  2.347579916880055e+06
14 14  2.086649473541592e+05
14 15  2.299648485408903e+04
15 14  2.299648485408903e+04
14 16  7.346711468097484e+06
16 14  7.346711468097484e+06
14 17 -6.373771096239718e+06
17 14 -6.373771096239718e+06
14 18 -9.050682121717287e+05
18 14 -9.050682121717287e+05
14 19  2.567186082454108e+04
19 14  2.567186082454108e+04
14 20 -2.024865135370767e+04
20 14 -2.024865135370767e+04
14 21 -3.067346220011379e+03
21 14 -3.067346220011379e+03
14 22  2.802960489600335e+06
22 14  2.802960489600335e+06
14 23 -2.915196488016732e+06
23 14 -2.915196488016732e+06
14 24  3.304728028651516e+06
24 14  3.304728028651516e+06
14 37  4.517755975011421e+04
37 14  4.517755975011421e+04
14 38 -7.939399180233573e+04
38 14 -7.939399180233573e+04
14 39  3.887779210561275e+04
39 14  3.887779210561275e+04
14 40  2.412174883485615e+06
40 14  2.412174883485615e+06
14 41 -1.451763897730879e+06
41 14 -1.451763897730879e+06
14 42 -2.578077528633971e+06
42 14 -2.578077528633971e+06
14 43 -5.926500668982761e+04
43 14 -5.926500668982761e+04
14 44 -8.963754131999176e+03
44 14 -8.963754131999176e+03
14 45  4.417033019262101e+03
45 14  4.417033019262101e+03
14 46  7.225697298090644e+06
46 14  7.225697298090644e+06
14 47 -6.362545237014975e+06
47 14 -6.362545237014975e+06
14 48 -9.271472856042488e+05
48 14 -9.271472856042488e+05
14 49  3.572960709411143e+04
49 14  3.572960709411143e+04
14 50 -1.074206454468710e+05
50 14 -1.074206454468710e+05
14 51 -6.266735866266380e+04
51 14 -6.266735866266380e+04
14 52  3.027250985916439e+06
52 14  3.027250985916439e+06
14 53 -3.077518402401575e+06
53 14 -3.077518402401575e+06
14 54  1.826860780194650e+06
54 14  1.826860780194650e+06
15 15  3.868636472886488e+05
15 16 -6.349473333278778e+05
16 15 -6.349473333278778e+05
15 17  5.407963382587204e+05
17 15  5.407963382587204e+05
15 18 -6.410742873716721e+04
18 15 -6.410742873716721e+04
15 19  1.286084705665258e+04
19 15  1.286084705665258e+04
15 20 -1.695904401507773e+03
20 15 -1.695904401507773e+03
15 21  1.177727564924451e+05
21 15  1.177727564924451e+05
15 22 -2.429305703156485e+05
22 15 -2.429305703156485e+05
15 23  2.399954327197266e+05
23 15  2.399954327197266e+05
15 24 -3.540484103076825e+05
24 15 -3.540484103076825e+05
15 37 -7.396988231024603e+04
37 15 -7.396988231024603e+04
15 38  3.929004674707046e+04
38 15  3.929004674707046e+04
15 39 -1.962631842335459e+05
39 15 -1.962631842335459e+05
15 40 -2.218767278481207e+05
40 15 -2.218767278481207e+05
15 41  1.268086837918886e+05
41 15  1.268086837918886e+05
15 42  1.689939975567466e+05
42 15  1.689939975567466e+05
15 43 -2.723462295149205e+04
43 15 -2.723462295149205e+04
15 44  5.711686094305806e+03
44 15  5.711686094305806e+03
15 45 -2.763678383255921e+05
45 15 -2.763678383255921e+05
15 46 -6.391435498323909e+05
46 15 -6.391435498323909e+05
15 47  5.462407246557202e+05
47 15  5.462407246557202e+05
15 48 -2.921432383550698e+04
48 15 -2.921432383550698e+04
15 49  4.054993395483667e+04
49 15  4.054993395483667e+04
15 50 -6.406264827753900e+04
50 15 -6.406264827753900e+04
15 51 -1.901155215227657e+05
51 15 -1.901155215227657e+05
15 52 -2.668905961617355e+05
52 15 -2.668905961617355e+05
15 53  2.593823726391352e+05
53 15  2.593823726391352e+05
15 54 -2.130189300970495e+05
54 15 -2.130189300970495e+05
16 16  9.129661460363221e+08
16 17 -7.878138290517472e+08
17 16 -7.878138290517472e+08
16 18 -2.199841210882500e+06
18 16 -2.199841210882500e+06
16 19  2.290770731847430e+06
19 16  2.290770731847430e+06
16 20  1.965183024299892e+06
20 16  1.965183024299892e+06
16 21 -2.259735142151433e+05
21 16 -2.259735142151433e+05
16 22  3.637258314316841e+08
22 16  3.637258314316841e+08
16 23 -4.174326901039104e+08
23 16 -4.174326901039104e+08
16 24  6.616137810517127e+07
24 16  6.616137810517127e+07
16 37 -1.891459940342028e+06
37 16 -1.891459940342028e+06
16 38 -3.836796132738536e+06
38 16 -3.836796132738536e+06
16 39  1.707172572082938e+05
39 16  1.707172572082938e+05
16 40  4.215739383237510e+08
40 16  4.215739383237510e+08
16 41 -2.079724261045404e+08
41 16 -2.079724261045404e+08
16 42  1.233148372051320e+07
42 16  1.233148372051320e+07
16 43 -6.220793475543759e+06
43 16 -6.220793475543759e+06
16 44 -7.224348628335495e+06
44 16 -7.224348628335495e+06
16 45  6.352669904500004e+05
45 16  6.352669904500004e+05
16 46  9.121239274466925e+08
46 16  9.121239274466925e+08
16 47 -7.930784873855768e+08
47 16 -7.930784873855768e+08
16 48 -5.215554551067087e+07
48 16 -5.215554551067087e+07
16 49 -2.647461513473969e+06
49 16 -2.647461513473969e+06
16 50 -2.268559811230597e+06
50 16 -2.268559811230597e+06
16 51  2.541810077290256e+05
51 16  2.541810077290256e+05
16 52  3.547817058524565e+08
52 16  3.547817058524565e+08
16 53 -4.216072929051555e+08
53 16 -4.216072929051555e+08
16 54 -5.116478326944075e+07
54 16 -5.116478326944075e+07
17 17  6.995304798784659e+08
17 18  1.378288607620105e+08
18 17  1.378288607620105e+08
17 19 -2.376139918411885e+06
19 17 -2.376139918411885e+06
17 20 -2.037090739276361e+06
20 17 -2.037090739276361e+06
17 21  2.361432595520704e+05
21 17  2.361432595520704e+05
17 22 -3.181246221396604e+08
22 17 -3.181246221396604e+08
17 23  3.739645517029404e+08
23 17  3.739645517029404e+08
17 24  2.428588953075936e+07
24 17  2.428588953075936e+07
17 37  1.756515159735189e+06
37 17  1.756515159735189e+06
17 38  3.511466880520518e+06
38 17  3.511466880520518e+06
17 39 -1.713163140536111e+05
39 17 -1.713163140536111e+05
17 40 -3.574182036411458e+08
40 17 -3.574182036411458e+08
17 41  1.802539421603097e+08
41 17  1.802539421603097e+08
17 42  2.926509708026989e+07
42 17  2.926509708026989e+07
17 43  5.596770008486988e+06
43 17  5.596770008486988e+06
17 44  6.351766660144335e+06
44 17  6.351766660144335e+06
17 45 -5.852400590267291e+05
45 17 -5.852400590267291e+05
17 46 -7.762353716517440e+08
46 17 -7.762353716517440e+08
17 47  6.930833040367513e+08
47 17  6.930833040367513e+08
17 48  1.507641634231769e+08
48 17  1.507641634231769e+08
17 49  2.078400813518903e+06
49 17  2.078400813518903e+06
17 50  1.777471296332051e+06
50 17  1.777471296332051e+06
17 51 -1.718570093817974e+05
51 17 -1.718570093817974e+05
17 52 -3.016700758732070e+08
52 17 -3.016700758732070e+08
17 53  3.737730260058838e+08
53 17  3.737730260058838e+08
17 54  1.100130059401641e+08
54 17  1.100130059401641e+08
18 18  1.648786091772703e+09
18 19 -4.236458138057439e+06
19 18 -4.236458138057439e+06
18 20 -3.616312864305073e+06
20 18 -3.616312864305073e+06
18 21  3.942894228831445e+05
21 18  3.942894228831445e+05
18 22 -2.787788470875111e+07
22 18 -2.787788470875111e+07
18 23  1.284467367375603e+08
23 18  1.284467367375603e+08
18 24  8.886407573405944e+08
24 18  8.886407573405944e+08
18 37  1.554940872726916e+06
37 18  1.554940872726916e+06
18 38  2.438152107734434e+06
38 18  2.438152107734434e+06
18 39 -3.176807079612832e+05
39 18 -3.176807079612832e+05
18 40  1.276433327112916e+08
40 18  1.276433327112916e+08
18 41 -8.649413356576962e+06
41 18 -8.649413356576962e+06
18 42  5.542291482233087e+08
42 18  5.542291482233087e+08
18 43  1.777355731417345e+06
43 18  1.777355731417345e+06
18 44  5.009946512621250e+05
44 18  5.009946512621250e+05
18 45 -3.059380309519473e+05
45 18 -3.059380309519473e+05
18 46  1.796878767722976e+08
46 18  1.796878767722976e+08
18 47  6.270914562042234e+07
47 18  6.270914562042234e+07
18 48  1.270132368281515e+09
48 18  1.270132368281515e+09
18 49 -2.373792290067592e+06
49 18 -2.373792290067592e+06
18 50 -2.071825230705763e+06
50 18 -2.071825230705763e+06
18 51  5.291722883606164e+05
51 18  5.291722883606164e+05
18 52  6.545564617567593e+07
52 18  6.545564617567593e+07
18 53  8.841626837119483e+07
53 18  8.841626837119483e+07
18 54  7.136168838908818e+08
54 18  7.136168838908818e+08
19 19  1.865563759771524e+05
19 20 -5.248822271393937e+04
20 19 -5.248822271393937e+04
19 21  4.631049284843398e+04
21 19  4.631049284843398e+04
19 22  5.126285783996304e+06
22 19  5.126285783996304e+06
19 23 -9.650845659815652e+06
23 19 -9.650845659815652e+06
19 24  1.089673722815570e+06
24 19  1.089673722815570e+06
19 25 -5.162674821053299e+03
25 19 -5.162674821053299e+03
19 26  1.431845147119785e+04
26 19  1.431845147119785e+04
19 27  1.045740051724732e+04
27 19  1.045740051724732e+04
19 28  1.740991527361571e+06
28 19  1.740991527361571e+06
19 29 -4.378498727956047e+06
29 19 -4.378498727956047e+06
19 30  5.433933820899367e+06
30 19  5.433933820899367e+06
19 43 -9.835165646720964e+04
43 19 -9.835165646720964e+04
19 44  4.726724007685746e+04
44 19  4.726724007685746e+04
19 45 -5.775430372800955e+04
45 19 -5.775430372800955e+04
19 46  1.981382958676115e+06
46 19  1.981382958676115e+06
19 47 -2.194512217302043e+06
47 19 -2.194512217302043e+06
19 48 -2.872364758356193e+06
48 19 -2.872364758356193e+06
19 49 -1.199544317170613e+04
49 19 -1.199544317170613e+04
19 50 -5.184119979933431e+04
50 19 -5.184119979933431e+04
19 51 -2.321282369198799e+04
51 19 -2.321282369198799e+04
19 52  5.039035450642580e+06
52 19  5.039035450642580e+06
19 53 -9.608626213669134e+06
53 19 -9.608626213669134e+06
19 54  5.721070259151291e+05
54 19  5.721070259151291e+05
19 55 -5.465558976229889e+04
55 19 -5.465558976229889e+04
19 56  1.707187014067730e+04
56 19  1.707187014067730e+04
19 57  1.133838699766366e+04
57 19  1.133838699766366e+04
19 58  1.963128967485617e+06
58 19  1.963128967485617e+06
19 59 -4.517906983323732e+06
59 19 -4.517906983323732e+06
19 60  3.552273744177669e+06
60 19  3.552273744177669e+06
20 20  2.565304046056609e+05
20 21  2.119494442419937e+04
21 20  2.119494442419937e+04
20 22  3.190913664708920e+06
22 20  3.190913664708920e+06
20 23 -4.993026904782224e+06
23 20 -4.993026904782224e+06
20 24 -2.199970229347972e+06
24 20 -2.199970229347972e+06
20 25  1.420762190218623e+04
25 20  1.420762190218623e+04
20 26 -5.466565573994047e+04
26 20 -5.466565573994047e+04
20 27 -1.965550251136618e+03
27 20 -1.965550251136618e+03
20 28  4.791144880942231e+05
28 20  4.791144880942231e+05
20 29 -1.206580041449931e+06
29 20 -1.206580041449931e+06
20 30  1.489878626025229e+06
30 20  1.489878626025229e+06
20 43  5.234376253510168e+04
43 20  5.234376253510168e+04
20 44 -1.074220244258991e+05
44 20 -1.074220244258991e+05
20 45  5.579992815744835e+04
45 20  5.579992815744835e+04
20 46  1.701749215039391e+06
46 20  1.701749215039391e+06
20 47 -1.881932785768373e+06
47 20 -1.881932785768373e+06
20 48 -2.450222243066136e+06
48 20 -2.450222243066136e+06
20 49 -5.210517469190592e+04
49 20 -5.210517469190592e+04
20 50  6.741635352053127e+04
50 20  6.741635352053127e+04
20 51  3.778959697563133e+03
51 20  3.778959697563133e+03
20 52  2.988102998756302e+06
52 20  2.988102998756302e+06
20 53 -4.876119970778526e+06
53 20 -4.876119970778526e+06
20 54 -1.550865507586846e+06
54 20 -1.550865507586846e+06
20 55  1.717689526203457e+04
55 20  1.717689526203457e+04
20 56 -1.416104266066448e+05
56 20 -1.416104266066448e+05
20 57 -7.711237762656646e+04
57 20 -7.711237762656646e+04
20 58  5.397376309977457e+05
58 20  5.397376309977457e+05
20 59 -1.244831060360443e+06
59 20 -1.244831060360443e+06
20 60  9.728927265872449e+05
60 20  9.728927265872449e+05
21 21  3.426754496575147e+05
21 22 -5.057685654345261e+05
22 21 -5.057685654345261e+05
21 23  9.495287602866063e+05
23 21  9.495287602866063e+05
21 24 -1.302378897263681e+05
24 21 -1.302378897263681e+05
21 25  1.014999137410192e+04
25 21  1.014999137410192e+04
21 26 -8.440580541751980e+02
26 21 -8.440580541751980e+02
21 27  9.843754602673260e+04
27 21  9.843754602673260e+04
21 28 -1.747004175522041e+05
28 21 -1.747004175522041e+05
21 29  4.303600136771019e+05
29 21  4.303600136771019e+05
21 30 -5.348783089502646e+05
30 21 -5.348783089502646e+05
21 43 -5.891796744150317e+04
43 21 -5.891796744150317e+04
21 44  5.530925136569438e+04
44 21  5.530925136569438e+04
21 45 -1.703324618606588e+05
45 21 -1.703324618606588e+05
21 46 -2.001449514628600e+05
46 21 -2.001449514628600e+05
21 47  2.173641683416721e+05
47 21  2.173641683416721e+05
21 48  2.649432913600687e+05
48 21  2.649432913600687e+05
21 49 -2.053742297030238e+04
49 21 -2.053742297030238e+04
21 50  5.045618850210069e+03
50 21  5.045618850210069e+03
21 51 -2.166342385044686e+05
51 21 -2.166342385044686e+05
21 52 -4.985910368710934e+05
52 21 -4.985910368710934e+05
21 53  9.453648839464389e+05
53 21  9.453648839464389e+05
21 54 -7.457444441801088e+04
54 21 -7.457444441801088e+04
21 55  9.380332261670192e+03
55 21  9.380332261670192e+03
21 56 -7.763841036591724e+04
56 21 -7.763841036591724e+04
21 57 -1.719190518115650e+05
57 21 -1.719190518115650e+05
21 58 -1.933514518610672e+05
58 21 -1.933514518610672e+05
21 59  4.449752285871588e+05
59 21  4.449752285871588e+05
21 60 -3.498687330190645e+05
60 21 -3.498687330190645e+05
22 22  4.848911297667253e+08
22 23 -7.094422981509934e+08
23 22 -7.094422981509934e+08
22 24  6.882637954659939e+07
24 22  6.882637954659939e+07
22 25  6.461010885810930e+05
25 22  6.461010885810930e+05
22 26  1.786289193594261e+05
26 22  1.786289193594261e+05
22 27 -6.059299135509259e+04
27 22 -6.059299135509259e+04
22 28  6.465546880458771e+07
28 22  6.465546880458771e+07
22 29 -1.981739245020807e+08
29 22 -1.981739245020807e+08
22 30  1.022397684410878e+08
30 22  1.022397684410878e+08
22 43 -2.091412970706190e+06
43 22 -2.091412970706190e+06
22 44 -2.498765861133779e+06
44 22 -2.498765861133779e+06
22 45  1.741112296523988e+05
45 22  1.741112296523988e+05
22 46  3.781327373833577e+08
46 22  3.781327373833577e+08
22 47 -3.180712734610747e+08
47 22 -3.180712734610747e+08
22 48  4.061498411112361e+07
48 22  4.061498411112361e+07
22 49 -4.630316010666015e+06
49 22 -4.630316010666015e+06
22 50 -3.261639873920888e+06
50 22 -3.261639873920888e+06
22 51  4.605994588214411e+05
51 22  4.605994588214411e+05
22 52  4.960716268672019e+08
52 22  4.960716268672019e+08
22 53 -7.136730549381752e+08
53 22 -7.136730549381752e+08
22 54  8.174052304034086e+07
54 22  8.174052304034086e+07
22 55 -1.492181041195976e+06
55 22 -1.492181041195976e+06
22 56 -4.120973386140145e+05
56 22 -4.120973386140145e+05
22 57  1.745814386314275e+05
57 22  1.745814386314275e+05
22 58  6.503067416082452e+07
58 22  6.503067416082452e+07
22 59 -2.006570376704001e+08
59 22 -2.006570376704001e+08
22 60  4.631464605971797e+07
60 22  4.631464605971797e+07
23 23  1.408870769830526e+09
23 24  1.080310449112030e+08
24 23  1.080310449112030e+08
23 25 -4.353658817289290e+06
25 23 -4.353658817289290e+06
23 26 -1.199475528066085e+06
26 23 -1.199475528066085e+06
23 27  4.296324022065298e+05
27 23  4.296324022065298e+05
23 28 -2.120863857469719e+08
28 23 -2.120863857469719e+08
23 29  7.599274419794394e+08
29 23  7.599274419794394e+08
23 30 -2.824011698415506e+07
30 23 -2.824011698415506e+07
23 43  2.741329636557355e+06
43 23  2.741329636557355e+06
23 44  3.173995147600908e+06
44 23  3.173995147600908e+06
23 45 -2.642596447475764e+05
45 23 -2.642596447475764e+05
23 46 -4.243894672716034e+08
46 23 -4.243894672716034e+08
23 47  3.694947873776973e+08
47 23  3.694947873776973e+08
23 48  2.762505086259823e+07
48 23  2.762505086259823e+07
23 49  9.572343999109540e+06
49 23  9.572343999109540e+06
23 50  4.798734369302131e+06
50 23  4.798734369302131e+06
23 51 -9.969655221288088e+05
51 23 -9.969655221288088e+05
23 52 -6.953706695918478e+08
52 23 -6.953706695918478e+08
23 53  1.403601746279702e+09
53 23  1.403601746279702e+09
23 54  1.475221842032737e+08
54 23  1.475221842032737e+08
23 55  4.127889507747102e+06
55 23  4.127889507747102e+06
23 56  1.134969403962001e+06
56 23  1.134969403962001e+06
23 57 -3.579314283364775e+05
57 23 -3.579314283364775e+05
23 58 -1.892569877226852e+08
58 23 -1.892569877226852e+08
23 59  7.604204204282827e+08
59 23  7.604204204282827e+08
23 60  1.118953258257898e+08
60 23  1.118953258257898e+08
24 24  1.854604351760310e+09
24 25 -5.616203273221445e+06
25 24 -5.616203273221445e+06
24 26 -1.540107564839232e+06
26 24 -1.540107564839232e+06
24 27  5.528485555664011e+05
27 24  5.528485555664011e+05
24 28  6.334738606898423e+07
28 24  6.334738606898423e+07
24 29  1.129675862495624e+08
29 24  1.129675862495624e+08
24 30  9.587602927511625e+08
30 24  9.587602927511625e+08
24 43  2.780199297505857e+06
43 24  2.780199297505857e+06
24 44  2.383329516109108e+06
44 24  2.383329516109108e+06
24 45 -5.654133877931794e+05
45 24 -5.654133877931794e+05
24 46  1.574970236846712e+08
46 24  1.574970236846712e+08
24 47 -1.651843035959041e+07
47 24 -1.651843035959041e+07
24 48  6.952855887443683e+08
48 24  6.952855887443683e+08
24 49  1.521318080043924e+06
49 24  1.521318080043924e+06
24 50 -9.381189294569807e+05
50 24 -9.381189294569807e+05
24 51 -2.745031371784377e+05
51 24 -2.745031371784377e+05
24 52  2.281334075367650e+08
52 24  2.281334075367650e+08
24 53  4.358920256687902e+07
53 24  4.358920256687902e+07
24 54  1.485252447833859e+09
54 24  1.485252447833859e+09
24 55 -3.605687089713937e+06
55 24 -3.605687089713937e+06
24 56 -1.009860821116438e+06
56 24 -1.009860821116438e+06
24 57  7.713542694392670e+05
57 24  7.713542694392670e+05
24 58  1.309723714244134e+08
58 24  1.309723714244134e+08
24 59  8.915268143850043e+07
59 24  8.915268143850043e+07
24 60  7.828822623749741e+08
60 24  7.828822623749741e+08
25 25  8.128327509278765e+04
25 26 -2.694598128602785e+04
26 25 -2.694598128602785e+04
25 27  2.925650506466272e+04
27 25  2.925650506466272e+04
25 28  1.126237809488397e+06
28 25  1.126237809488397e+06
25 29 -6.117452737528677e+06
29 25 -6.117452737528677e+06
25 30 -5.663492731157117e+06
30 25 -5.663492731157117e+06
25 49 -6.269694847447396e+04
49 25 -6.269694847447396e+04
25 50  3.189039896373285e+04
50 25  3.189039896373285e+04
25 51 -2.908166731680879e+04
51 25 -2.908166731680879e+04
25 52  4.089215334979147e+05
52 25  4.089215334979147e+05
25 53 -4.215560508731902e+06
53 25 -4.215560508731902e+06
25 54 -3.838506641624851e+06
54 25 -3.838506641624851e+06
25 55 -1.342365179726036e+04
55 25 -1.342365179726036e+04
25 56 -1.915203957989121e+04
56 25 -1.915203957989121e+04
25 57 -1.032482912195584e+04
57 25 -1.032482912195584e+04
25 58  8.890582543950813e+05
58 25  8.890582543950813e+05
25 59 -5.979354428927865e+06
59 25 -5.979354428927865e+06
25 60 -3.885796099542597e+06
60 25 -3.885796099542597e+06
26 26  1.431735407711675e+05
26 27 -7.330305977043626e+04
27 26 -7.330305977043626e+04
26 28  3.142821088618490e+05
28 26  3.142821088618490e+05
26 29 -1.683266265885651e+06
29 26 -1.683266265885651e+06
26 30 -1.553468270857495e+06
30 26 -1.553468270857495e+06
26 49  3.199616285817037e+04
49 26  3.199616285817037e+04
26 50 -1.416106062080692e+05
50 26 -1.416106062080692e+05
26 51  7.334961006377592e+04
51 26  7.334961006377592e+04
26 52  1.138578149445889e+05
52 26  1.138578149445889e+05
26 53 -1.161586665664814e+06
53 26 -1.161586665664814e+06
26 54 -1.051755400805738e+06
54 26 -1.051755400805738e+06
26 55 -1.936863304334035e+04
55 26 -1.936863304334035e+04
26 56  5.310272117684225e+04
56 26  5.310272117684225e+04
26 57  7.975077608355356e+02
57 26  7.975077608355356e+02
26 58  2.495110044904372e+05
58 26  2.495110044904372e+05
26 59 -1.645377403644346e+06
59 26 -1.645377403644346e+06
26 60 -1.065116106828278e+06
60 26 -1.065116106828278e+06
27 27  1.640609411195591e+05
27 28 -1.077898187772877e+05
28 27 -1.077898187772877e+05
27 29  6.033764839614953e+05
29 27  6.033764839614953e+05
27 30  5.574970488197670e+05
30 27  5.574970488197670e+05
27 49 -3.106721918856784e+04
49 27 -3.106721918856784e+04
27 50  7.281607666362407e+04
50 27  7.281607666362407e+04
27 51 -1.638763057270112e+05
51 27 -1.638763057270112e+05
27 52 -4.027532719644197e+04
52 27 -4.027532719644197e+04
27 53  4.151969457799189e+05
53 27  4.151969457799189e+05
27 54  3.780602111067190e+05
54 27  3.780602111067190e+05
27 55 -8.646686393342190e+03
55 27 -8.646686393342190e+03
27 56  2.452533357948785e+03
56 27  2.452533357948785e+03
27 57 -9.862218141928061e+04
57 27 -9.862218141928061e+04
27 58 -8.747215460071097e+04
58 27 -8.747215460071097e+04
27 59  5.889410275306074e+05
59 27  5.889410275306074e+05
27 60  3.827087045301882e+05
60 27  3.827087045301882e+05
28 28  7.581708425141203e+07
28 29 -2.441754256121113e+08
29 28 -2.441754256121113e+08
28 30  6.224984734142160e+07
30 28  6.224984734142160e+07
28 49 -8.979575657845726e+05
49 28 -8.979575657845726e+05
28 50 -2.453937258480743e+05
50 28 -2.453937258480743e+05
28 51  4.058718677950236e+04
51 28  4.058718677950236e+04
28 52  7.613909870888439e+07
52 28  7.613909870888439e+07
28 53 -2.136458078820217e+08
53 28 -2.136458078820217e+08
28 54  8.406143231895150e+07
54 28  8.406143231895150e+07
28 55 -1.969271771065395e+06
55 28 -1.969271771065395e+06
28 56 -5.480028711079977e+05
56 28 -5.480028711079977e+05
28 57  2.419030495499894e+05
57 28  2.419030495499894e+05
28 58  8.505674077878784e+07
58 28  8.505674077878784e+07
28 59 -2.463384840430128e+08
59 28 -2.463384840430128e+08
28 60  8.318079646099536e+07
60 28  8.318079646099536e+07
29 29  9.310689464532825e+08
29 30  1.177245278663532e+08
30 29  1.177245278663532e+08
29 49  4.615363373544340e+06
49 29  4.615363373544340e+06
29 50  1.270161086061535e+06
50 29  1.270161086061535e+06
29 51 -4.290066861641731e+05
51 29 -4.290066861641731e+05
29 52 -2.160238784460782e+08
52 29 -2.160238784460782e+08
29 53  7.568724482623215e+08
53 29  7.568724482623215e+08
29 54 -2.785966659032062e+07
54 29 -2.785966659032062e+07
29 55  5.880588091940383e+06
55 29  5.880588091940383e+06
29 56  1.619685221274046e+06
56 29  1.619685221274046e+06
29 57 -6.047298114744239e+05
57 29 -6.047298114744239e+05
29 58 -2.626290158519605e+08
58 29 -2.626290158519605e+08
29 59  9.278067720360547e+08
59 29  9.278067720360547e+08
29 60 -2.304327192085449e+07
60 29 -2.304327192085449e+07
30 30  9.633465569985869e+08
30 49  3.788256546231479e+06
49 30  3.788256546231479e+06
30 50  1.060064906294699e+06
50 30  1.060064906294699e+06
30 51 -7.873423960837266e+05
51 30 -7.873423960837266e+05
30 52  1.688934649839767e+08
52 30  1.688934649839767e+08
30 53 -5.259834222984626e+07
53 30 -5.259834222984626e+07
30 54  7.753218622409861e+08
54 30  7.753218622409861e+08
30 55 -3.558697635973729e+06
55 30 -3.558697635973729e+06
30 56 -9.964752614624328e+05
56 30 -9.964752614624328e+05
