1 1  1.221291081821978e+05
1 2  1.024772510838337e+04
2 1  1.024772510838337e+04
1 3 -5.833950163967835e+04
3 1 -5.833950163967835e+04
1 4  1.773909842873577e+06
4 1  1.773909842873577e+06
1 5  6.226108087830537e+05
5 1  6.226108087830537e+05
1 6  1.272909985303574e+06
6 1  1.272909985303574e+06
1 7  3.619664912928965e+04
7 1  3.619664912928965e+04
1 8 -2.511436150550851e+03
8 1 -2.511436150550851e+03
1 9  2.031643913157512e+04
9 1  2.031643913157512e+04
1 10  2.043436602859686e+06
10 1  2.043436602859686e+06
1 11  9.704913763950610e+05
11 1  9.704913763950610e+05
1 12  1.246364585166286e+06
12 1  1.246364585166286e+06
1 31 -3.825028673129669e+04
31 1 -3.825028673129669e+04
1 32  1.347186242169601e+04
32 1  1.347186242169601e+04
1 33 -2.019413266316615e+04
33 1 -2.019413266316615e+04
1 34  1.841602055820903e+06
34 1  1.841602055820903e+06
1 35  6.759608108813269e+05
35 1  6.759608108813269e+05
1 36  2.694292565530610e+05
36 1  2.694292565530610e+05
1 37 -1.200754705801907e+05
37 1 -1.200754705801907e+05
1 38 -2.120815137952852e+04
38 1 -2.120815137952852e+04
1 39  5.821719517126938e+04
39 1  5.821719517126938e+04
1 40  2.111128815395417e+06
40 1  2.111128815395417e+06
1 41  1.023841378333761e+06
41 1  1.023841378333761e+06
1 42  2.428838565037292e+05
42 1  2.428838565037292e+05
2 2  1.062405905987139e+05
2 3 -2.897457495616571e+04
3 2 -2.897457495616571e+04
2 4 -4.700190458569532e+06
4 2 -4.700190458569532e+06
2 5 -1.628586499137009e+06
5 2 -1.628586499137009e+06
2 6 -3.353272829864806e+06
6 2 -3.353272829864806e+06
2 7 -9.019376716159963e+03
7 2 -9.019376716159963e+03
2 8  3.764001731493636e+04
8 2  3.764001731493636e+04
2 9  9.967713263023063e+02
9 2  9.967713263023063e+02
2 10 -5.408587699153753e+06
10 2 -5.408587699153753e+06
2 11 -2.568270125064809e+06
11 2 -2.568270125064809e+06
2 12 -3.283503562334039e+06
12 2 -3.283503562334039e+06
2 31  1.347535833941744e+04
31 2  1.347535833941744e+04
2 32 -6.695551480128136e+04
32 2 -6.695551480128136e+04
2 33 -1.309317929419676e+03
33 2 -1.309317929419676e+03
2 34 -4.877345079383533e+06
34 2 -4.877345079383533e+06
2 35 -1.770159359417838e+06
35 2 -1.770159359417838e+06
2 36 -7.032241535436581e+05
36 2 -7.032241535436581e+05
2 37 -1.470370673164084e+04
37 2 -1.470370673164084e+04
2 38 -7.692509311236886e+04
38 2 -7.692509311236886e+04
2 39  2.928712155928309e+04
39 2  2.928712155928309e+04
2 40 -5.585742320127328e+06
40 2 -5.585742320127328e+06
2 41 -2.709842985406816e+06
41 2 -2.709842985406816e+06
2 42 -6.334548859971757e+05
42 2 -6.334548859971757e+05
3 3  2.863680944348315e+05
3 4 -1.774213104144689e+05
4 3 -1.774213104144689e+05
3 5 -5.822987406259817e+04
5 3 -5.822987406259817e+04
3 6 -1.406886227121644e+05
6 3 -1.406886227121644e+05
3 7  1.922991484017166e+04
7 3  1.922991484017166e+04
3 8 -4.769579026591953e+01
8 3 -4.769579026591953e+01
3 9  2.346413599473975e+05
9 3  2.346413599473975e+05
3 10 -2.020374436218963e+05
10 3 -2.020374436218963e+05
3 11 -9.096517681846008e+04
11 3 -9.096517681846008e+04
3 12 -1.382642115901301e+05
12 3 -1.382642115901301e+05
3 31 -1.903652001053996e+04
31 3 -1.903652001053996e+04
3 32 -1.088425833885137e+03
32 3 -1.088425833885137e+03
3 33 -2.349759116962847e+05
33 3 -2.349759116962847e+05
3 34 -1.844332242347539e+05
34 3 -1.844332242347539e+05
3 35 -6.768926009583396e+04
35 3 -6.768926009583396e+04
3 36 -3.618727199504567e+04
36 3 -3.618727199504567e+04
3 37  5.814610681004665e+04
37 3  5.814610681004665e+04
3 38  3.011069658031677e+04
38 3  3.011069658031677e+04
3 39 -2.860335426859444e+05
39 3 -2.860335426859444e+05
3 40 -2.090493573542254e+05
40 3 -2.090493573542254e+05
3 41 -1.004245628359793e+05
41 3 -1.004245628359793e+05
3 42 -3.376286040023751e+04
42 3 -3.376286040023751e+04
4 4  2.976206103262575e+08
4 5  1.102852133264114e+08
5 4  1.102852133264114e+08
4 6  3.089424490718161e+07
6 4  3.089424490718161e+07
4 7  1.728341045238421e+06
7 4  1.728341045238421e+06
4 8 -3.374343428893339e+06
8 4 -3.374343428893339e+06
4 9 -1.677489032125414e+05
9 4 -1.677489032125414e+05
4 10  3.722270271971235e+08
10 4  3.722270271971235e+08
4 11  1.856421048141776e+08
11 4  1.856421048141776e+08
4 12  2.329280684677279e+07
12 4  2.329280684677279e+07
4 31 -1.745612237495767e+06
31 4 -1.745612237495767e+06
4 32  4.629938591730987e+06
32 4  4.629938591730987e+06
4 33  1.809347400315194e+05
33 4  1.809347400315194e+05
4 34  2.861451720641126e+08
34 4  2.861451720641126e+08
4 35  1.126055346517215e+08
35 4  1.126055346517215e+08
4 36 -7.426766379141191e+07
36 4 -7.426766379141191e+07
4 37 -1.756638650616231e+06
37 4 -1.756638650616231e+06
4 38  3.444595295731886e+06
38 4  3.444595295731886e+06
4 39  1.642354735954910e+05
39 4  1.642354735954910e+05
4 40  3.610475991262938e+08
40 4  3.610475991262938e+08
4 41  1.873596123948107e+08
41 4  1.873596123948107e+08
4 42 -8.189164557394633e+07
42 4 -8.189164557394633e+07
5 5  4.407107040952747e+07
5 6 -1.337755197410535e+07
6 5 -1.337755197410535e+07
5 7  7.150400488872532e+05
7 5  7.150400488872532e+05
5 8 -1.430351434304542e+06
8 5 -1.430351434304542e+06
5 9 -7.291497809078771e+04
9 5 -7.291497809078771e+04
5 10  1.430038216193283e+08
10 5  1.430038216193283e+08
5 11  7.245448661355080e+07
11 5  7.245448661355080e+07
5 12 -1.668357917672842e+07
12 5 -1.668357917672842e+07
5 31 -6.916060753843129e+05
31 5 -6.916060753843129e+05
5 32  1.814230561294681e+06
32 5  1.814230561294681e+06
5 33  7.396312942248651e+04
33 5  7.396312942248651e+04
5 34  1.038158044366228e+08
34 5  1.038158044366228e+08
5 35  4.212893240957337e+07
35 5  4.212893240957337e+07
5 36 -4.406847771363870e+07
36 5 -4.406847771363870e+07
5 37 -6.460447822859942e+05
37 5 -6.460447822859942e+05
5 38  1.244707372146870e+06
38 5  1.244707372146870e+06
5 39  5.718172273089939e+04
39 5  5.718172273089939e+04
5 40  1.359315989848625e+08
40 5  1.359315989848625e+08
5 41  7.216706414692624e+07
41 5  7.216706414692624e+07
5 42 -4.731513283824982e+07
42 5 -4.731513283824982e+07
6 6  5.911807994977059e+08
6 7 -1.485751719708854e+06
7 6 -1.485751719708854e+06
6 8  3.696722403690987e+06
8 6  3.696722403690987e+06
6 9  1.616741421631188e+05
9 6  1.616741421631188e+05
6 10 -5.977926431980730e+07
10 6 -5.977926431980730e+07
6 11 -5.650975685863326e+07
11 6 -5.650975685863326e+07
6 12  5.997725297400984e+08
12 6  5.997725297400984e+08
6 31  6.093595254663797e+05
31 6  6.093595254663797e+05
6 32 -1.641858435668197e+06
32 6 -1.641858435668197e+06
6 33 -1.338647741414025e+05
33 6 -1.338647741414025e+05
6 34  9.801286662470168e+07
34 6  9.801286662470168e+07
6 35  8.558272491621969e+06
35 6  8.558272491621969e+06
6 36  3.777132868472899e+08
36 6  3.777132868472899e+08
6 37 -3.965177910610995e+05
37 6 -3.965177910610995e+05
6 38  1.298408861842017e+06
38 6  1.298408861842017e+06
6 39  1.128792546904481e+05
39 6  1.128792546904481e+05
6 40  7.316813675587162e+06
40 6  7.316813675587162e+06
6 41 -3.451456031489398e+07
41 6 -3.451456031489398e+07
6 42  3.863743578058351e+08
42 6  3.863743578058351e+08
7 7  2.587413434410450e+05
7 8  3.764504056261134e+04
8 7  3.764504056261134e+04
7 9  2.942483462492262e+04
9 7  2.942483462492262e+04
7 10  5.218973878567062e+06
10 7  5.218973878567062e+06
7 11  2.557385355598043e+06
11 7  2.557385355598043e+06
7 12  6.880429670605746e+05
12 7  6.880429670605746e+05
7 13 -2.307363646723712e+03
13 7 -2.307363646723712e+03
7 14 -9.240762151724195e+03
14 7 -9.240762151724195e+03
7 15  1.646887340766078e+04
15 7  1.646887340766078e+04
7 16  2.004320995601245e+06
16 7  2.004320995601245e+06
7 17  1.575869032478247e+06
17 7  1.575869032478247e+06
7 18  2.320182192948707e+06
18 7  2.320182192948707e+06
7 31 -1.486325488833488e+05
31 7 -1.486325488833488e+05
7 32 -2.013426368414512e+04
32 7 -2.013426368414512e+04
7 33 -8.534814651964326e+04
33 7 -8.534814651964326e+04
7 34  1.633076775486472e+06
34 7  1.633076775486472e+06
7 35  6.664732034518727e+05
35 7  6.664732034518727e+05
7 36 -7.436763231406772e+05
36 7 -7.436763231406772e+05
7 37 -4.217957545656787e+04
37 7 -4.217957545656787e+04
7 38  3.747490311656936e+04
38 7  3.747490311656936e+04
7 39 -3.538612368118930e+04
39 7 -3.538612368118930e+04
7 40  5.321872390024505e+06
40 7  5.321872390024505e+06
7 41  2.624650689453401e+06
41 7  2.624650689453401e+06
7 42  2.895471712808816e+05
42 7  2.895471712808816e+05
7 43 -1.018185045836942e+05
43 7 -1.018185045836942e+05
7 44 -3.672554112715142e+04
44 7 -3.672554112715142e+04
7 45  5.561064732807749e+04
45 7  5.561064732807749e+04
7 46  2.202483776914851e+06
46 7  2.202483776914851e+06
7 47  1.691701211911327e+06
47 7  1.691701211911327e+06
7 48  1.179611000568141e+06
48 7  1.179611000568141e+06
8 8  1.956797654417928e+05
8 9 -1.816491588823791e+04
9 8 -1.816491588823791e+04
8 10 -1.035104738804193e+07
10 8 -1.035104738804193e+07
8 11 -5.133734422970655e+06
11 8 -5.133734422970655e+06
8 12  3.340831650022897e+05
12 8  3.340831650022897e+05
8 13 -1.992213160367313e+04
13 8 -1.992213160367313e+04
8 14  7.362027418515469e+03
14 8  7.362027418515469e+03
8 15  2.239665170160489e+03
15 8  2.239665170160489e+03
8 16 -4.017810745011464e+06
16 8 -4.017810745011464e+06
8 17 -3.229843140458779e+06
17 8 -3.229843140458779e+06
8 18 -3.654061935835939e+06
18 8 -3.654061935835939e+06
8 31 -2.674333492856238e+04
31 8 -2.674333492856238e+04
8 32 -7.692689237053877e+04
32 8 -7.692689237053877e+04
8 33 -2.574198707563294e+04
33 8 -2.574198707563294e+04
8 34 -3.102731178866296e+06
34 8 -3.102731178866296e+06
8 35 -1.305540277657947e+06
35 8 -1.305540277657947e+06
8 36  1.940745766901566e+06
36 8  1.940745766901566e+06
8 37  3.763095662391570e+04
37 8  3.763095662391570e+04
8 38 -8.436294234434191e+04
38 8 -8.436294234434191e+04
8 39 -2.908438012811175e+03
39 8 -2.908438012811175e+03
8 40 -1.036022533511745e+07
40 8 -1.036022533511745e+07
8 41 -5.195733594324810e+06
41 8 -5.195733594324810e+06
8 42  6.021386903537239e+05
42 8  6.021386903537239e+05
8 43 -2.609909450374070e+04
43 8 -2.609909450374070e+04
8 44 -7.939197546036395e+04
44 8 -7.939197546036395e+04
8 45  4.462337159678746e+04
45 8  4.462337159678746e+04
8 46 -4.298600941971691e+06
46 8 -4.298600941971691e+06
8 47 -3.416653468339199e+06
47 8 -3.416653468339199e+06
8 48 -1.630029773709104e+06
48 8 -1.630029773709104e+06
9 9  4.799350982426687e+05
9 10 -5.160007310417588e+05
10 9 -5.160007310417588e+05
9 11 -2.531127106309431e+05
11 9 -2.531127106309431e+05
9 12 -5.938613557070968e+04
12 9 -5.938613557070968e+04
9 13  1.548967433585489e+04
13 9  1.548967433585489e+04
9 14  5.565954028424649e+02
14 9  5.565954028424649e+02
9 15  1.581099729626809e+05
15 9  1.581099729626809e+05
9 16 -1.992442326985890e+05
16 9 -1.992442326985890e+05
9 17 -1.514735730073938e+05
17 9 -1.514735730073938e+05
9 18 -2.357361036560769e+05
18 9 -2.357361036560769e+05
9 31 -8.544782830232786e+04
31 9 -8.544782830232786e+04
9 32 -2.611218992167311e+04
32 9 -2.611218992167311e+04
9 33 -2.574738019880600e+05
33 9 -2.574738019880600e+05
9 34 -1.575640255065922e+05
34 9 -1.575640255065922e+05
9 35 -6.513115669412326e+04
35 9 -6.513115669412326e+04
9 36  8.287407936106085e+04
36 9  8.287407936106085e+04
9 37 -3.500239002289950e+04
37 9 -3.500239002289950e+04
9 38 -3.519030890786550e+03
38 9 -3.519030890786550e+03
9 39 -3.932535149752959e+05
39 9 -3.932535149752959e+05
9 40 -5.242257306667286e+05
40 9 -5.242257306667286e+05
9 41 -2.601590161563495e+05
41 9 -2.601590161563495e+05
9 42 -2.413168358960575e+04
42 9 -2.413168358960575e+04
9 43  5.521927023287474e+04
43 9  5.521927023287474e+04
9 44  4.624276997155281e+04
44 9  4.624276997155281e+04
9 45 -2.219591141893912e+05
45 9 -2.219591141893912e+05
9 46 -2.176541100622052e+05
46 9 -2.176541100622052e+05
9 47 -1.663036999434841e+05
47 9 -1.663036999434841e+05
9 48 -1.216815890974609e+05
48 9 -1.216815890974609e+05
10 10  9.983573095878754e+08
10 11  4.990017234086324e+08
11 10  4.990017234086324e+08
10 12 -4.158408783718570e+07
12 10 -4.158408783718570e+07
10 13  2.476755166235711e+06
13 10  2.476755166235711e+06
10 14 -2.757479243376521e+06
14 10 -2.757479243376521e+06
10 15 -2.416414829323842e+05
15 10 -2.416414829323842e+05
10 16  4.114006216681429e+08
16 10  4.114006216681429e+08
10 17  3.547729806388717e+08
17 10  3.547729806388717e+08
10 18  3.928441748613675e+07
18 10  3.928441748613675e+07
10 31 -2.018142777095976e+06
31 10 -2.018142777095976e+06
10 32  5.338002200031159e+06
32 10  5.338002200031159e+06
10 33  1.917306584036620e+05
33 10  1.917306584036620e+05
10 34  3.784995704800496e+08
34 10  3.784995704800496e+08
10 35  1.416559640050209e+08
35 10  1.416559640050209e+08
10 36 -1.524944981188433e+05
36 10 -1.524944981188433e+05
10 37 -5.126460107224535e+06
37 10 -5.126460107224535e+06
10 38  1.024126844813495e+07
38 10  1.024126844813495e+07
10 39  5.240957231415205e+05
39 10  5.240957231415205e+05
10 40  9.925762709479034e+08
40 10  9.925762709479034e+08
10 41  5.026572631759911e+08
41 10  5.026572631759911e+08
10 42 -1.011183770968546e+08
42 10 -1.011183770968546e+08
10 43 -2.594562763341950e+06
43 10 -2.594562763341950e+06
10 44  2.937843682406092e+06
44 10  2.937843682406092e+06
10 45  2.438532760508569e+05
45 10  2.438532760508569e+05
10 46  4.003756310116113e+08
46 10  4.003756310116113e+08
10 47  3.579496089329793e+08
47 10  3.579496089329793e+08
10 48 -7.996829868674423e+07
48 10 -7.996829868674423e+07
11 11  2.594479539748828e+08
11 12 -9.339328679175064e+07
12 11 -9.339328679175064e+07
11 13  1.404394191363185e+06
13 11  1.404394191363185e+06
11 14 -1.625311927253422e+06
14 11 -1.625311927253422e+06
11 15 -1.407517670606551e+05
15 11 -1.407517670606551e+05
11 16  2.091130412883480e+08
16 11  2.091130412883480e+08
11 17  1.836789508108188e+08
17 11  1.836789508108188e+08
11 18 -2.665970597880208e+07
18 11 -2.665970597880208e+07
11 31 -1.040638223543560e+06
31 11 -1.040638223543560e+06
11 32  2.753771051717551e+06
32 11  2.753771051717551e+06
11 33  1.021585447727254e+05
33 11  1.021585447727254e+05
11 34  1.860342474171630e+08
34 11  1.860342474171630e+08
11 35  7.084543979506034e+07
35 11  7.084543979506034e+07
11 36 -1.647743961288639e+07
36 11 -1.647743961288639e+07
11 37 -2.664763104985429e+06
37 11 -2.664763104985429e+06
11 38  5.230281174649699e+06
38 11  5.230281174649699e+06
11 39  2.778968477153430e+05
39 11  2.778968477153430e+05
11 40  4.900923572257838e+08
40 11  4.900923572257838e+08
11 41  2.533044232820527e+08
41 11  2.533044232820527e+08
11 42 -1.018819993937878e+08
42 11 -1.018819993937878e+08
11 43 -1.226869594827300e+06
43 11 -1.226869594827300e+06
11 44  1.343264248921636e+06
44 11  1.343264248921636e+06
11 45  1.047742620219899e+05
45 11  1.047742620219899e+05
11 46  1.979847634149554e+08
46 11  1.979847634149554e+08
11 47  1.830803427561351e+08
47 11  1.830803427561351e+08
11 48 -7.500081511834154e+07
48 11 -7.500081511834154e+07
12 12  1.359341274836297e+09
12 13 -2.720627047960570e+06
13 12 -2.720627047960570e+06
12 14  4.033867936334799e+06
14 12  4.033867936334799e+06
12 15  2.751310762278875e+05
15 12  2.751310762278875e+05
12 16 -5.484352490705945e+07
16 12 -5.484352490705945e+07
12 17 -1.022766659437484e+08
17 12 -1.022766659437484e+08
12 18  7.577522647774911e+08
18 12  7.577522647774911e+08
12 31  6.362007721352620e+05
31 12  6.362007721352620e+05
12 32 -1.711594843275764e+06
32 12 -1.711594843275764e+06
12 33 -1.349280128545379e+05
33 12 -1.349280128545379e+05
12 34  8.910597522291315e+07
34 12  8.910597522291315e+07
12 35  5.780670473582181e+06
35 12  5.780670473582181e+06
12 36  3.700989254151245e+08
36 12  3.700989254151245e+08
12 37  1.304029948221223e+06
37 12  1.304029948221223e+06
12 38 -1.431266948805955e+06
38 12 -1.431266948805955e+06
12 39 -2.234310110385325e+05
39 12 -2.234310110385325e+05
12 40  1.143754236513071e+08
40 12  1.143754236513071e+08
12 41 -3.647908996273796e+07
41 12 -3.647908996273796e+07
12 42  9.444383477238292e+08
42 12  9.444383477238292e+08
12 43 -1.154011224622776e+06
43 12 -1.154011224622776e+06
12 44  2.058414253078670e+06
44 12  2.058414253078670e+06
12 45  2.808782948260228e+05
45 12  2.808782948260228e+05
12 46  3.521116111376935e+07
46 12  3.521116111376935e+07
12 47 -6.764679805680175e+07
47 12 -6.764679805680175e+07
12 48  5.726299488318228e+08
48 12  5.726299488318228e+08
13 13  2.280472358344308e+05
13 14  5.655478897620596e+04
14 13  5.655478897620596e+04
13 15  3.132483398207450e+04
15 13  3.132483398207450e+04
13 16  6.464623479898641e+06
16 13  6.464623479898641e+06
13 17  5.479677006722660e+06
17 13  5.479677006722660e+06
13 18  9.577730136317769e+05
18 13  9.577730136317769e+05
13 19 -1.639110794487430e+04
19 13 -1.639110794487430e+04
13 20 -2.086516019148330e+04
20 13 -2.086516019148330e+04
13 21  1.361458093716177e+04
21 13  1.361458093716177e+04
13 22  2.441522648087282e+06
22 13  2.441522648087282e+06
13 23  2.437057696446339e+06
23 13  2.437057696446339e+06
13 24  3.830702984433055e+06
24 13  3.830702984433055e+06
13 37 -1.275135500013556e+05
37 13 -1.275135500013556e+05
13 38 -3.430235558050353e+04
38 13 -3.430235558050353e+04
13 39 -7.356625199364012e+04
39 13 -7.356625199364012e+04
13 40  2.269458341391525e+06
40 13  2.269458341391525e+06
13 41  1.290379665538075e+06
41 13  1.290379665538075e+06
13 42 -1.660902771366469e+06
42 13 -1.660902771366469e+06
13 43 -3.264972307734582e+03
43 13 -3.264972307734582e+03
13 44  5.898736870148745e+04
44 13  5.898736870148745e+04
13 45 -2.855332259390858e+04
45 13 -2.855332259390858e+04
13 46  6.551811263018884e+06
46 13  6.551811263018884e+06
13 47  5.549992168329032e+06
47 13  5.549992168329032e+06
13 48  5.343787496145479e+05
48 13  5.343787496145479e+05
13 49 -7.857024193374266e+04
49 13 -7.857024193374266e+04
13 50 -4.045251030203346e+04
50 13 -4.045251030203346e+04
13 51  4.169048533245752e+04
51 13  4.169048533245752e+04
13 52  2.736007256197779e+06
52 13  2.736007256197779e+06
13 53  2.621387383892770e+06
53 13  2.621387383892770e+06
13 54  2.347584443801131e+06
54 13  2.347584443801131e+06
14 14  2.086649342906372e+05
14 15 -2.299651183094120e+04
15 14 -2.299651183094120e+04
14 16 -7.346710974525316e+06
16 14 -7.346710974525316e+06
14 17 -6.373771289011702e+06
17 14 -6.373771289011702e+06
14 18  9.050720314878770e+05
18 14  9.050720314878770e+05
14 19 -2.567190027300224e+04
19 14 -2.567190027300224e+04
14 20 -2.024876933556552e+04
20 14 -2.024876933556552e+04
14 21  3.067345826023106e+03
21 14  3.067345826023106e+03
14 22 -2.802959748097823e+06
22 14 -2.802959748097823e+06
14 23 -2.915195636541142e+06
23 14 -2.915195636541142e+06
14 24 -3.304729672814822e+06
24 14 -3.304729672814822e+06
14 37 -4.517755838115641e+04
37 14 -4.517755838115641e+04
14 38 -7.939395365267589e+04
38 14 -7.939395365267589e+04
14 39 -3.887776610461044e+04
39 14 -3.887776610461044e+04
14 40 -2.412173935498226e+06
40 14 -2.412173935498226e+06
14 41 -1.451763628193491e+06
41 14 -1.451763628193491e+06
14 42  2.578079145891381e+06
42 14  2.578079145891381e+06
14 43  5.926506576243952e+04
43 14  5.926506576243952e+04
14 44 -8.963557099286729e+03
44 14 -8.963557099286729e+03
14 45 -4.417041980952095e+03
45 14 -4.417041980952095e+03
14 46 -7.225696759677328e+06
46 14 -7.225696759677328e+06
14 47 -6.362545230501736e+06
47 14 -6.362545230501736e+06
14 48  9.271493562113089e+05
48 14  9.271493562113089e+05
14 49 -3.572963393276265e+04
49 14 -3.572963393276265e+04
14 50 -1.074206816216245e+05
50 14 -1.074206816216245e+05
14 51  6.266737868763815e+04
51 14  6.266737868763815e+04
14 52 -3.027250841113181e+06
52 14 -3.027250841113181e+06
14 53 -3.077517877176156e+06
53 14 -3.077517877176156e+06
14 54 -1.826863557649445e+06
54 14 -1.826863557649445e+06
15 15  3.868633788717963e+05
15 16 -6.349496052853752e+05
16 15 -6.349496052853752e+05
15 17 -5.407983273914664e+05
17 15 -5.407983273914664e+05
15 18 -6.410717519304884e+04
18 15 -6.410717519304884e+04
15 19  1.286084649233486e+04
19 15  1.286084649233486e+04
15 20  1.695911328403774e+03
20 15  1.695911328403774e+03
15 21  1.177725652557752e+05
21 15  1.177725652557752e+05
15 22 -2.429314105371621e+05
22 15 -2.429314105371621e+05
15 23 -2.399963352082148e+05
23 15 -2.399963352082148e+05
15 24 -3.540491795870191e+05
24 15 -3.540491795870191e+05
15 37 -7.396986764407804e+04
37 15 -7.396986764407804e+04
15 38 -3.929003007011840e+04
38 15 -3.929003007011840e+04
15 39 -1.962630248568580e+05
39 15 -1.962630248568580e+05
15 40 -2.218776078776040e+05
40 15 -2.218776078776040e+05
15 41 -1.268091568867588e+05
41 15 -1.268091568867588e+05
15 42  1.689943834924068e+05
42 15  1.689943834924068e+05
15 43 -2.723461890750368e+04
43 15 -2.723461890750368e+04
15 44 -5.711696810212272e+03
44 15 -5.711696810212272e+03
15 45 -2.763674816284822e+05
45 15 -2.763674816284822e+05
15 46 -6.391458441761845e+05
46 15 -6.391458441761845e+05
15 47 -5.462427221085115e+05
47 15 -5.462427221085115e+05
15 48 -2.921412286981943e+04
48 15 -2.921412286981943e+04
15 49  4.054993266951156e+04
49 15  4.054993266951156e+04
15 50  6.406266221270760e+04
50 15  6.406266221270760e+04
15 51 -1.901154106049123e+05
51 15 -1.901154106049123e+05
15 52 -2.668915245033479e+05
52 15 -2.668915245033479e+05
15 53 -2.593833401006283e+05
53 15 -2.593833401006283e+05
15 54 -2.130194345893290e+05
54 15 -2.130194345893290e+05
16 16  9.129669355418522e+08
16 17  7.878145640762678e+08
17 16  7.878145640762678e+08
16 18 -2.200036227737911e+06
18 16 -2.200036227737911e+06
16 19  2.290769626897968e+06
19 16  2.290769626897968e+06
16 20 -1.965181712903470e+06
20 16 -1.965181712903470e+06
16 21 -2.259731132418792e+05
21 16 -2.259731132418792e+05
16 22  3.637260363893580e+08
22 16  3.637260363893580e+08
16 23  4.174329969548754e+08
23 16  4.174329969548754e+08
16 24  6.616150704879562e+07
24 16  6.616150704879562e+07
16 37 -1.891459392041325e+06
37 16 -1.891459392041325e+06
16 38  3.836795688889207e+06
38 16  3.836795688889207e+06
16 39  1.707169538527461e+05
39 16  1.707169538527461e+05
16 40  4.215743634382896e+08
40 16  4.215743634382896e+08
16 41  2.079725932616167e+08
41 16  2.079725932616167e+08
16 42  1.233161666715625e+07
42 16  1.233161666715625e+07
16 43 -6.220793359425736e+06
43 16 -6.220793359425736e+06
16 44  7.224348622915005e+06
44 16  7.224348622915005e+06
16 45  6.352692418069588e+05
45 16  6.352692418069588e+05
16 46  9.121247482908011e+08
46 16  9.121247482908011e+08
16 47  7.930792387464306e+08
47 16  7.930792387464306e+08
16 48 -5.215575267738699e+07
48 16 -5.215575267738699e+07
16 49 -2.647461350930794e+06
49 16 -2.647461350930794e+06
16 50  2.268559120636037e+06
50 16  2.268559120636037e+06
16 51  2.541807555661385e+05
51 16  2.541807555661385e+05
16 52  3.547819114653537e+08
52 16  3.547819114653537e+08
16 53  4.216076149863043e+08
53 16  4.216076149863043e+08
16 54 -5.116470132598487e+07
54 16 -5.116470132598487e+07
17 17  6.995312032492325e+08
17 18 -1.378293408949521e+08
18 17 -1.378293408949521e+08
17 19  2.376139953193442e+06
19 17  2.376139953193442e+06
17 20 -2.037090292750194e+06
20 17 -2.037090292750194e+06
17 21 -2.361430345363091e+05
21 17 -2.361430345363091e+05
17 22  3.181248228108217e+08
22 17  3.181248228108217e+08
17 23  3.739648745025481e+08
23 17  3.739648745025481e+08
17 24 -2.428593048481584e+07
24 17 -2.428593048481584e+07
17 37 -1.756515114680819e+06
37 17 -1.756515114680819e+06
17 38  3.511467235567074e+06
38 17  3.511467235567074e+06
17 39  1.713161463491704e+05
39 17  1.713161463491704e+05
17 40  3.574185682355345e+08
40 17  3.574185682355345e+08
17 41  1.802540999375161e+08
41 17  1.802540999375161e+08
17 42 -2.926509307493556e+07
42 17 -2.926509307493556e+07
17 43 -5.596770611522555e+06
43 17 -5.596770611522555e+06
17 44  6.351767170632964e+06
44 17  6.351767170632964e+06
17 45  5.852421567064627e+05
45 17  5.852421567064627e+05
17 46  7.762360811991299e+08
46 17  7.762360811991299e+08
17 47  6.930840165816418e+08
47 17  6.930840165816418e+08
17 48 -1.507646142650584e+08
48 17 -1.507646142650584e+08
17 49 -2.078400266190973e+06
49 17 -2.078400266190973e+06
17 50  1.777470316020635e+06
50 17  1.777470316020635e+06
17 51  1.718566318795362e+05
51 17  1.718566318795362e+05
17 52  3.016702476715556e+08
52 17  3.016702476715556e+08
17 53  3.737733496038562e+08
53 17  3.737733496038562e+08
17 54 -1.100130909701707e+08
54 17 -1.100130909701707e+08
18 18  1.648787435542214e+09
18 19 -4.236462105419193e+06
19 18 -4.236462105419193e+06
18 20  3.616314527617111e+06
20 18  3.616314527617111e+06
18 21  3.942901136900010e+05
21 18  3.942901136900010e+05
18 22 -2.787796446770135e+07
22 18 -2.787796446770135e+07
18 23 -1.284470210378893e+08
23 18 -1.284470210378893e+08
18 24  8.886411772019646e+08
24 18  8.886411772019646e+08
18 37  1.554943217160146e+06
37 18  1.554943217160146e+06
18 38 -2.438156173435513e+06
38 18 -2.438156173435513e+06
18 39 -3.176814197422362e+05
39 18 -3.176814197422362e+05
18 40  1.276434342238965e+08
40 18  1.276434342238965e+08
18 41  8.649345760591092e+06
41 18  8.649345760591092e+06
18 42  5.542297909556909e+08
42 18  5.542297909556909e+08
18 43  1.777357956112722e+06
43 18  1.777357956112722e+06
18 44 -5.009956869236426e+05
44 18 -5.009956869236426e+05
18 45 -3.059387675787365e+05
45 18 -3.059387675787365e+05
18 46  1.796880463948764e+08
46 18  1.796880463948764e+08
18 47 -6.270942667690975e+07
47 18 -6.270942667690975e+07
18 48  1.270133710333377e+09
48 18  1.270133710333377e+09
18 49 -2.373794274434159e+06
49 18 -2.373794274434159e+06
18 50  2.071827237090107e+06
50 18  2.071827237090107e+06
18 51  5.291733524800972e+05
51 18  5.291733524800972e+05
18 52  6.545575106623741e+07
52 18  6.545575106623741e+07
18 53 -8.841647280567595e+07
53 18 -8.841647280567595e+07
18 54  7.136175468386378e+08
54 18  7.136175468386378e+08
19 19  1.865563712097134e+05
19 20  5.248826942884149e+04
20 19  5.248826942884149e+04
19 21  4.631047721741787e+04
21 19  4.631047721741787e+04
19 22  5.126285910327434e+06
22 19  5.126285910327434e+06
19 23  9.650850547473779e+06
23 19  9.650850547473779e+06
19 24  1.089672584107515e+06
24 19  1.089672584107515e+06
19 25 -5.162705883095734e+03
25 19 -5.162705883095734e+03
19 26 -1.431845992754858e+04
26 19 -1.431845992754858e+04
19 27  1.045738981382052e+04
27 19  1.045738981382052e+04
19 28  1.740991112247735e+06
28 19  1.740991112247735e+06
19 29  4.378497993279118e+06
29 19  4.378497993279118e+06
19 30  5.433935439745558e+06
30 19  5.433935439745558e+06
19 43 -9.835165990322731e+04
43 19 -9.835165990322731e+04
19 44 -4.726726926851853e+04
44 19 -4.726726926851853e+04
19 45 -5.775428377613211e+04
45 19 -5.775428377613211e+04
19 46  1.981381013464904e+06
46 19  1.981381013464904e+06
19 47  2.194511819324408e+06
47 19  2.194511819324408e+06
19 48 -2.872369401863098e+06
48 19 -2.872369401863098e+06
19 49 -1.199531020738089e+04
49 19 -1.199531020738089e+04
19 50  5.184124400112034e+04
50 19  5.184124400112034e+04
19 51 -2.321283106801819e+04
51 19 -2.321283106801819e+04
19 52  5.039034604221883e+06
52 19  5.039034604221883e+06
19 53  9.608627039052397e+06
53 19  9.608627039052397e+06
19 54  5.721059881422380e+05
54 19  5.721059881422380e+05
19 55 -5.465558727113515e+04
55 19 -5.465558727113515e+04
19 56 -1.707188396089248e+04
56 19 -1.707188396089248e+04
19 57  1.133840132057706e+04
57 19  1.133840132057706e+04
19 58  1.963128419479614e+06
58 19  1.963128419479614e+06
19 59  4.517902618697826e+06
59 19  4.517902618697826e+06
19 60  3.552276140216474e+06
60 19  3.552276140216474e+06
20 20  2.565304455949895e+05
20 21 -2.119495559212806e+04
21 20 -2.119495559212806e+04
20 22 -3.190912621020098e+06
22 20 -3.190912621020098e+06
20 23 -4.993027726508830e+06
23 20 -4.993027726508830e+06
20 24  2.199970206113166e+06
24 20  2.199970206113166e+06
20 25 -1.420763048744335e+04
25 20 -1.420763048744335e+04
20 26 -5.466572141899802e+04
26 20 -5.466572141899802e+04
20 27  1.965550050684401e+03
27 20  1.965550050684401e+03
20 28 -4.791143581188777e+05
28 20 -4.791143581188777e+05
20 29 -1.206579714085756e+06
29 20 -1.206579714085756e+06
20 30 -1.489879259873174e+06
30 20 -1.489879259873174e+06
20 43 -5.234379441353186e+04
43 20 -5.234379441353186e+04
20 44 -1.074220453558694e+05
44 20 -1.074220453558694e+05
20 45 -5.579992726119560e+04
45 20 -5.579992726119560e+04
20 46 -1.701747340909298e+06
46 20 -1.701747340909298e+06
20 47 -1.881932045922509e+06
47 20 -1.881932045922509e+06
20 48  2.450224942715356e+06
48 20  2.450224942715356e+06
20 49  5.210522237920719e+04
49 20  5.210522237920719e+04
20 50  6.741654305450028e+04
50 20  6.741654305450028e+04
20 51 -3.778955514080390e+03
51 20 -3.778955514080390e+03
20 52 -2.988101372363145e+06
52 20 -2.988101372363145e+06
20 53 -4.876119508601522e+06
53 20 -4.876119508601522e+06
20 54  1.550866323650440e+06
54 20  1.550866323650440e+06
20 55 -1.717690671559018e+04
55 20 -1.717690671559018e+04
20 56 -1.416104525390568e+05
56 20 -1.416104525390568e+05
20 57  7.711237698831588e+04
57 20  7.711237698831588e+04
20 58 -5.397374814850369e+05
58 20 -5.397374814850369e+05
20 59 -1.244829742737313e+06
59 20 -1.244829742737313e+06
20 60 -9.728935574312953e+05
60 20 -9.728935574312953e+05
21 21  3.426752640215495e+05
21 22 -5.057681218855577e+05
22 21 -5.057681218855577e+05
21 23 -9.495284224052471e+05
23 21 -9.495284224052471e+05
21 24 -1.302372105296300e+05
24 21 -1.302372105296300e+05
21 25  1.014998319897876e+04
25 21  1.014998319897876e+04
21 26  8.440571395527788e+02
26 21  8.440571395527788e+02
21 27  9.843747068181880e+04
27 21  9.843747068181880e+04
21 28 -1.747002302045745e+05
28 21 -1.747002302045745e+05
21 29 -4.303595112935160e+05
29 21 -4.303595112935160e+05
21 30 -5.348782000455812e+05
30 21 -5.348782000455812e+05
21 43 -5.891795775901417e+04
43 21 -5.891795775901417e+04
21 44 -5.530924192638315e+04
44 21 -5.530924192638315e+04
21 45 -1.703323231101828e+05
45 21 -1.703323231101828e+05
21 46 -2.001444280120944e+05
46 21 -2.001444280120944e+05
21 47 -2.173638877635026e+05
47 21 -2.173638877635026e+05
21 48  2.649440230555544e+05
48 21  2.649440230555544e+05
21 49 -2.053742388832881e+04
49 21 -2.053742388832881e+04
21 50 -5.045617230681586e+03
50 21 -5.045617230681586e+03
21 51 -2.166339697522032e+05
51 21 -2.166339697522032e+05
21 52 -4.985904552981547e+05
52 21 -4.985904552981547e+05
21 53 -9.453641257060140e+05
53 21 -9.453641257060140e+05
21 54 -7.457393222204078e+04
54 21 -7.457393222204078e+04
21 55  9.380340293784589e+03
55 21  9.380340293784589e+03
21 56  7.763841178361693e+04
56 21  7.763841178361693e+04
21 57 -1.719190070967575e+05
57 21 -1.719190070967575e+05
21 58 -1.933512488546694e+05
58 21 -1.933512488546694e+05
21 59 -4.449743613642394e+05
59 21 -4.449743613642394e+05
21 60 -3.498688312767320e+05
60 21 -3.498688312767320e+05
22 22  4.848914510244035e+08
22 23  7.094429908633339e+08
23 22  7.094429908633339e+08
22 24  6.882655624292927e+07
24 22  6.882655624292927e+07
22 25  6.461010147867611e+05
25 22  6.461010147867611e+05
22 26 -1.786288490347572e+05
26 22 -1.786288490347572e+05
22 27 -6.059300920538242e+04
27 22 -6.059300920538242e+04
22 28  6.465549584938765e+07
28 22  6.465549584938765e+07
22 29  1.981740273333138e+08
29 22  1.981740273333138e+08
22 30  1.022398556187026e+08
30 22  1.022398556187026e+08
22 43 -2.091411707922487e+06
43 22 -2.091411707922487e+06
22 44  2.498764460894896e+06
44 22  2.498764460894896e+06
22 45  1.741118893440963e+05
45 22  1.741118893440963e+05
22 46  3.781329724658431e+08
46 22  3.781329724658431e+08
22 47  3.180714767465731e+08
47 22  3.180714767465731e+08
22 48  4.061493789180543e+07
48 22  4.061493789180543e+07
22 49 -4.630316009962523e+06
49 22 -4.630316009962523e+06
22 50  3.261639243871592e+06
50 22  3.261639243871592e+06
22 51  4.605990685771341e+05
51 22  4.605990685771341e+05
22 52  4.960719763186575e+08
52 22  4.960719763186575e+08
22 53  7.136736899060928e+08
53 22  7.136736899060928e+08
22 54  8.174072345572069e+07
54 22  8.174072345572069e+07
22 55 -1.492181855316467e+06
55 22 -1.492181855316467e+06
22 56  4.120975133861908e+05
56 22  4.120975133861908e+05
22 57  1.745815837068718e+05
57 22  1.745815837068718e+05
22 58  6.503070079024074e+07
58 22  6.503070079024074e+07
22 59  2.006570799969669e+08
59 22  2.006570799969669e+08
22 60  4.631472359888602e+07
60 22  4.631472359888602e+07
23 23  1.408872468831298e+09
23 24 -1.080307832295543e+08
24 23 -1.080307832295543e+08
23 25  4.353658667967977e+06
25 23  4.353658667967977e+06
23 26 -1.199475371487385e+06
26 23 -1.199475371487385e+06
23 27 -4.296324000436406e+05
27 23 -4.296324000436406e+05
23 28  2.120864826120935e+08
28 23  2.120864826120935e+08
23 29  7.599277405235344e+08
29 23  7.599277405235344e+08
23 30  2.824047002870078e+07
30 23  2.824047002870078e+07
23 43 -2.741329367803612e+06
43 23 -2.741329367803612e+06
23 44  3.173994734750458e+06
44 23  3.173994734750458e+06
23 45  2.642606525127114e+05
45 23  2.642606525127114e+05
23 46  4.243897794728764e+08
46 23  4.243897794728764e+08
23 47  3.694950979909322e+08
47 23  3.694950979909322e+08
23 48 -2.762527039724299e+07
48 23 -2.762527039724299e+07
23 49 -9.572344754713139e+06
49 23 -9.572344754713139e+06
23 50  4.798733753798416e+06
50 23  4.798733753798416e+06
23 51  9.969646394885846e+05
51 23  9.969646394885846e+05
23 52  6.953713933636477e+08
52 23  6.953713933636477e+08
23 53  1.403603463563013e+09
53 23  1.403603463563013e+09
23 54 -1.475219269779670e+08
54 23 -1.475219269779670e+08
23 55 -4.127892789371344e+06
55 23 -4.127892789371344e+06
23 56  1.134970245988483e+06
56 23  1.134970245988483e+06
23 57  3.579318656558067e+05
57 23  3.579318656558067e+05
23 58  1.892571101510522e+08
58 23  1.892571101510522e+08
23 59  7.604207487990384e+08
59 23  7.604207487990384e+08
23 60 -1.118950421612260e+08
60 23 -1.118950421612260e+08
24 24  1.854605151888279e+09
24 25 -5.616205478956286e+06
25 24 -5.616205478956286e+06
24 26  1.540108354116363e+06
26 24  1.540108354116363e+06
24 27  5.528485367260039e+05
27 24  5.528485367260039e+05
24 28  6.334746428827035e+07
28 24  6.334746428827035e+07
24 29 -1.129672775286329e+08
29 24 -1.129672775286329e+08
24 30  9.587606684729148e+08
30 24  9.587606684729148e+08
24 43  2.780201546281238e+06
43 24  2.780201546281238e+06
24 44 -2.383331537763813e+06
44 24 -2.383331537763813e+06
24 45 -5.654143643990055e+05
45 24 -5.654143643990055e+05
24 46  1.574973302824878e+08
46 24  1.574973302824878e+08
24 47  1.651847129237922e+07
47 24  1.651847129237922e+07
24 48  6.952862115139136e+08
48 24  6.952862115139136e+08
24 49  1.521317161817982e+06
49 24  1.521317161817982e+06
24 50  9.381216801313162e+05
50 24  9.381216801313162e+05
24 51 -2.745027545098322e+05
51 24 -2.745027545098322e+05
24 52  2.281337146999790e+08
52 24  2.281337146999790e+08
24 53 -4.358954436510129e+07
53 24 -4.358954436510129e+07
24 54  1.485253431889984e+09
54 24  1.485253431889984e+09
24 55 -3.605688797683505e+06
55 24 -3.605688797683505e+06
24 56  1.009860970217790e+06
56 24  1.009860970217790e+06
24 57  7.713549722994830e+05
57 24  7.713549722994830e+05
24 58  1.309724026385268e+08
58 24  1.309724026385268e+08
24 59 -8.915305824224262e+07
59 24 -8.915305824224262e+07
24 60  7.828826190380291e+08
60 24  7.828826190380291e+08
25 25  8.128327533110087e+04
25 26  2.694598306089244e+04
26 25  2.694598306089244e+04
25 27  2.925649462056473e+04
27 25  2.925649462056473e+04
25 28  1.126236732753134e+06
28 25  1.126236732753134e+06
25 29  6.117449168034196e+06
29 25  6.117449168034196e+06
25 30 -5.663494945145290e+06
30 25 -5.663494945145290e+06
25 49 -6.269694112057058e+04
49 25 -6.269694112057058e+04
25 50 -3.189040524889854e+04
50 25 -3.189040524889854e+04
25 51 -2.908165638131178e+04
51 25 -2.908165638131178e+04
25 52  4.089218391021850e+05
52 25  4.089218391021850e+05
25 53  4.215563973067650e+06
53 25  4.215563973067650e+06
25 54 -3.838507983413007e+06
54 25 -3.838507983413007e+06
25 55 -1.342362832743456e+04
55 25 -1.342362832743456e+04
25 56  1.915205267544946e+04
56 25  1.915205267544946e+04
25 57 -1.032482143823171e+04
57 25 -1.032482143823171e+04
25 58  8.890575570418811e+05
58 25  8.890575570418811e+05
25 59  5.979354473019596e+06
59 25  5.979354473019596e+06
25 60 -3.885797449554839e+06
60 25 -3.885797449554839e+06
26 26  1.431735641466056e+05
26 27  7.330306020372421e+04
27 26  7.330306020372421e+04
26 28 -3.142817619695130e+05
28 26 -3.142817619695130e+05
26 29 -1.683265172571431e+06
29 26 -1.683265172571431e+06
26 30  1.553469062380520e+06
30 26  1.553469062380520e+06
26 49 -3.199616687675401e+04
49 26 -3.199616687675401e+04
26 50 -1.416106282277687e+05
50 26 -1.416106282277687e+05
26 51 -7.334961069986608e+04
51 26 -7.334961069986608e+04
26 52 -1.138578321273426e+05
52 26 -1.138578321273426e+05
26 53 -1.161587494850872e+06
53 26 -1.161587494850872e+06
26 54  1.051755934556774e+06
54 26  1.051755934556774e+06
26 55  1.936864374341016e+04
55 26  1.936864374341016e+04
26 56  5.310278550016108e+04
56 26  5.310278550016108e+04
26 57 -7.975066434109061e+02
57 26 -7.975066434109061e+02
26 58 -2.495107451763720e+05
58 26 -2.495107451763720e+05
26 59 -1.645377296355866e+06
59 26 -1.645377296355866e+06
26 60  1.065116642832186e+06
60 26  1.065116642832186e+06
27 27  1.640608987303229e+05
27 28 -1.077897298930295e+05
28 27 -1.077897298930295e+05
27 29 -6.033761096206327e+05
29 27 -6.033761096206327e+05
27 30  5.574970297257912e+05
30 27  5.574970297257912e+05
27 49 -3.106720903893808e+04
49 27 -3.106720903893808e+04
27 50 -7.281607676936180e+04
50 27 -7.281607676936180e+04
27 51 -1.638762632440446e+05
51 27 -1.638762632440446e+05
27 52 -4.027540046252293e+04
52 27 -4.027540046252293e+04
27 53 -4.151973049549136e+05
53 27 -4.151973049549136e+05
27 54  3.780601513704954e+05
54 27  3.780601513704954e+05
27 55 -8.646675395447166e+03
55 27 -8.646675395447166e+03
27 56 -2.452533485046836e+03
56 27 -2.452533485046836e+03
27 57 -9.862210616809718e+04
57 27 -9.862210616809718e+04
27 58 -8.747212110299767e+04
58 27 -8.747212110299767e+04
27 59 -5.889410145206505e+05
59 27 -5.889410145206505e+05
27 60  3.827086448179081e+05
60 27  3.827086448179081e+05
28 28  7.581705734362130e+07
28 29  2.441753369505564e+08
29 28  2.441753369505564e+08
28 30  6.224992544874656e+07
30 28  6.224992544874656e+07
28 49 -8.979562429743913e+05
49 28 -8.979562429743913e+05
28 50  2.453933694230359e+05
50 28  2.453933694230359e+05
28 51  4.058683807129014e+04
51 28  4.058683807129014e+04
28 52  7.613913064200503e+07
52 28  7.613913064200503e+07
28 53  2.136458422678204e+08
53 28  2.136458422678204e+08
28 54  8.406153155059551e+07
54 28  8.406153155059551e+07
28 55 -1.969271602026477e+06
55 28 -1.969271602026477e+06
28 56  5.480027506653548e+05
56 28  5.480027506653548e+05
28 57  2.419031220263139e+05
57 28  2.419031220263139e+05
28 58  8.505671979338089e+07
58 28  8.505671979338089e+07
28 59  2.463383327010327e+08
59 28  2.463383327010327e+08
28 60  8.318089547887592e+07
60 28  8.318089547887592e+07
29 29  9.310685761798153e+08
29 30 -1.177242195065152e+08
30 29 -1.177242195065152e+08
29 49 -4.615359136242000e+06
49 29 -4.615359136242000e+06
29 50  1.270159828385556e+06
50 29  1.270159828385556e+06
29 51  4.290056022704954e+05
51 29  4.290056022704954e+05
29 52  2.160240292185860e+08
52 29  2.160240292185860e+08
29 53  7.568727692129059e+08
53 29  7.568727692129059e+08
29 54  2.786003841306599e+07
54 29  2.786003841306599e+07
29 55 -5.880588025071315e+06
55 29 -5.880588025071315e+06
29 56  1.619685058271631e+06
56 29  1.619685058271631e+06
29 57  6.047300186436533e+05
57 29  6.047300186436533e+05
29 58  2.626289749305778e+08
58 29  2.626289749305778e+08
29 59  9.278064241831549e+08
59 29  9.278064241831549e+08
29 60  2.304364340183925e+07
60 29  2.304364340183925e+07
30 30  9.633469325661274e+08
30 49  3.788258839023962e+06
49 30  3.788258839023962e+06
30 50 -1.060065212673924e+06
50 30 -1.060065212673924e+06
30 51 -7.873431863212808e+05
51 30 -7.873431863212808e+05
30 52  1.688935051665813e+08
52 30  1.688935051665813e+08
30 53  5.259800989807456e+07
53 30  5.259800989807456e+07
30 54  7.753222195749922e+08
54 30  7.753222195749922e+08
30 55 -3.558699333624228e+06
55 30 -3.558699333624228e+06
30 56  9.964754101665780e+05
56 30  9.964754101665780e+05
