1 1  1.000000000000000e+36
1 2  1.506334353706714e+04
2 1  1.506334353706714e+04
1 3  1.473306650647318e+04
3 1  1.473306650647318e+04
1 4  2.196303681362151e+06
4 1  2.196303681362151e+06
1 5  1.104437004470821e+05
5 1  1.104437004470821e+05
1 6  1.105772670907493e+07
6 1  1.105772670907493e+07
1 7 -1.443470910190427e+05
7 1 -1.443470910190427e+05
1 8  1.108867197069931e+02
8 1  1.108867197069931e+02
1 9  1.357248861350688e+04
9 1  1.357248861350688e+04
1 10  2.196303681362151e+06
10 1  2.196303681362151e+06
1 11  6.495460009070858e+04
11 1  6.495460009070858e+04
1 12  1.105772670907492e+07
12 1  1.105772670907492e+07
1 37  4.308599224060887e+04
37 1  4.308599224060887e+04
1 38 -1.674163672717077e+02
38 1 -1.674163672717077e+02
1 39 -8.061369861795509e+03
39 1 -8.061369861795509e+03
1 40  1.769931462048401e+06
40 1  1.769931462048401e+06
1 41 -3.342140467925391e+06
41 1 -3.342140467925391e+06
1 42  4.272992318776380e+06
42 1  4.272992318776380e+06
1 43 -7.737534802629172e+04
43 1 -7.737534802629172e+04
1 44 -2.274258146449343e+04
44 1 -2.274258146449343e+04
1 45 -1.288780509489422e+04
45 1 -1.288780509489422e+04
1 46  1.769931462048401e+06
46 1  1.769931462048401e+06
1 47 -1.046626352813807e+06
47 1 -1.046626352813807e+06
1 48  4.272992318776380e+06
48 1  4.272992318776380e+06
1 1117  4.353826754087226e+04
1117 1  4.353826754087226e+04
1 1118  5.652964756471459e+01
1118 1  5.652964756471459e+01
1 1119  5.787606232312292e+03
1119 1  5.787606232312292e+03
1 1120  3.495144876167147e-14
1120 1  3.495144876167147e-14
1 1121  3.452584168372474e+06
1121 1  3.452584168372474e+06
1 1122  4.615158062290285e+06
1122 1  4.615158062290285e+06
1 1123 -7.219730354026539e+04
1123 1 -7.219730354026539e+04
1 1124  7.679237927426285e+03
1124 1  7.679237927426285e+03
1 1125 -1.314398639560262e+04
1125 1 -1.314398639560262e+04
1 1127  1.111580952904515e+06
1127 1  1.111580952904515e+06
1 1128  4.615158062290285e+06
1128 1  4.615158062290285e+06
2 2  1.000000000000000e+36
2 3 -2.996286351919174e+03
3 2 -2.996286351919174e+03
2 4 -1.368852558053513e+02
4 2 -1.368852558053513e+02
2 5 -8.077935669463161e-27
5 2 -8.077935669463161e-27
2 6 -6.881668713029749e+02
6 2 -6.881668713029749e+02
2 7 -1.108867197073405e+02
7 2 -1.108867197073405e+02
2 8 -5.030208904865349e+05
8 2 -5.030208904865349e+05
2 9  2.205674643869645e+01
9 2  2.205674643869645e+01
2 10  3.097528997172067e-13
10 2  3.097528997172067e-13
2 11  1.050131637030211e-26
11 2  1.050131637030211e-26
2 12  1.557232484726527e-12
12 2  1.557232484726527e-12
2 37  1.674163672720551e+02
37 2  1.674163672720551e+02
2 38  2.512312537992083e+05
38 2  2.512312537992083e+05
2 39  5.518977553691393e+02
39 2  5.518977553691393e+02
2 40  3.425096975797940e+03
40 2  3.425096975797940e+03
2 41 -3.637978807091724e-12
41 2 -3.637978807091724e-12
2 42 -1.038991892363136e+03
42 2 -1.038991892363136e+03
2 43 -2.274258146449343e+04
43 2 -2.274258146449343e+04
2 44 -2.858642450068641e+05
44 2 -2.858642450068641e+05
2 45 -7.497223757800889e+04
45 2 -7.497223757800889e+04
2 46 -2.315634154984573e-13
46 2 -2.315634154984573e-13
2 47  7.674038885990003e-27
47 2  7.674038885990003e-27
2 48 -7.633622167399976e-13
48 2 -7.633622167399976e-13
2 1117 -5.652964756471459e+01
1117 2 -5.652964756471459e+01
2 1118  2.512312294247892e+05
1118 2  2.512312294247892e+05
2 1119 -5.739545018078430e+02
1119 2 -5.739545018078430e+02
2 1120 -3.561982231603292e+03
1120 2 -3.561982231603292e+03
2 1121  3.637978807091713e-12
1121 2  3.637978807091713e-12
2 1122  3.508250210601582e+02
1122 2  3.508250210601582e+02
2 1123  7.679237927426285e+03
1123 2  7.679237927426285e+03
2 1124 -2.858642235857031e+05
1124 2 -2.858642235857031e+05
2 1125  7.796852392992805e+04
1125 2  7.796852392992805e+04
2 1126 -7.818948421874940e-14
1126 2 -7.818948421874940e-14
2 1128 -7.938702679865384e-13
1128 2 -7.938702679865384e-13
3 3  1.000000000000000e+36
3 4 -4.530383835003872e+05
4 3 -4.530383835003872e+05
3 5  5.552386042735663e+05
5 3  5.552386042735663e+05
3 6 -2.196303682757874e+06
6 3 -2.196303682757874e+06
3 7  1.357248861350688e+04
7 3  1.357248861350688e+04
3 8 -2.205674643862369e+01
8 3 -2.205674643862369e+01
3 9 -7.881333788430221e+04
9 3 -7.881333788430221e+04
3 10 -4.530383835003872e+05
10 3 -4.530383835003872e+05
3 11  3.265478325297646e+05
11 3  3.265478325297646e+05
3 12 -2.196303682757874e+06
12 3 -2.196303682757874e+06
3 37  4.695695797012930e+03
37 3  4.695695797012930e+03
3 38 -5.518977553692193e+02
38 3 -5.518977553692193e+02
3 39  3.804891015440595e+04
39 3  3.804891015440595e+04
3 40 -3.421662453503113e+05
40 3 -3.421662453503113e+05
3 41  9.533969197080560e+05
41 3  9.533969197080560e+05
3 42 -8.260623473150354e+05
42 3 -8.260623473150354e+05
3 43 -2.564487075370266e+04
43 3 -2.564487075370266e+04
3 44 -7.497223757800889e+04
44 3 -7.497223757800889e+04
3 45 -1.350435717897326e+05
45 3 -1.350435717897326e+05
3 46 -3.421662453503113e+05
46 3 -3.421662453503113e+05
3 47  3.779210477658568e+05
47 3  3.779210477658568e+05
3 48 -8.260623473150354e+05
48 3 -8.260623473150354e+05
3 1117 -6.969465587901321e+03
1117 3 -6.969465587901321e+03
3 1118  5.739545018078358e+02
1118 3  5.739545018078358e+02
3 1119  3.759661498148045e+04
1119 3  3.759661498148045e+04
3 1120  3.548676177133848e-13
1120 3  3.548676177133848e-13
3 1121 -3.981583154344897e+05
1121 3 -3.981583154344897e+05
3 1122 -9.438695569588158e+05
1122 3 -9.438695569588158e+05
3 1123 -3.869145753890080e+02
1123 3 -3.869145753890080e+02
3 1124  7.796852392992807e+04
1124 3  7.796852392992807e+04
3 1125 -1.402216076702851e+05
1125 3 -1.402216076702851e+05
3 1127 -5.137321523609218e+04
1127 3 -5.137321523609218e+04
3 1128 -9.438695569588158e+05
1128 3 -9.438695569588158e+05
4 4  1.000000000000000e+36
4 5 -4.519836155722104e+04
5 4 -4.519836155722104e+04
4 6  1.507050324595709e+08
6 4  1.507050324595709e+08
4 7 -2.196303681362151e+06
7 4 -2.196303681362151e+06
4 8  3.097528997172019e-13
8 4  3.097528997172019e-13
4 9  4.530383835003871e+05
9 4  4.530383835003871e+05
4 10  3.001530043359428e+07
10 4  3.001530043359428e+07
4 11  3.409911051075906e+02
11 4  3.409911051075906e+02
4 12  1.509713009093323e+08
12 4  1.509713009093323e+08
4 37  8.471487369506372e+05
37 4  8.471487369506372e+05
4 38 -3.425096975797941e+03
38 4 -3.425096975797941e+03
4 39 -3.562557253014959e+05
39 4 -3.562557253014959e+05
4 40  2.676772384044115e+07
40 4  2.676772384044115e+07
4 41 -8.287693173329702e+06
41 4 -8.287693173329702e+06
4 42  6.467799155232724e+07
42 4  6.467799155232724e+07
4 43 -8.471487369506373e+05
43 4 -8.471487369506373e+05
4 44 -2.315634154984573e-13
44 4 -2.315634154984573e-13
4 45  3.562557253014960e+05
45 4  3.562557253014960e+05
4 46  2.663431960206489e+07
46 4  2.663431960206489e+07
4 47  8.355418668621334e+06
47 4  8.355418668621334e+06
4 48  6.423821675063760e+07
48 4  6.423821675063760e+07
4 1117  9.189964648388141e+05
1117 4  9.189964648388141e+05
4 1118  3.561982231603292e+03
1118 4  3.561982231603292e+03
4 1119  4.947575144949513e+03
1119 4  4.947575144949513e+03
4 1120  7.106007843379356e+03
1120 4  7.106007843379356e+03
4 1121  8.287352182224561e+06
1121 4  8.287352182224561e+06
4 1122  6.985670713989908e+07
1122 4  6.985670713989908e+07
4 1123 -9.189964648388141e+05
1123 4 -9.189964648388141e+05
4 1124 -7.818948421874941e-14
1124 4 -7.818948421874941e-14
4 1125 -4.947575144949514e+03
1125 4 -4.947575144949514e+03
4 1126 -8.103890789925111e+03
1126 4 -8.103890789925111e+03
4 1127 -8.310220307064148e+06
1127 4 -8.310220307064148e+06
4 1128  6.970227862019828e+07
1128 4  6.970227862019828e+07
5 5  1.000000000000000e+36
5 6  8.984440457008779e+03
6 5  8.984440457008779e+03
5 7  6.495460009071091e+04
7 5  6.495460009071091e+04
5 8  1.252080028766790e-26
8 5  1.252080028766790e-26
5 9  3.265478325297643e+05
9 5  3.265478325297643e+05
5 10 -3.409911051420495e+02
10 5 -3.409911051420495e+02
5 11  5.574246759300711e+08
11 5  5.574246759300711e+08
5 12  6.175164058059454e+01
12 5  6.175164058059454e+01
5 37  3.308567131463523e+06
37 5  3.308567131463523e+06
5 38  3.637978807091700e-12
38 5  3.637978807091700e-12
5 39 -1.064073360878651e+06
39 5 -1.064073360878651e+06
5 40  1.625639693761255e+07
40 5  1.625639693761255e+07
5 41  4.742232000906928e+08
41 5  4.742232000906928e+08
5 42  3.924686463506065e+07
42 5  3.924686463506065e+07
5 43  1.080199689275674e+06
43 5  1.080199689275674e+06
5 44  8.077935669463161e-27
44 5  8.077935669463161e-27
5 45 -2.672446065952614e+05
45 5 -2.672446065952614e+05
5 46  1.632412243290421e+07
46 5  1.632412243290421e+07
5 47  2.784312706513699e+08
47 5  2.784312706513699e+08
5 48  3.947012565452857e+07
48 5  3.947012565452857e+07
5 1117 -3.463920503908348e+06
1117 5 -3.463920503908348e+06
5 1118 -3.637978807091713e-12
1118 5 -3.637978807091713e-12
5 1119  2.830586079503985e+05
1119 5  2.830586079503985e+05
5 1120 -1.732433699968515e+02
1120 5 -1.732433699968515e+02
5 1121  4.742231469612142e+08
1121 5  4.742231469612142e+08
5 1122 -4.248042277053872e+07
1122 5 -4.248042277053872e+07
5 1123 -1.100244617368641e+06
1123 5 -1.100244617368641e+06
5 1125  1.664729227201834e+05
1125 5  1.664729227201834e+05
5 1126 -2.304136820958157e+04
1126 5 -2.304136820958157e+04
5 1127  2.784312616075913e+08
1127 5  2.784312616075913e+08
5 1128 -4.271260647882308e+07
1128 5 -4.271260647882308e+07
6 6  1.000000000000000e+36
6 7 -1.105772670907492e+07
7 6 -1.105772670907492e+07
6 8  1.557232484726529e-12
8 6  1.557232484726529e-12
6 9  2.196303682757873e+06
9 6  2.196303682757873e+06
6 10  1.509713009093323e+08
10 6  1.509713009093323e+08
6 11 -6.175164072960615e+01
11 6 -6.175164072960615e+01
6 12  7.589689537741882e+08
12 6  7.589689537741882e+08
6 37  4.258902837828921e+06
37 6  4.258902837828921e+06
6 38  1.038991892363135e+03
38 6  1.038991892363135e+03
6 39 -1.791017861799340e+06
39 6 -1.791017861799340e+06
6 40  1.344625164269733e+08
40 6  1.344625164269733e+08
6 41 -4.166414486031521e+07
41 6 -4.166414486031521e+07
6 42  3.248025014858593e+08
42 6  3.248025014858593e+08
6 43 -4.258902837828922e+06
43 6 -4.258902837828922e+06
6 44 -7.633622167399975e-13
44 6 -7.633622167399975e-13
6 45  1.791017861799340e+06
45 6  1.791017861799340e+06
6 46  1.340227416252836e+08
46 6  1.340227416252836e+08
6 47  4.188740587978298e+07
47 6  4.188740587978298e+07
6 48  3.233527583700845e+08
48 6  3.233527583700845e+08
6 1117  4.620105633569319e+06
1117 6  4.620105633569319e+06
6 1118 -3.508250210601598e+02
1118 6 -3.508250210601598e+02
6 1119  2.487313137129204e+04
1119 6  2.487313137129204e+04
6 1120  7.214842772406053e+04
1120 6  7.214842772406053e+04
6 1121  4.166420661195578e+07
1121 6  4.166420661195578e+07
6 1122  3.515630818870042e+08
1122 6  3.515630818870042e+08
6 1123 -4.620105633569319e+06
1123 6 -4.620105633569319e+06
6 1124 -7.938702679865384e-13
1124 6 -7.938702679865384e-13
6 1125 -2.487313137129204e+04
1125 6 -2.487313137129204e+04
6 1126 -8.228009197672627e+04
1126 6 -8.228009197672627e+04
6 1127 -4.189639032024015e+07
1127 6 -4.189639032024015e+07
6 1128  3.499951445672408e+08
1128 6  3.499951445672408e+08
7 7  1.000000000000000e+36
7 8  3.710738383233547e-10
8 7  3.710738383233547e-10
7 9  2.946613301294628e+04
9 7  2.946613301294628e+04
7 10  4.656612873077393e-10
10 7  4.656612873077393e-10
7 11  2.208874008941655e+05
11 7  2.208874008941655e+05
7 12  1.862645149230957e-09
12 7  1.862645149230957e-09
7 13 -1.443470910190427e+05
13 7 -1.443470910190427e+05
7 14  1.108867197069931e+02
14 7  1.108867197069931e+02
7 15  1.357248861350688e+04
15 7  1.357248861350688e+04
7 16  2.196303681362151e+06
16 7  2.196303681362151e+06
7 17  6.495460009070882e+04
17 7  6.495460009070882e+04
7 18  1.105772670907492e+07
18 7  1.105772670907492e+07
7 37 -7.737534802629164e+04
37 7 -7.737534802629164e+04
7 38  2.274258146449306e+04
38 7  2.274258146449306e+04
7 39 -1.288780509489417e+04
39 7 -1.288780509489417e+04
7 40 -1.769931462048400e+06
40 7 -1.769931462048400e+06
7 41 -1.046626352813805e+06
41 7 -1.046626352813805e+06
7 42 -4.272992318776379e+06
42 7 -4.272992318776379e+06
7 43  8.617198448121772e+04
43 7  8.617198448121772e+04
7 44  3.474269760772586e-10
44 7  3.474269760772586e-10
7 45 -1.612273972359100e+04
45 7 -1.612273972359100e+04
7 46  2.328306436538696e-10
46 7  2.328306436538696e-10
7 47 -6.684280935850782e+06
47 7 -6.684280935850782e+06
7 48  9.313225746154785e-10
48 7  9.313225746154785e-10
7 49 -7.737534802629172e+04
49 7 -7.737534802629172e+04
7 50 -2.274258146449343e+04
50 7 -2.274258146449343e+04
7 51 -1.288780509489422e+04
51 7 -1.288780509489422e+04
7 52  1.769931462048401e+06
52 7  1.769931462048401e+06
7 53 -1.046626352813807e+06
53 7 -1.046626352813807e+06
7 54  4.272992318776380e+06
54 7  4.272992318776380e+06
7 1117 -7.219730354026539e+04
1117 7 -7.219730354026539e+04
7 1118 -7.679237927426285e+03
1118 7 -7.679237927426285e+03
7 1119 -1.314398639560262e+04
1119 7 -1.314398639560262e+04
7 1121  1.111580952904516e+06
1121 7  1.111580952904516e+06
7 1122 -4.615158062290285e+06
1122 7 -4.615158062290285e+06
7 1123  8.707653508174453e+04
1123 7  8.707653508174453e+04
7 1125  1.157521246462458e+04
1125 7  1.157521246462458e+04
7 1127  6.905168336744947e+06
1127 7  6.905168336744947e+06
7 1129 -7.219730354026539e+04
1129 7 -7.219730354026539e+04
7 1130  7.679237927426285e+03
1130 7  7.679237927426285e+03
7 1131 -1.314398639560262e+04
1131 7 -1.314398639560262e+04
7 1133  1.111580952904515e+06
1133 7  1.111580952904515e+06
7 1134  4.615158062290285e+06
1134 7  4.615158062290285e+06
8 8  1.000000000000000e+36
8 9 -1.309672370553017e-10
9 8 -1.309672370553017e-10
8 10 -2.737705116107027e+02
10 8 -2.737705116107027e+02
8 11 -1.575197455545316e-26
11 8 -1.575197455545316e-26
8 12 -1.376333742605950e+03
12 8 -1.376333742605950e+03
8 13 -1.108867197073405e+02
13 8 -1.108867197073405e+02
8 14 -5.030208904865349e+05
14 8 -5.030208904865349e+05
8 15  2.205674643869645e+01
15 8  2.205674643869645e+01
8 16  3.097528997172067e-13
16 8  3.097528997172067e-13
8 17  1.050131637030211e-26
17 8  1.050131637030211e-26
8 18  1.557232484726527e-12
18 8  1.557232484726527e-12
8 37  2.274258146449306e+04
37 8  2.274258146449306e+04
8 38 -2.858642450068644e+05
38 8 -2.858642450068644e+05
8 39  7.497223757800902e+04
39 8  7.497223757800902e+04
8 40 -2.315634154984524e-13
40 8 -2.315634154984524e-13
8 41  7.674038885990003e-27
41 8  7.674038885990003e-27
8 42 -7.633622167399814e-13
42 8 -7.633622167399814e-13
8 43  3.474269760772586e-10
43 8  3.474269760772586e-10
8 44  5.024625075984165e+05
44 8  5.024625075984165e+05
8 45 -8.003553375601769e-11
45 8 -8.003553375601769e-11
8 46  6.850193951595879e+03
46 8  6.850193951595879e+03
8 47 -2.302211665797001e-26
47 8 -2.302211665797001e-26
8 48 -2.077983784726272e+03
48 8 -2.077983784726272e+03
8 49 -2.274258146449343e+04
49 8 -2.274258146449343e+04
8 50 -2.858642450068641e+05
50 8 -2.858642450068641e+05
8 51 -7.497223757800889e+04
51 8 -7.497223757800889e+04
8 52 -2.315634154984573e-13
52 8 -2.315634154984573e-13
8 53  7.674038885990003e-27
53 8  7.674038885990003e-27
8 54 -7.633622167399976e-13
54 8 -7.633622167399976e-13
8 1117 -7.679237927426285e+03
1117 8 -7.679237927426285e+03
8 1118 -2.858642235857031e+05
1118 8 -2.858642235857031e+05
8 1119 -7.796852392992807e+04
1119 8 -7.796852392992807e+04
8 1120 -7.818948421874941e-14
1120 8 -7.818948421874941e-14
8 1122 -7.938702679865384e-13
1122 8 -7.938702679865384e-13
8 1124  5.024624588495784e+05
1124 8  5.024624588495784e+05
8 1125 -7.275957614183426e-12
1125 8 -7.275957614183426e-12
8 1126 -7.123964463206585e+03
1126 8 -7.123964463206585e+03
8 1128  7.016500421203165e+02
1128 8  7.016500421203165e+02
8 1129  7.679237927426285e+03
1129 8  7.679237927426285e+03
8 1130 -2.858642235857031e+05
1130 8 -2.858642235857031e+05
8 1131  7.796852392992805e+04
1131 8  7.796852392992805e+04
8 1132 -7.818948421874940e-14
1132 8 -7.818948421874940e-14
8 1134 -7.938702679865384e-13
1134 8 -7.938702679865384e-13
9 9  1.000000000000000e+36
9 10 -5.820766091346741e-11
10 9 -5.820766091346741e-11
9 11  1.110477208547133e+06
11 9  1.110477208547133e+06
9 12 -6.984919309616089e-10
12 9 -6.984919309616089e-10
9 13  1.357248861350688e+04
13 9  1.357248861350688e+04
9 14 -2.205674643862369e+01
14 9 -2.205674643862369e+01
9 15 -7.881333788430221e+04
15 9 -7.881333788430221e+04
9 16 -4.530383835003873e+05
16 9 -4.530383835003873e+05
9 17  3.265478325297647e+05
17 9  3.265478325297647e+05
9 18 -2.196303682757874e+06
18 9 -2.196303682757874e+06
9 37 -2.564487075370259e+04
37 9 -2.564487075370259e+04
9 38  7.497223757800902e+04
38 9  7.497223757800902e+04
9 39 -1.350435717897327e+05
39 9 -1.350435717897327e+05
9 40  3.421662453503112e+05
40 9  3.421662453503112e+05
9 41  3.779210477658564e+05
41 9  3.779210477658564e+05
9 42  8.260623473150351e+05
42 9  8.260623473150351e+05
9 43  9.391391594025863e+03
43 9  9.391391594025863e+03
9 44 -8.003553375601769e-11
44 9 -8.003553375601769e-11
9 45  7.609782030881189e+04
45 9  7.609782030881189e+04
9 46 -1.164153218269348e-10
46 9 -1.164153218269348e-10
9 47  1.906793839416113e+06
47 9  1.906793839416113e+06
9 48 -3.492459654808044e-10
48 9 -3.492459654808044e-10
9 49 -2.564487075370266e+04
49 9 -2.564487075370266e+04
9 50 -7.497223757800889e+04
50 9 -7.497223757800889e+04
9 51 -1.350435717897326e+05
51 9 -1.350435717897326e+05
9 52 -3.421662453503113e+05
52 9 -3.421662453503113e+05
9 53  3.779210477658568e+05
53 9  3.779210477658568e+05
9 54 -8.260623473150354e+05
54 9 -8.260623473150354e+05
9 1117 -3.869145753890080e+02
1117 9 -3.869145753890080e+02
9 1118 -7.796852392992805e+04
1118 9 -7.796852392992805e+04
9 1119 -1.402216076702851e+05
1119 9 -1.402216076702851e+05
9 1121 -5.137321523609218e+04
1121 9 -5.137321523609218e+04
9 1122  9.438695569588158e+05
1122 9  9.438695569588158e+05
9 1123 -1.393893117580264e+04
1123 9 -1.393893117580264e+04
9 1124 -7.275957614183426e-12
1124 9 -7.275957614183426e-12
9 1125  7.519322996296090e+04
1125 9  7.519322996296090e+04
9 1127 -7.963166308689795e+05
1127 9 -7.963166308689795e+05
9 1129 -3.869145753890080e+02
1129 9 -3.869145753890080e+02
9 1130  7.796852392992807e+04
1130 9  7.796852392992807e+04
9 1131 -1.402216076702851e+05
1131 9 -1.402216076702851e+05
9 1133 -5.137321523609218e+04
1133 9 -5.137321523609218e+04
9 1134 -9.438695569588158e+05
1134 9 -9.438695569588158e+05
10 10  1.000000000000000e+36
10 11 -4.284083843231201e-08
11 10 -4.284083843231201e-08
10 12  3.014100649191418e+08
12 10  3.014100649191418e+08
10 13 -2.196303681362151e+06
13 10 -2.196303681362151e+06
10 14  3.097528997172019e-13
14 10  3.097528997172019e-13
10 15  4.530383835003872e+05
15 10  4.530383835003872e+05
10 16  3.001530043359428e+07
16 10  3.001530043359428e+07
10 17  3.409911051159725e+02
17 10  3.409911051159725e+02
10 18  1.509713009093323e+08
18 10  1.509713009093323e+08
10 37  8.471487369506373e+05
37 10  8.471487369506373e+05
10 38 -2.315634154984524e-13
38 10 -2.315634154984524e-13
10 39 -3.562557253014959e+05
39 10 -3.562557253014959e+05
10 40  2.663431960206489e+07
40 10  2.663431960206489e+07
10 41 -8.355418668621367e+06
41 10 -8.355418668621367e+06
10 42  6.423821675063760e+07
42 10  6.423821675063760e+07
10 43 -2.328306436538696e-10
43 10 -2.328306436538696e-10
10 44 -6.850193951595881e+03
44 10 -6.850193951595881e+03
10 45  5.820766091346741e-11
45 10  5.820766091346741e-11
10 46  5.353544768088230e+07
46 10  5.353544768088230e+07
10 47 -4.190951585769653e-08
47 10 -4.190951585769653e-08
10 48  1.293559831046545e+08
48 10  1.293559831046545e+08
10 49 -8.471487369506373e+05
49 10 -8.471487369506373e+05
10 50 -2.315634154984573e-13
50 10 -2.315634154984573e-13
10 51  3.562557253014960e+05
51 10  3.562557253014960e+05
10 52  2.663431960206489e+07
52 10  2.663431960206489e+07
10 53  8.355418668621343e+06
53 10  8.355418668621343e+06
10 54  6.423821675063760e+07
54 10  6.423821675063760e+07
10 1117  9.189964648388141e+05
1117 10  9.189964648388141e+05
10 1118 -7.818948421874940e-14
1118 10 -7.818948421874940e-14
10 1119  4.947575144949513e+03
1119 10  4.947575144949513e+03
10 1120 -8.103890789925111e+03
1120 10 -8.103890789925111e+03
10 1121  8.310220307064146e+06
1121 10  8.310220307064146e+06
10 1122  6.970227862019828e+07
1122 10  6.970227862019828e+07
10 1124  7.123964463206585e+03
1124 10  7.123964463206585e+03
10 1125 -9.094947017729282e-13
1125 10 -9.094947017729282e-13
10 1126  1.421201568675871e+04
1126 10  1.421201568675871e+04
10 1127 -1.862645149230957e-09
1127 10 -1.862645149230957e-09
10 1128  1.397134142797982e+08
1128 10  1.397134142797982e+08
10 1129 -9.189964648388141e+05
1129 10 -9.189964648388141e+05
10 1130 -7.818948421874941e-14
1130 10 -7.818948421874941e-14
10 1131 -4.947575144949514e+03
1131 10 -4.947575144949514e+03
10 1132 -8.103890789925111e+03
1132 10 -8.103890789925111e+03
10 1133 -8.310220307064148e+06
1133 10 -8.310220307064148e+06
10 1134  6.970227862019828e+07
1134 10  6.970227862019828e+07
11 11  1.000000000000000e+36
11 12 -2.086162567138672e-07
12 11 -2.086162567138672e-07
11 13  6.495460009071161e+04
13 11  6.495460009071161e+04
11 14  1.252080028766790e-26
14 11  1.252080028766790e-26
11 15  3.265478325297641e+05
15 11  3.265478325297641e+05
11 16 -3.409911051504314e+02
16 11 -3.409911051504314e+02
11 17  5.574246759300711e+08
17 11  5.574246759300711e+08
11 18  6.175164053589106e+01
18 11  6.175164053589106e+01
11 37  1.080199689275671e+06
37 11  1.080199689275671e+06
11 38  7.875987277726582e-27
38 11  7.875987277726582e-27
11 39 -2.672446065952603e+05
39 11 -2.672446065952603e+05
11 40 -1.632412243290428e+07
40 11 -1.632412243290428e+07
11 41  2.784312706513699e+08
41 11  2.784312706513699e+08
11 42 -3.947012565452874e+07
42 11 -3.947012565452874e+07
11 43  6.617134262927049e+06
43 11  6.617134262927049e+06
11 44 -2.302211665797001e-26
44 11 -2.302211665797001e-26
11 45 -2.128146721757304e+06
45 11 -2.128146721757304e+06
11 46 -7.823109626770020e-08
46 11 -7.823109626770020e-08
11 47  9.484464001813858e+08
47 11  9.484464001813858e+08
11 48 -2.086162567138672e-07
48 11 -2.086162567138672e-07
11 49  1.080199689275674e+06
49 11  1.080199689275674e+06
11 50  8.077935669463161e-27
50 11  8.077935669463161e-27
11 51 -2.672446065952615e+05
51 11 -2.672446065952615e+05
11 52  1.632412243290420e+07
52 11  1.632412243290420e+07
11 53  2.784312706513699e+08
53 11  2.784312706513699e+08
11 54  3.947012565452854e+07
54 11  3.947012565452854e+07
11 1117 -1.100244617368641e+06
1117 11 -1.100244617368641e+06
11 1119  1.664729227201834e+05
1119 11  1.664729227201834e+05
11 1120  2.304136820958157e+04
1120 11  2.304136820958157e+04
11 1121  2.784312616075913e+08
1121 11  2.784312616075913e+08
11 1122  4.271260647882309e+07
1122 11  4.271260647882309e+07
11 1123 -6.927841007816697e+06
1123 11 -6.927841007816697e+06
11 1125  5.661172159007971e+05
1125 11  5.661172159007971e+05
11 1126  1.818989403545857e-12
1126 11  1.818989403545857e-12
11 1127  9.484462939224286e+08
1127 11  9.484462939224286e+08
11 1128  7.450580596923828e-09
1128 11  7.450580596923828e-09
11 1129 -1.100244617368641e+06
1129 11 -1.100244617368641e+06
11 1131  1.664729227201834e+05
1131 11  1.664729227201834e+05
11 1132 -2.304136820958157e+04
1132 11 -2.304136820958157e+04
11 1133  2.784312616075913e+08
1133 11  2.784312616075913e+08
11 1134 -4.271260647882308e+07
1134 11 -4.271260647882308e+07
12 12  1.000000000000000e+36
12 13 -1.105772670907492e+07
13 12 -1.105772670907492e+07
12 14  1.557232484726529e-12
14 12  1.557232484726529e-12
12 15  2.196303682757874e+06
15 12  2.196303682757874e+06
12 16  1.509713009093323e+08
16 12  1.509713009093323e+08
12 17 -6.175164069980383e+01
17 12 -6.175164069980383e+01
12 18  7.589689537741882e+08
18 12  7.589689537741882e+08
12 37  4.258902837828922e+06
37 12  4.258902837828922e+06
12 38 -7.633622167399814e-13
38 12 -7.633622167399814e-13
12 39 -1.791017861799340e+06
39 12 -1.791017861799340e+06
12 40  1.340227416252836e+08
40 12  1.340227416252836e+08
12 41 -4.188740587978312e+07
41 12 -4.188740587978312e+07
12 42  3.233527583700845e+08
42 12  3.233527583700845e+08
12 43 -9.313225746154785e-10
43 12 -9.313225746154785e-10
12 44  2.077983784726269e+03
44 12  2.077983784726269e+03
12 45  4.656612873077393e-10
45 12  4.656612873077393e-10
12 46  2.689250328539465e+08
46 12  2.689250328539465e+08
12 47 -2.011656761169434e-07
47 12 -2.011656761169434e-07
12 48  6.496050029717187e+08
48 12  6.496050029717187e+08
12 49 -4.258902837828922e+06
49 12 -4.258902837828922e+06
12 50 -7.633622167399975e-13
50 12 -7.633622167399975e-13
12 51  1.791017861799340e+06
51 12  1.791017861799340e+06
12 52  1.340227416252836e+08
52 12  1.340227416252836e+08
12 53  4.188740587978301e+07
53 12  4.188740587978301e+07
12 54  3.233527583700845e+08
54 12  3.233527583700845e+08
12 1117  4.620105633569319e+06
1117 12  4.620105633569319e+06
12 1118 -7.938702679865384e-13
1118 12 -7.938702679865384e-13
12 1119  2.487313137129204e+04
1119 12  2.487313137129204e+04
12 1120 -8.228009197672627e+04
1120 12 -8.228009197672627e+04
12 1121  4.189639032024014e+07
1121 12  4.189639032024014e+07
12 1122  3.499951445672408e+08
1122 12  3.499951445672408e+08
12 1124 -7.016500421203197e+02
1124 12 -7.016500421203197e+02
12 1125 -7.275957614183426e-12
1125 12 -7.275957614183426e-12
12 1126  1.442968554481211e+05
1126 12  1.442968554481211e+05
12 1127 -7.450580596923828e-09
1127 12 -7.450580596923828e-09
12 1128  7.031261637740084e+08
1128 12  7.031261637740084e+08
12 1129 -4.620105633569319e+06
1129 12 -4.620105633569319e+06
12 1130 -7.938702679865384e-13
1130 12 -7.938702679865384e-13
12 1131 -2.487313137129204e+04
1131 12 -2.487313137129204e+04
12 1132 -8.228009197672627e+04
1132 12 -8.228009197672627e+04
12 1133 -4.189639032024015e+07
1133 12 -4.189639032024015e+07
12 1134  3.499951445672408e+08
1134 12  3.499951445672408e+08
13 13  1.000000000000000e+36
13 14  3.710738383233547e-10
14 13  3.710738383233547e-10
13 15  2.946613301294628e+04
15 13  2.946613301294628e+04
13 16  2.328306436538696e-10
16 13  2.328306436538696e-10
13 17  2.208874008941655e+05
17 13  2.208874008941655e+05
13 18  1.862645149230957e-09
18 13  1.862645149230957e-09
13 19 -1.443470910190427e+05
19 13 -1.443470910190427e+05
13 20  1.108867197069931e+02
20 13  1.108867197069931e+02
13 21  1.357248861350688e+04
21 13  1.357248861350688e+04
13 22  2.196303681362151e+06
22 13  2.196303681362151e+06
13 23  6.495460009070812e+04
23 13  6.495460009070812e+04
13 24  1.105772670907492e+07
24 13  1.105772670907492e+07
13 43 -7.737534802629164e+04
43 13 -7.737534802629164e+04
13 44  2.274258146449306e+04
44 13  2.274258146449306e+04
13 45 -1.288780509489417e+04
45 13 -1.288780509489417e+04
13 46 -1.769931462048401e+06
46 13 -1.769931462048401e+06
13 47 -1.046626352813804e+06
47 13 -1.046626352813804e+06
13 48 -4.272992318776380e+06
48 13 -4.272992318776380e+06
13 49  8.617198448121772e+04
49 13  8.617198448121772e+04
13 50  3.474269760772586e-10
50 13  3.474269760772586e-10
13 51 -1.612273972359100e+04
51 13 -1.612273972359100e+04
13 53 -6.684280935850782e+06
53 13 -6.684280935850782e+06
13 55 -7.737534802629172e+04
55 13 -7.737534802629172e+04
13 56 -2.274258146449343e+04
56 13 -2.274258146449343e+04
13 57 -1.288780509489422e+04
57 13 -1.288780509489422e+04
13 58  1.769931462048401e+06
58 13  1.769931462048401e+06
13 59 -1.046626352813807e+06
59 13 -1.046626352813807e+06
13 60  4.272992318776380e+06
60 13  4.272992318776380e+06
13 1123 -7.219730354026539e+04
1123 13 -7.219730354026539e+04
13 1124 -7.679237927426285e+03
1124 13 -7.679237927426285e+03
13 1125 -1.314398639560262e+04
1125 13 -1.314398639560262e+04
13 1127  1.111580952904516e+06
1127 13  1.111580952904516e+06
13 1128 -4.615158062290285e+06
1128 13 -4.615158062290285e+06
13 1129  8.707653508174453e+04
1129 13  8.707653508174453e+04
13 1131  1.157521246462458e+04
1131 13  1.157521246462458e+04
13 1133  6.905168336744947e+06
1133 13  6.905168336744947e+06
13 1135 -7.219730354026539e+04
1135 13 -7.219730354026539e+04
13 1136  7.679237927426285e+03
1136 13  7.679237927426285e+03
13 1137 -1.314398639560262e+04
1137 13 -1.314398639560262e+04
13 1139  1.111580952904515e+06
1139 13  1.111580952904515e+06
13 1140  4.615158062290285e+06
1140 13  4.615158062290285e+06
14 14  1.000000000000000e+36
14 15 -1.309672370553017e-10
15 14 -1.309672370553017e-10
14 16 -2.737705116107027e+02
16 14 -2.737705116107027e+02
14 17 -1.575197455545316e-26
17 14 -1.575197455545316e-26
14 18 -1.376333742605950e+03
18 14 -1.376333742605950e+03
14 19 -1.108867197073405e+02
19 14 -1.108867197073405e+02
14 20 -5.030208904865349e+05
20 14 -5.030208904865349e+05
14 21  2.205674643869645e+01
21 14  2.205674643869645e+01
14 22  3.097528997172067e-13
22 14  3.097528997172067e-13
14 23  1.050131637030211e-26
23 14  1.050131637030211e-26
14 24  1.557232484726527e-12
24 14  1.557232484726527e-12
14 43  2.274258146449306e+04
43 14  2.274258146449306e+04
14 44 -2.858642450068644e+05
44 14 -2.858642450068644e+05
14 45  7.497223757800902e+04
45 14  7.497223757800902e+04
14 46 -2.315634154984524e-13
46 14 -2.315634154984524e-13
14 47  7.674038885990003e-27
47 14  7.674038885990003e-27
14 48 -7.633622167399814e-13
48 14 -7.633622167399814e-13
14 49  3.474269760772586e-10
49 14  3.474269760772586e-10
14 50  5.024625075984165e+05
50 14  5.024625075984165e+05
14 51 -8.003553375601769e-11
51 14 -8.003553375601769e-11
14 52  6.850193951595879e+03
52 14  6.850193951595879e+03
14 53 -2.302211665797001e-26
53 14 -2.302211665797001e-26
14 54 -2.077983784726272e+03
54 14 -2.077983784726272e+03
14 55 -2.274258146449343e+04
55 14 -2.274258146449343e+04
14 56 -2.858642450068641e+05
56 14 -2.858642450068641e+05
14 57 -7.497223757800889e+04
57 14 -7.497223757800889e+04
14 58 -2.315634154984573e-13
58 14 -2.315634154984573e-13
14 59  7.674038885990003e-27
59 14  7.674038885990003e-27
14 60 -7.633622167399976e-13
60 14 -7.633622167399976e-13
14 1123 -7.679237927426285e+03
1123 14 -7.679237927426285e+03
14 1124 -2.858642235857031e+05
1124 14 -2.858642235857031e+05
14 1125 -7.796852392992807e+04
1125 14 -7.796852392992807e+04
14 1126 -7.818948421874941e-14
1126 14 -7.818948421874941e-14
14 1128 -7.938702679865384e-13
1128 14 -7.938702679865384e-13
14 1130  5.024624588495784e+05
1130 14  5.024624588495784e+05
14 1131 -7.275957614183426e-12
1131 14 -7.275957614183426e-12
14 1132 -7.123964463206585e+03
1132 14 -7.123964463206585e+03
14 1134  7.016500421203165e+02
1134 14  7.016500421203165e+02
14 1135  7.679237927426285e+03
1135 14  7.679237927426285e+03
14 1136 -2.858642235857031e+05
1136 14 -2.858642235857031e+05
14 1137  7.796852392992805e+04
1137 14  7.796852392992805e+04
14 1138 -7.818948421874940e-14
1138 14 -7.818948421874940e-14
14 1140 -7.938702679865384e-13
1140 14 -7.938702679865384e-13
15 15  1.000000000000000e+36
15 16 -2.910383045673370e-11
16 15 -2.910383045673370e-11
15 17  1.110477208547133e+06
17 15  1.110477208547133e+06
15 18 -4.656612873077393e-10
18 15 -4.656612873077393e-10
15 19  1.357248861350688e+04
19 15  1.357248861350688e+04
15 20 -2.205674643862369e+01
20 15 -2.205674643862369e+01
15 21 -7.881333788430221e+04
21 15 -7.881333788430221e+04
15 22 -4.530383835003872e+05
22 15 -4.530383835003872e+05
15 23  3.265478325297648e+05
23 15  3.265478325297648e+05
15 24 -2.196303682757874e+06
24 15 -2.196303682757874e+06
15 43 -2.564487075370259e+04
43 15 -2.564487075370259e+04
15 44  7.497223757800902e+04
44 15  7.497223757800902e+04
15 45 -1.350435717897327e+05
45 15 -1.350435717897327e+05
15 46  3.421662453503112e+05
46 15  3.421662453503112e+05
15 47  3.779210477658563e+05
47 15  3.779210477658563e+05
15 48  8.260623473150352e+05
48 15  8.260623473150352e+05
15 49  9.391391594025863e+03
49 15  9.391391594025863e+03
15 50 -8.003553375601769e-11
50 15 -8.003553375601769e-11
15 51  7.609782030881189e+04
51 15  7.609782030881189e+04
15 52 -1.164153218269348e-10
52 15 -1.164153218269348e-10
15 53  1.906793839416113e+06
53 15  1.906793839416113e+06
15 54 -2.328306436538696e-10
54 15 -2.328306436538696e-10
15 55 -2.564487075370266e+04
55 15 -2.564487075370266e+04
15 56 -7.497223757800889e+04
56 15 -7.497223757800889e+04
15 57 -1.350435717897326e+05
57 15 -1.350435717897326e+05
15 58 -3.421662453503113e+05
58 15 -3.421662453503113e+05
15 59  3.779210477658570e+05
59 15  3.779210477658570e+05
15 60 -8.260623473150354e+05
60 15 -8.260623473150354e+05
15 1123 -3.869145753890080e+02
1123 15 -3.869145753890080e+02
15 1124 -7.796852392992805e+04
1124 15 -7.796852392992805e+04
15 1125 -1.402216076702851e+05
1125 15 -1.402216076702851e+05
15 1127 -5.137321523609218e+04
1127 15 -5.137321523609218e+04
15 1128  9.438695569588158e+05
1128 15  9.438695569588158e+05
15 1129 -1.393893117580264e+04
1129 15 -1.393893117580264e+04
15 1130 -7.275957614183426e-12
1130 15 -7.275957614183426e-12
15 1131  7.519322996296090e+04
1131 15  7.519322996296090e+04
15 1133 -7.963166308689795e+05
1133 15 -7.963166308689795e+05
15 1135 -3.869145753890080e+02
1135 15 -3.869145753890080e+02
15 1136  7.796852392992807e+04
1136 15  7.796852392992807e+04
15 1137 -1.402216076702851e+05
1137 15 -1.402216076702851e+05
15 1139 -5.137321523609218e+04
1139 15 -5.137321523609218e+04
15 1140 -9.438695569588158e+05
1140 15 -9.438695569588158e+05
16 16  1.000000000000000e+36
16 17 -2.793967723846436e-08
17 16 -2.793967723846436e-08
16 18  3.014100649191418e+08
18 16  3.014100649191418e+08
16 19 -2.196303681362151e+06
19 16 -2.196303681362151e+06
16 20  3.097528997172019e-13
20 16  3.097528997172019e-13
16 21  4.530383835003871e+05
21 16  4.530383835003871e+05
16 22  3.001530043359428e+07
22 16  3.001530043359428e+07
16 23  3.409911051075906e+02
23 16  3.409911051075906e+02
16 24  1.509713009093323e+08
24 16  1.509713009093323e+08
16 43  8.471487369506372e+05
43 16  8.471487369506372e+05
16 44 -2.315634154984524e-13
44 16 -2.315634154984524e-13
16 45 -3.562557253014959e+05
45 16 -3.562557253014959e+05
16 46  2.663431960206489e+07
46 16  2.663431960206489e+07
16 47 -8.355418668621375e+06
47 16 -8.355418668621375e+06
16 48  6.423821675063760e+07
48 16  6.423821675063760e+07
16 50 -6.850193951595881e+03
50 16 -6.850193951595881e+03
16 51  5.820766091346741e-11
51 16  5.820766091346741e-11
16 52  5.353544768088230e+07
52 16  5.353544768088230e+07
16 53 -2.607703208923340e-08
53 16 -2.607703208923340e-08
16 54  1.293559831046545e+08
54 16  1.293559831046545e+08
16 55 -8.471487369506373e+05
55 16 -8.471487369506373e+05
16 56 -2.315634154984573e-13
56 16 -2.315634154984573e-13
16 57  3.562557253014960e+05
57 16  3.562557253014960e+05
16 58  2.663431960206489e+07
58 16  2.663431960206489e+07
16 59  8.355418668621334e+06
59 16  8.355418668621334e+06
16 60  6.423821675063760e+07
60 16  6.423821675063760e+07
16 1123  9.189964648388141e+05
1123 16  9.189964648388141e+05
16 1124 -7.818948421874940e-14
1124 16 -7.818948421874940e-14
16 1125  4.947575144949513e+03
1125 16  4.947575144949513e+03
16 1126 -8.103890789925111e+03
1126 16 -8.103890789925111e+03
16 1127  8.310220307064146e+06
1127 16  8.310220307064146e+06
16 1128  6.970227862019828e+07
1128 16  6.970227862019828e+07
16 1130  7.123964463206585e+03
1130 16  7.123964463206585e+03
16 1131 -9.094947017729282e-13
1131 16 -9.094947017729282e-13
16 1132  1.421201568675871e+04
1132 16  1.421201568675871e+04
16 1133 -1.862645149230957e-09
1133 16 -1.862645149230957e-09
16 1134  1.397134142797982e+08
1134 16  1.397134142797982e+08
16 1135 -9.189964648388141e+05
1135 16 -9.189964648388141e+05
16 1136 -7.818948421874941e-14
1136 16 -7.818948421874941e-14
16 1137 -4.947575144949514e+03
1137 16 -4.947575144949514e+03
16 1138 -8.103890789925111e+03
1138 16 -8.103890789925111e+03
16 1139 -8.310220307064148e+06
1139 16 -8.310220307064148e+06
16 1140  6.970227862019828e+07
1140 16  6.970227862019828e+07
17 17  1.000000000000000e+36
17 18 -1.490116119384766e-07
18 17 -1.490116119384766e-07
17 19  6.495460009071115e+04
19 17  6.495460009071115e+04
17 20  1.252080028766790e-26
20 17  1.252080028766790e-26
17 21  3.265478325297642e+05
21 17  3.265478325297642e+05
17 22 -3.409911051429808e+02
22 17 -3.409911051429808e+02
17 23  5.574246759300711e+08
23 17  5.574246759300711e+08
17 24  6.175164056569338e+01
24 17  6.175164056569338e+01
17 43  1.080199689275672e+06
43 17  1.080199689275672e+06
17 44  7.875987277726582e-27
44 17  7.875987277726582e-27
17 45 -2.672446065952607e+05
45 17 -2.672446065952607e+05
17 46 -1.632412243290427e+07
46 17 -1.632412243290427e+07
17 47  2.784312706513699e+08
47 17  2.784312706513699e+08
17 48 -3.947012565452870e+07
48 17 -3.947012565452870e+07
17 49  6.617134262927048e+06
49 17  6.617134262927048e+06
17 50 -2.302211665797001e-26
50 17 -2.302211665797001e-26
17 51 -2.128146721757304e+06
51 17 -2.128146721757304e+06
17 52 -5.587935447692871e-08
52 17 -5.587935447692871e-08
17 53  9.484464001813858e+08
53 17  9.484464001813858e+08
17 54 -1.341104507446289e-07
54 17 -1.341104507446289e-07
17 55  1.080199689275674e+06
55 17  1.080199689275674e+06
17 56  8.077935669463161e-27
56 17  8.077935669463161e-27
17 57 -2.672446065952614e+05
57 17 -2.672446065952614e+05
17 58  1.632412243290421e+07
58 17  1.632412243290421e+07
17 59  2.784312706513699e+08
59 17  2.784312706513699e+08
17 60  3.947012565452858e+07
60 17  3.947012565452858e+07
17 1123 -1.100244617368641e+06
1123 17 -1.100244617368641e+06
17 1125  1.664729227201834e+05
1125 17  1.664729227201834e+05
17 1126  2.304136820958157e+04
1126 17  2.304136820958157e+04
17 1127  2.784312616075913e+08
1127 17  2.784312616075913e+08
17 1128  4.271260647882309e+07
1128 17  4.271260647882309e+07
17 1129 -6.927841007816697e+06
1129 17 -6.927841007816697e+06
17 1131  5.661172159007971e+05
1131 17  5.661172159007971e+05
17 1132  1.818989403545857e-12
1132 17  1.818989403545857e-12
17 1133  9.484462939224286e+08
1133 17  9.484462939224286e+08
17 1134  7.450580596923828e-09
1134 17  7.450580596923828e-09
17 1135 -1.100244617368641e+06
1135 17 -1.100244617368641e+06
17 1137  1.664729227201834e+05
1137 17  1.664729227201834e+05
17 1138 -2.304136820958157e+04
1138 17 -2.304136820958157e+04
17 1139  2.784312616075913e+08
1139 17  2.784312616075913e+08
17 1140 -4.271260647882308e+07
1140 17 -4.271260647882308e+07
18 18  1.000000000000000e+36
18 19 -1.105772670907492e+07
19 18 -1.105772670907492e+07
18 20  1.557232484726529e-12
20 18  1.557232484726529e-12
18 21  2.196303682757873e+06
21 18  2.196303682757873e+06
18 22  1.509713009093323e+08
22 18  1.509713009093323e+08
18 23 -6.175164072960615e+01
23 18 -6.175164072960615e+01
18 24  7.589689537741882e+08
24 18  7.589689537741882e+08
18 43  4.258902837828922e+06
43 18  4.258902837828922e+06
18 44 -7.633622167399814e-13
44 18 -7.633622167399814e-13
18 45 -1.791017861799340e+06
45 18 -1.791017861799340e+06
18 46  1.340227416252836e+08
46 18  1.340227416252836e+08
18 47 -4.188740587978316e+07
47 18 -4.188740587978316e+07
18 48  3.233527583700845e+08
48 18  3.233527583700845e+08
18 49 -9.313225746154785e-10
49 18 -9.313225746154785e-10
18 50  2.077983784726269e+03
50 18  2.077983784726269e+03
18 51  4.656612873077393e-10
51 18  4.656612873077393e-10
18 52  2.689250328539465e+08
52 18  2.689250328539465e+08
18 53 -1.415610313415527e-07
53 18 -1.415610313415527e-07
18 54  6.496050029717187e+08
54 18  6.496050029717187e+08
18 55 -4.258902837828922e+06
55 18 -4.258902837828922e+06
18 56 -7.633622167399975e-13
56 18 -7.633622167399975e-13
18 57  1.791017861799340e+06
57 18  1.791017861799340e+06
18 58  1.340227416252836e+08
58 18  1.340227416252836e+08
18 59  4.188740587978298e+07
59 18  4.188740587978298e+07
18 60  3.233527583700845e+08
60 18  3.233527583700845e+08
18 1123  4.620105633569319e+06
1123 18  4.620105633569319e+06
18 1124 -7.938702679865384e-13
1124 18 -7.938702679865384e-13
18 1125  2.487313137129204e+04
1125 18  2.487313137129204e+04
18 1126 -8.228009197672627e+04
1126 18 -8.228009197672627e+04
18 1127  4.189639032024014e+07
1127 18  4.189639032024014e+07
18 1128  3.499951445672408e+08
1128 18  3.499951445672408e+08
18 1130 -7.016500421203197e+02
1130 18 -7.016500421203197e+02
18 1131 -7.275957614183426e-12
