1 1  1.459091513103170e+05
1 2  1.324188762794040e+04
2 1  1.324188762794040e+04
1 3  8.211953711443851e+04
3 1  8.211953711443851e+04
1 4  1.364355050764278e+06
4 1  1.364355050764278e+06
1 5 -3.990779107270992e+05
5 1 -3.990779107270992e+05
1 6 -2.321346253532770e+05
6 1 -2.321346253532770e+05
1 7  1.551923118126817e+05
7 1  1.551923118126817e+05
1 8  1.809558403171679e+03
8 1  1.809558403171679e+03
1 9  9.976560020915963e+04
9 1  9.976560020915963e+04
1 10  1.474749033301740e+06
10 1  1.474749033301740e+06
1 11 -6.219191862975062e+05
11 1 -6.219191862975062e+05
1 12 -3.666506141627333e+05
12 1 -3.666506141627333e+05
1 31 -1.562285580584955e+05
31 1 -1.562285580584955e+05
1 32 -8.756391885325540e+03
32 1 -8.756391885325540e+03
1 33 -9.894160465197214e+04
33 1 -9.894160465197214e+04
1 34  9.452050857072542e+05
34 1  9.452050857072542e+05
1 35 -4.301130589034566e+05
35 1 -4.301130589034566e+05
1 36 -7.119640102108856e+05
36 1 -7.119640102108856e+05
1 37 -1.448729050645032e+05
37 1 -1.448729050645032e+05
1 38 -6.295054145786539e+03
38 1 -6.295054145786539e+03
1 39 -8.294353267162602e+04
39 1 -8.294353267162602e+04
1 40  1.055599068152586e+06
40 1  1.055599068152586e+06
1 41 -6.529543345529203e+05
41 1 -6.529543345529203e+05
1 42 -8.464799993640003e+05
42 1 -8.464799993640003e+05
2 2  1.062405498894806e+05
2 3  2.773431870764514e+04
3 2  2.773431870764514e+04
2 4  5.694658311632294e+06
4 2  5.694658311632294e+06
2 5 -1.628587380889601e+06
5 2 -1.628587380889601e+06
2 6 -9.524177973073249e+05
6 2 -9.524177973073249e+05
2 7  5.672807610005251e+03
7 2  5.672807610005251e+03
2 8  3.764002680387512e+04
8 2  3.764002680387512e+04
2 9 -7.082512242367942e+03
9 2 -7.082512242367942e+03
2 10  6.146232756792251e+06
10 2  6.146232756792251e+06
2 11 -2.568270313956204e+06
11 2 -2.568270313956204e+06
2 12 -1.502665061444382e+06
12 2 -1.502665061444382e+06
2 31 -8.602668602981927e+03
31 2 -8.602668602981927e+03
2 32 -6.695552487411829e+04
32 2 -6.695552487411829e+04
2 33  1.045435807998938e+04
33 2  1.045435807998938e+04
2 34  3.946056642194536e+06
34 2  3.946056642194536e+06
2 35 -1.770159402367968e+06
35 2 -1.770159402367968e+06
2 36 -2.951550406246474e+06
36 2 -2.951550406246474e+06
2 37 -1.031202663496373e+04
37 2 -1.031202663496373e+04
2 38 -7.692505181923746e+04
38 2 -7.692505181923746e+04
2 39 -3.110616454526659e+04
39 2 -3.110616454526659e+04
2 40  4.397631087275436e+06
40 2  4.397631087275436e+06
2 41 -2.709842335387024e+06
41 2 -2.709842335387024e+06
2 42 -3.501797670287200e+06
42 2 -3.501797670287200e+06
3 3  2.625879232312125e+05
3 4 -1.682464530649210e+06
4 3 -1.682464530649210e+06
3 5  4.814272223409687e+05
5 3  4.814272223409687e+05
3 6  2.688670971161210e+05
6 3  2.688670971161210e+05
3 7  9.867908222850648e+04
7 3  9.867908222850648e+04
3 8 -1.742142180800033e+03
8 3 -1.742142180800033e+03
3 9  1.156457421066410e+05
9 3  1.156457421066410e+05
3 10 -1.815049938711205e+06
10 3 -1.815049938711205e+06
3 11  7.505630106258438e+05
11 3  7.505630106258438e+05
3 12  4.304235331606411e+05
12 3  4.304235331606411e+05
3 31 -9.778399229498087e+04
31 3 -9.778399229498087e+04
3 32  1.029569184137358e+04
32 3  1.029569184137358e+04
3 33 -1.169976835384698e+05
33 3 -1.169976835384698e+05
3 34 -1.165825201696087e+06
34 3 -1.165825201696087e+06
3 35  5.258399115136154e+05
35 3  5.258399115136154e+05
3 36  8.602095082863795e+05
36 3  8.602095082863795e+05
3 37 -8.301462704796417e+04
37 3 -8.301462704796417e+04
3 38 -3.628786836821868e+04
38 3 -3.628786836821868e+04
3 39 -2.612359817993837e+05
39 3 -2.612359817993837e+05
3 40 -1.298410610101740e+06
40 3 -1.298410610101740e+06
3 41  7.949756998948215e+05
41 3  7.949756998948215e+05
3 42  1.021765944375484e+06
42 3  1.021765944375484e+06
4 4  4.752952366356849e+08
4 5 -6.852416616230215e+07
5 4 -6.852416616230215e+07
4 6  1.467799749967094e+08
6 4  1.467799749967094e+08
4 7  1.182566200374897e+05
7 4  1.182566200374897e+05
4 8 -2.279580788537730e+05
8 4 -2.279580788537730e+05
4 9 -1.243318339808801e+05
9 4 -1.243318339808801e+05
4 10  4.677566213708102e+08
10 4  4.677566213708102e+08
4 11 -9.131038551018930e+07
11 4 -9.131038551018930e+07
4 12  1.553087149745867e+08
12 4  1.553087149745867e+08
4 31 -5.445914428834518e+05
31 4 -5.445914428834518e+05
4 32 -2.112891240391597e+06
32 4 -2.112891240391597e+06
4 33  5.916609244068278e+05
33 4  5.916609244068278e+05
4 34  3.438019177439711e+08
34 4  3.438019177439711e+08
4 35 -8.567578967227191e+07
35 4 -8.567578967227191e+07
4 36 -4.035626740983574e+07
36 4 -4.035626740983574e+07
4 37 -9.380202279183157e+05
37 4 -9.380202279183157e+05
4 38 -3.353808992386924e+06
38 4 -3.353808992386924e+06
4 39  1.215135440223263e+06
39 4  1.215135440223263e+06
4 40  3.364234342677795e+08
40 4  3.364234342677795e+08
4 41 -1.080777375244216e+08
41 4 -1.080777375244216e+08
4 42 -3.194086218943225e+07
42 4 -3.194086218943225e+07
5 5  4.407107816441766e+07
5 6  8.744272448930067e+07
6 5  8.744272448930067e+07
5 7 -4.540507857251234e+05
7 5 -4.540507857251234e+05
5 8 -1.430351132524175e+06
8 5 -1.430351132524175e+06
5 9  5.571685059493894e+05
9 5  5.571685059493894e+05
5 10 -8.932190619070597e+07
10 5 -8.932190619070597e+07
5 11  7.245448147741853e+07
11 5  7.245448147741853e+07
5 12  1.129159996809392e+08
12 5  1.129159996809392e+08
5 31  4.367397099019795e+05
31 5  4.367397099019795e+05
5 32  1.814230855778822e+06
32 5  1.814230855778822e+06
5 33 -5.413391640964239e+05
33 5 -5.413391640964239e+05
5 34 -4.224779752255467e+07
34 5 -4.224779752255467e+07
5 35  4.212893616066539e+07
35 5  4.212893616066539e+07
5 36  1.045699515973506e+08
36 5  1.045699515973506e+08
5 37  4.163889865502434e+05
37 5  4.163889865502434e+05
5 38  1.244707657634955e+06
38 5  1.244707657634955e+06
5 39 -4.972565641939339e+05
39 5 -4.972565641939339e+05
5 40 -6.266126605522096e+07
40 5 -6.266126605522096e+07
5 41  7.216705558206879e+07
41 5  7.216705558206879e+07
5 42  1.295749907023142e+08
42 5  1.295749907023142e+08
6 6  4.135061792941665e+08
6 7 -1.442334706874795e+06
7 6 -1.442334706874795e+06
6 8 -4.999998994286111e+06
8 6 -4.999998994286111e+06
6 9  1.771758635061564e+06
9 6  1.771758635061564e+06
6 10  7.223674648345187e+07
10 6  7.223674648345187e+07
6 11  1.712271875747990e+08
11 6  1.712271875747990e+08
6 12  5.042428027740643e+08
12 6  5.042428027740643e+08
6 31  1.020086748593973e+06
31 6  1.020086748593973e+06
6 32  4.434831666351970e+06
32 6  4.434831666351970e+06
6 33 -1.334885931066885e+06
33 6 -1.334885931066885e+06
6 34  1.319241942546339e+08
34 6  1.319241942546339e+08
6 35  7.357250712855849e+07
35 6  7.357250712855849e+07
6 36  3.200564923231118e+08
36 6  3.200564923231118e+08
6 37  6.543825836340995e+05
37 6  6.543825836340995e+05
6 38  1.517585125241466e+06
38 6  1.517585125241466e+06
6 39 -7.057398011108001e+05
39 6 -7.057398011108001e+05
6 40  5.726763098390250e+07
40 6  5.726763098390250e+07
6 41  1.568887341273820e+08
41 6  1.568887341273820e+08
6 42  4.109983349192417e+08
42 6  4.109983349192417e+08
7 7  3.987632564125112e+05
7 8 -1.377456662328221e+04
8 7 -1.377456662328221e+04
7 9  1.105968369367790e+05
9 7  1.105968369367790e+05
7 10  2.665812319475279e+06
10 7  2.665812319475279e+06
7 11 -1.629366148992306e+06
11 7 -1.629366148992306e+06
7 12 -2.037158295348543e+06
12 7 -2.037158295348543e+06
7 13  9.388060761228179e+04
13 7  9.388060761228179e+04
7 14  6.140629255341091e+03
14 7  6.140629255341091e+03
7 15  8.069826525067297e+04
15 7  8.069826525067297e+04
7 16  1.944761044411857e+06
16 7  1.944761044411857e+06
7 17 -1.007199259796944e+06
17 7 -1.007199259796944e+06
7 18  1.396847154985323e+05
18 7  1.396847154985323e+05
7 31 -2.884513454497858e+05
31 7 -2.884513454497858e+05
7 32  3.270122894139709e+04
32 7  3.270122894139709e+04
7 33 -5.437072727029116e+04
33 7 -5.437072727029116e+04
7 34  4.073547287239197e+05
34 7  4.073547287239197e+05
7 35 -4.252129385509325e+05
35 7 -4.252129385509325e+05
7 36 -1.068157526424774e+06
36 7 -1.068157526424774e+06
7 37 -2.529109573911389e+05
37 7 -2.529109573911389e+05
7 38 -2.401039039190165e+04
38 7 -2.401039039190165e+04
7 39 -1.757288156745324e+05
39 7 -1.757288156745324e+05
7 40  2.531528765107512e+06
40 7  2.531528765107512e+06
7 41 -1.671947643590260e+06
41 7 -1.671947643590260e+06
7 42 -2.266115696249173e+06
42 7 -2.266115696249173e+06
7 43 -1.064738729965500e+05
43 7 -1.064738729965500e+05
7 44 -6.729708791559558e+03
44 7 -6.729708791559558e+03
7 45 -5.987464147113486e+04
45 7 -5.987464147113486e+04
7 46  1.521379381337472e+06
46 7  1.521379381337472e+06
7 47 -1.078618601583756e+06
47 7 -1.078618601583756e+06
7 48 -4.634498659711628e+05
48 7 -4.634498659711628e+05
8 8  1.956798225363358e+05
8 9  3.946359492323288e+04
9 8  3.946359492323288e+04
8 10  7.083056556652981e+06
10 8  7.083056556652981e+06
8 11 -5.133733991499649e+06
11 8 -5.133733991499649e+06
8 12 -7.555531217052375e+06
12 8 -7.555531217052375e+06
8 13  1.250339066818895e+04
13 8  1.250339066818895e+04
8 14  7.362028393195226e+03
14 8  7.362028393195226e+03
8 15 -1.567075544343074e+04
15 8 -1.567075544343074e+04
8 16  5.424832689077795e+06
16 8  5.424832689077795e+06
8 17 -3.229842993120570e+06
17 8 -3.229842993120570e+06
8 18 -2.572101048162668e+05
18 8 -2.572101048162668e+05
8 31  3.711276739218403e+04
31 8  3.711276739218403e+04
8 32 -7.692694054403179e+04
32 8 -7.692694054403179e+04
8 33 -7.080729065032343e+02
33 8 -7.080729065032343e+02
8 34  8.216468649490061e+05
34 8  8.216468649490061e+05
8 35 -1.305540386941400e+06
35 8 -1.305540386941400e+06
8 36 -3.566277694985787e+06
36 8 -3.566277694985787e+06
8 37 -2.455249398185008e+04
37 8 -2.455249398185008e+04
8 38 -8.436295271370094e+04
38 8 -8.436295271370094e+04
8 39  2.866571764826871e+04
39 8  2.866571764826871e+04
8 40  6.900003636079272e+06
40 8  6.900003636079272e+06
8 41 -5.195733816654650e+06
41 8 -5.195733816654650e+06
8 42 -7.751564953876268e+06
42 8 -7.751564953876268e+06
8 43 -1.309865585841237e+04
43 8 -1.309865585841237e+04
8 44 -7.939198447567345e+04
44 8 -7.939198447567345e+04
8 45 -5.000834204076759e+04
45 8 -5.000834204076759e+04
8 46  4.192174824686642e+06
46 8  4.192174824686642e+06
8 47 -3.416653563865328e+06
47 8 -3.416653563865328e+06
8 48 -1.886965140922613e+06
48 8 -1.886965140922613e+06
9 9  3.399133700183184e+05
9 10 -3.241200892179783e+06
10 9 -3.241200892179783e+06
9 11  1.987322900266186e+06
11 9  1.987322900266186e+06
9 12  2.493774810271815e+06
12 9  2.493774810271815e+06
9 13  7.971906181118045e+04
13 9  7.971906181118045e+04
9 14 -6.927780728535877e+03
14 9 -6.927780728535877e+03
9 15  6.192200365800625e+04
15 9  6.192200365800625e+04
9 16 -2.379742549355577e+06
16 9 -2.379742549355577e+06
9 17  1.221416140791342e+06
17 9  1.221416140791342e+06
9 18 -1.761761610267955e+05
18 9 -1.761761610267955e+05
9 31 -5.447040297985278e+04
31 9 -5.447040297985278e+04
9 32  4.227032452128299e+03
32 9  4.227032452128299e+03
9 33 -1.176551893823230e+05
33 9 -1.176551893823230e+05
9 34 -4.820453122000021e+05
34 9 -4.820453122000021e+05
9 35  5.173226937237761e+05
35 9  5.173226937237761e+05
9 36  1.308596434460970e+06
36 9  1.308596434460970e+06
9 37 -1.753450819719380e+05
37 9 -1.753450819719380e+05
9 38  2.898712217795358e+04
38 9  2.898712217795358e+04
9 39 -1.825221866949921e+05
39 9 -1.825221866949921e+05
9 40 -3.079887806287818e+06
40 9 -3.079887806287818e+06
9 41  2.039869453154650e+06
41 9  2.039869453154650e+06
9 42  2.766211883208462e+06
42 9  2.766211883208462e+06
9 43 -6.026601400532833e+04
43 9 -6.026601400532833e+04
9 44 -5.866745658241092e+04
44 9 -5.866745658241092e+04
9 45 -2.173037397056506e+05
45 9 -2.173037397056506e+05
9 46 -1.860715985363534e+06
46 9 -1.860715985363534e+06
9 47  1.313808505923289e+06
47 9  1.313808505923289e+06
9 48  5.594231125376180e+05
48 9  5.594231125376180e+05
10 10  1.137264598657537e+09
10 11 -2.868082007438003e+08
11 10 -2.868082007438003e+08
10 12  1.804920820146225e+08
12 10  1.804920820146225e+08
10 13 -1.051918478182479e+05
13 10 -1.051918478182479e+05
10 14 -9.025440149956658e+05
14 10 -9.025440149956658e+05
10 15  1.386819394718144e+05
15 10  1.386819394718144e+05
10 16  5.767966838118938e+08
16 10  5.767966838118938e+08
10 17 -1.785416838148119e+08
17 10 -1.785416838148119e+08
10 18  2.202397683008248e+08
18 10  2.202397683008248e+08
10 31 -6.625690593370344e+05
31 10 -6.625690593370344e+05
10 32 -2.564253741581235e+06
32 10 -2.564253741581235e+06
10 33  7.193709840132745e+05
33 10  7.193709840132745e+05
10 34  4.187758995083702e+08
34 10  4.187758995083702e+08
10 35 -1.042534099999325e+08
35 10 -1.042534099999325e+08
10 36 -4.882949914856327e+07
36 10 -4.882949914856327e+07
10 37 -1.760880072648138e+06
37 10 -1.760880072648138e+06
10 38 -6.229605130683651e+06
38 10 -6.229605130683651e+06
10 39  2.061545928925221e+06
39 10  2.061545928925221e+06
10 40  9.751351706997160e+08
40 10  9.751351706997160e+08
10 41 -3.296374702861185e+08
41 10 -3.296374702861185e+08
10 42 -1.318156393730877e+08
42 10 -1.318156393730877e+08
10 43 -1.611920372973599e+06
43 10 -1.611920372973599e+06
10 44 -3.532886426184679e+06
44 10 -3.532886426184679e+06
10 45  2.136651978480678e+06
45 10  2.136651978480678e+06
10 46  4.641241193807428e+08
46 10  4.641241193807428e+08
10 47 -2.052749525120889e+08
47 10 -2.052749525120889e+08
10 48  2.853750035818739e+07
48 10  2.853750035818739e+07
11 11  2.594478966151514e+08
11 12  4.188865134334998e+08
12 11  4.188865134334998e+08
11 13 -8.935300510847970e+05
13 11 -8.935300510847970e+05
11 14 -1.625311799167544e+06
14 11 -1.625311799167544e+06
11 15  1.092583153082518e+06
15 11  1.092583153082518e+06
11 16 -1.290139536466693e+08
16 11 -1.290139536466693e+08
11 17  1.836789272645399e+08
17 11  1.836789272645399e+08
11 18  1.667164933083652e+08
18 11  1.667164933083652e+08
11 31  6.636056315314408e+05
31 11  6.636056315314408e+05
11 32  2.753771469437054e+06
32 11  2.753771469437054e+06
11 33 -8.080792926304702e+05
33 11 -8.080792926304702e+05
11 34 -1.198947771516357e+08
34 11 -1.198947771516357e+08
11 35  7.084544456211227e+07
35 11  7.084544456211227e+07
11 36  1.431973943060148e+08
36 11  1.431973943060148e+08
11 37  1.687768644182228e+06
37 11  1.687768644182228e+06
11 38  5.230280614743531e+06
38 11  5.230280614743531e+06
11 39 -2.080775472195197e+06
39 11 -2.080775472195197e+06
11 40 -2.745058813915548e+08
40 11 -2.745058813915548e+08
11 41  2.533043714923619e+08
41 11  2.533043714923619e+08
11 42  4.185890954568754e+08
42 11  4.185890954568754e+08
11 43  7.934411106609411e+05
43 11  7.934411106609411e+05
11 44  1.343264020442813e+06
44 11  1.343264020442813e+06
11 45 -9.416142991488804e+05
45 11 -9.416142991488804e+05
11 46 -8.696274561716287e+07
46 11 -8.696274561716287e+07
11 47  1.830803143496846e+08
47 11  1.830803143496846e+08
11 48  1.930299243088589e+08
48 11  1.930299243088589e+08
12 12  1.220433092003691e+09
12 13 -2.340304565982589e+06
13 12 -2.340304565982589e+06
12 14 -4.802206709115348e+06
14 12 -4.802206709115348e+06
12 15  2.857077488067745e+06
15 12  2.857077488067745e+06
12 16  1.261117064644859e+08
16 12  1.261117064644859e+08
12 17  3.231829085595981e+08
17 12  3.231829085595981e+08
12 18  5.923557677736585e+08
18 12  5.923557677736585e+08
12 31  1.163843422834200e+06
31 12  1.163843422834200e+06
12 32  4.984820676004599e+06
32 12  4.984820676004599e+06
12 33 -1.490501737266220e+06
33 12 -1.490501737266220e+06
12 34  4.042878551898395e+07
34 12  4.042878551898395e+07
12 35  9.607836156189433e+07
35 12  9.607836156189433e+07
12 36  3.298224892635548e+08
36 12  3.298224892635548e+08
12 37  2.841481466565712e+06
37 12  2.841481466565712e+06
12 38  8.253731146458959e+06
38 12  8.253731146458959e+06
12 39 -3.589010489537885e+06
39 12 -3.589010489537885e+06
12 40  8.367807130570416e+07
40 12  8.367807130570416e+07
12 41  3.812269858568252e+08
41 12  3.812269858568252e+08
12 42  9.618787588515451e+08
42 12  9.618787588515451e+08
12 43  7.387885860939537e+05
43 12  7.387885860939537e+05
12 44  6.218511651485483e+05
44 12  6.218511651485483e+05
12 45 -7.017636046960943e+05
45 12 -7.017636046960943e+05
12 46  1.437168330242277e+08
46 12  1.437168330242277e+08
12 47  3.009420748103022e+08
47 12  3.009420748103022e+08
12 48  5.088812046885009e+08
48 12  5.088812046885009e+08
13 13  3.387801908717348e+05
13 14 -2.372926570470597e+04
14 13 -2.372926570470597e+04
13 15  7.940808266622352e+04
15 13  7.940808266622352e+04
13 16  3.361669274450257e+06
16 13  3.361669274450257e+06
13 17 -3.492314777721460e+06
17 13 -3.492314777721460e+06
13 18 -2.468005168337436e+06
18 13 -2.468005168337436e+06
13 19  6.392850458805287e+04
19 13  6.392850458805287e+04
13 20  1.355470016984226e+04
20 13  1.355470016984226e+04
13 21  6.745869415569239e+04
21 13  6.745869415569239e+04
13 22  2.837621559347215e+06
22 13  2.837621559347215e+06
13 23 -1.553557196254493e+06
23 13 -1.553557196254493e+06
13 24  6.390292101324915e+05
24 13  6.390292101324915e+05
13 37 -2.356563543184518e+05
37 13 -2.356563543184518e+05
13 38  5.203767831675197e+04
38 13  5.203767831675197e+04
13 39 -3.417290613337055e+04
39 13 -3.417290613337055e+04
13 40  2.778352322898530e+05
40 13  2.778352322898530e+05
13 41 -8.227684143406717e+05
41 13 -8.227684143406717e+05
13 42 -1.769744506994800e+06
42 13 -1.769744506994800e+06
13 43 -1.677102893772767e+05
43 13 -1.677102893772767e+05
13 44 -3.767158117969579e+04
44 13 -3.767158117969579e+04
13 45 -1.372105963366519e+05
45 13 -1.372105963366519e+05
13 46  3.208913492725146e+06
46 13  3.208913492725146e+06
13 47 -3.538185176438079e+06
47 13 -3.538185176438079e+06
13 48 -2.703751286292377e+06
48 13 -2.703751286292377e+06
13 49 -9.322265937634092e+04
49 13 -9.322265937634092e+04
13 50 -1.669492227038142e+04
50 13 -1.669492227038142e+04
13 51 -5.520233616307394e+04
51 13 -5.520233616307394e+04
13 52  2.301838697122176e+06
52 13  2.301838697122176e+06
13 53 -1.670189231994988e+06
53 13 -1.670189231994988e+06
13 54 -1.672769674123442e+05
54 13 -1.672769674123442e+05
14 14  2.086649349295753e+05
14 15  5.625126533385379e+04
15 14  5.625126533385379e+04
14 16  4.554927876890639e+06
16 14  4.554927876890639e+06
14 17 -6.373771547988361e+06
17 14 -6.373771547988361e+06
14 18 -5.834891217046034e+06
18 14 -5.834891217046034e+06
14 19  1.598382021050551e+04
19 14  1.598382021050551e+04
14 20 -2.024875828970697e+04
20 14 -2.024875828970697e+04
14 21 -2.032172100344981e+04
21 14 -2.032172100344981e+04
14 22  4.318788681016321e+06
22 14  4.318788681016321e+06
14 23 -2.915195653611701e+06
23 14 -2.915195653611701e+06
14 24  3.548035055144723e+05
24 14  3.548035055144723e+05
14 37  5.943609705539235e+04
37 14  5.943609705539235e+04
14 38 -7.939396272543848e+04
38 14 -7.939396272543848e+04
14 39 -4.454633850679759e+03
39 14 -4.454633850679759e+03
14 40 -1.173141892554914e+05
40 14 -1.173141892554914e+05
14 41 -1.451763251953775e+06
41 14 -1.451763251953775e+06
14 42 -3.528641407290138e+06
42 14 -3.528641407290138e+06
14 43 -3.878339814777966e+04
43 14 -3.878339814777966e+04
14 44 -8.963570011592536e+03
44 14 -8.963570011592536e+03
14 45  4.503004998781433e+04
45 14  4.503004998781433e+04
14 46  4.453745153124488e+06
46 14  4.453745153124488e+06
14 47 -6.362545259301834e+06
47 14 -6.362545259301834e+06
14 48 -5.764932659277260e+06
48 14 -5.764932659277260e+06
14 49 -1.904788266875332e+04
49 14 -1.904788266875332e+04
14 50 -1.074206722960325e+05
50 14 -1.074206722960325e+05
14 51 -6.957717973900271e+04
51 14 -6.957717973900271e+04
14 52  3.432376131230246e+06
52 14  3.432376131230246e+06
14 53 -3.077517911594824e+06
53 14 -3.077517911594824e+06
14 54 -8.488032382010871e+05
54 14 -8.488032382010871e+05
15 15  2.761304267647404e+05
15 16 -4.060727134101084e+06
16 15 -4.060727134101084e+06
15 17  4.257119420249972e+06
17 15  4.257119420249972e+06
15 18  3.038847275327649e+06
18 15  3.038847275327649e+06
15 19  6.670496817932537e+04
19 15  6.670496817932537e+04
15 20 -1.595308574926139e+04
20 15 -1.595308574926139e+04
15 21  3.745299205433256e+04
21 15  3.745299205433256e+04
15 22 -3.434603302593839e+06
22 15 -3.434603302593839e+06
15 23  1.892963248020239e+06
23 15  1.892963248020239e+06
15 24 -7.501477463464891e+05
24 15 -7.501477463464891e+05
15 37 -3.457652610133900e+04
37 15 -3.457652610133900e+04
15 38  3.526808177878051e+03
38 15  3.526808177878051e+03
15 39 -8.812021549467334e+04
39 15 -8.812021549467334e+04
15 40 -3.307179731674704e+05
40 15 -3.307179731674704e+05
15 41  1.002103639193618e+06
41 15  1.002103639193618e+06
15 42  2.160616755714343e+06
42 15  2.160616755714343e+06
15 43 -1.358918953278019e+05
43 15 -1.358918953278019e+05
15 44  4.574914882588905e+04
44 15  4.574914882588905e+04
15 45 -1.119222010023310e+05
45 15 -1.119222010023310e+05
15 46 -3.877274252696523e+06
46 15 -3.877274252696523e+06
15 47  4.310689378529221e+06
47 15  4.310689378529221e+06
15 48  3.313682897876745e+06
48 15  3.313682897876745e+06
15 49 -5.634289466708098e+04
49 15 -5.634289466708098e+04
15 50 -7.390338114492878e+04
50 15 -7.390338114492878e+04
15 51 -1.754630059800748e+05
51 15 -1.754630059800748e+05
15 52 -2.781750509152100e+06
52 15 -2.781750509152100e+06
15 53  2.037012720529265e+06
53 15  2.037012720529265e+06
15 54  2.211486084037172e+05
54 15  2.211486084037172e+05
16 16  1.278677413940908e+09
16 17 -4.596089442688969e+08
17 16 -4.596089442688969e+08
16 18  3.679101527886730e+08
18 16  3.679101527886730e+08
16 19 -8.886879382814192e+05
19 16 -8.886879382814192e+05
16 20 -1.167528428551629e+06
20 16 -1.167528428551629e+06
16 21  1.057005121631882e+06
21 16  1.057005121631882e+06
16 22  6.453256444198432e+08
22 16  6.453256444198432e+08
16 23 -2.043439203950931e+08
23 16 -2.043439203950931e+08
16 24  3.094772791617672e+08
24 16  3.094772791617672e+08
16 37 -2.417401203555334e+05
37 16 -2.417401203555334e+05
16 38 -9.889875958031477e+05
38 16 -9.889875958031477e+05
16 39  9.477633612297627e+04
39 16  9.477633612297627e+04
16 40  5.578894517270386e+08
40 16  5.578894517270386e+08
16 41 -1.531748476643636e+08
41 16 -1.531748476643636e+08
16 42  8.671694997921502e+06
42 16  8.671694997921502e+06
16 43 -2.057051871586787e+06
43 16 -2.057051871586787e+06
16 44 -4.754127651071569e+06
44 16 -4.754127651071569e+06
16 45  2.386382088761753e+06
45 16  2.386382088761753e+06
16 46  1.154895462956250e+09
46 16  1.154895462956250e+09
16 47 -5.164494949772958e+08
47 16 -5.164494949772958e+08
16 48  6.308249452595788e+07
48 16  6.308249452595788e+07
16 49 -2.118950388638375e+06
49 16 -2.118950388638375e+06
16 50 -3.069116890542088e+06
50 16 -3.069116890542088e+06
16 51  2.902306136940051e+06
51 16  2.902306136940051e+06
16 52  5.413452877429593e+08
52 16  5.413452877429593e+08
16 53 -2.356017131646767e+08
53 16 -2.356017131646767e+08
16 54  1.211075407624210e+08
54 16  1.211075407624210e+08
17 17  6.995312083572476e+08
17 18  6.545290539545391e+08
18 17  6.545290539545391e+08
17 19 -1.513205407700745e+06
19 17 -1.513205407700745e+06
17 20 -2.037090423706564e+06
20 17 -2.037090423706564e+06
17 21  1.847163898890400e+06
21 17  1.847163898890400e+06
17 22 -2.077753611709735e+08
22 17 -2.077753611709735e+08
17 23  3.739648535502523e+08
23 17  3.739648535502523e+08
17 24  2.421210484856440e+08
24 17  2.421210484856440e+08
17 37  1.120904600566133e+06
37 17  1.120904600566133e+06
17 38  3.511467287262789e+06
38 17  3.511467287262789e+06
17 39 -1.363183197391357e+06
39 17 -1.363183197391357e+06
17 40 -2.320393560026313e+08
40 17 -2.320393560026313e+08
17 41  1.802540743288338e+08
41 17  1.802540743288338e+08
17 42  2.734266661463683e+08
42 17  2.734266661463683e+08
17 43  3.543685706818724e+06
43 17  3.543685706818724e+06
17 44  6.351766997643208e+06
44 17  6.351766997643208e+06
17 45 -4.371343334732384e+06
45 17 -4.371343334732384e+06
17 46 -4.422750768944426e+08
46 17 -4.422750768944426e+08
17 47  6.930840126069019e+08
47 17  6.930840126069019e+08
17 48  6.554884616756895e+08
48 17  6.554884616756895e+08
17 49  1.348129137834292e+06
49 17  1.348129137834292e+06
17 50  1.777470679909498e+06
50 17  1.777470679909498e+06
17 51 -1.591172927807973e+06
51 17 -1.591172927807973e+06
17 52 -1.355219576875790e+08
52 17 -1.355219576875790e+08
17 53  3.737733219055733e+08
53 17  3.737733219055733e+08
17 54  2.911041519993506e+08
54 17  2.911041519993506e+08
18 18  1.283076755338857e+09
18 19 -2.953482062186523e+06
19 18 -2.953482062186523e+06
18 20 -3.946713703500588e+06
20 18 -3.946713703500588e+06
18 21  3.573747900194128e+06
21 18  3.573747900194128e+06
18 22  2.154380001754696e+08
22 18  2.154380001754696e+08
18 23  3.859953998508858e+08
23 18  3.859953998508858e+08
18 24  6.070417014962459e+08
24 18  6.070417014962459e+08
18 37  1.479001564663721e+06
37 18  1.479001564663721e+06
18 38  4.437060393577512e+06
38 18  4.437060393577512e+06
18 39 -1.967400732832484e+06
39 18 -1.967400732832484e+06
18 40  1.239836912001379e+08
40 18  1.239836912001379e+08
18 41  1.409427730127203e+08
41 18  1.409427730127203e+08
18 42  4.179144294766792e+08
42 18  4.179144294766792e+08
18 43  3.528471535234456e+06
43 18  3.528471535234456e+06
18 44  5.462643139908874e+06
44 18  5.462643139908874e+06
18 45 -4.469679856100818e+06
45 18 -4.469679856100818e+06
18 46  2.949262161931635e+08
46 18  2.949262161931635e+08
18 47  6.051338970819576e+08
47 18  6.051338970819576e+08
18 48  1.027362754183386e+09
48 18  1.027362754183386e+09
18 49  2.743294151272490e+05
49 18  2.743294151272490e+05
18 50  1.391114918765009e+05
50 18  1.391114918765009e+05
18 51  6.615744383225689e+02
51 18  6.615744383225689e+02
18 52  2.377280490774517e+08
52 18  2.377280490774517e+08
18 53  3.606414166532754e+08
53 18  3.606414166532754e+08
18 54  5.270541016751245e+08
54 18  5.270541016751245e+08
19 19  3.109263897170898e+05
19 20 -2.212767614861635e+04
20 19 -2.212767614861635e+04
19 21  7.805943564194236e+04
21 19  7.805943564194236e+04
19 22  2.789977003538029e+06
22 19  2.789977003538029e+06
19 23 -6.152758425207624e+06
23 19 -6.152758425207624e+06
19 24 -1.830537006208532e+06
24 19 -1.830537006208532e+06
19 25  5.694107199913147e+04
25 19  5.694107199913147e+04
19 26  9.527911227285526e+03
26 19  9.527911227285526e+03
19 27  5.195381091528147e+04
27 19  5.195381091528147e+04
19 28  3.232676720434412e+06
28 19  3.232676720434412e+06
19 29 -2.791753672610460e+06
29 19 -2.791753672610460e+06
19 30  1.666385474190546e+06
30 19  1.666385474190546e+06
19 43 -1.926781504458568e+05
43 19 -1.926781504458568e+05
19 44  7.253255316382196e+04
44 19  7.253255316382196e+04
19 45 -3.540846984925544e+04
45 19 -3.540846984925544e+04
19 46 -4.130940426272550e+05
46 19 -4.130940426272550e+05
19 47 -1.398053830490874e+06
47 19 -1.398053830490874e+06
19 48 -2.194329337059831e+06
48 19 -2.194329337059831e+06
19 49 -1.361898047912076e+05
49 19 -1.361898047912076e+05
19 50 -3.308955116388615e+04
50 19 -3.308955116388615e+04
19 51 -1.036570393030669e+05
51 19 -1.036570393030669e+05
19 52  2.518988557059557e+06
52 19  2.518988557059557e+06
19 53 -6.125848046289899e+06
53 19 -6.125848046289899e+06
19 54 -2.021452799016026e+06
54 19 -2.021452799016026e+06
19 55 -1.029280110672098e+05
55 19 -1.029280110672098e+05
19 56 -4.282705728911050e+04
56 19 -4.282705728911050e+04
19 57 -5.765270558422688e+04
57 19 -5.765270558422688e+04
19 58  2.486094379004012e+06
58 19  2.486094379004012e+06
19 59 -2.879994870864943e+06
59 19 -2.879994870864943e+06
19 60  7.163169566501746e+05
60 19  7.163169566501746e+05
20 20  2.565306767343013e+05
20 21  5.210201474412625e+04
21 20  5.210201474412625e+04
20 22  7.006993173125105e+05
22 20  7.006993173125105e+05
20 23 -4.993026416316118e+06
23 20 -4.993026416316118e+06
20 24 -3.811930499355716e+06
24 20 -3.811930499355716e+06
20 25  8.656531440884117e+03
25 20  8.656531440884117e+03
20 26 -5.466570317489936e+04
26 20 -5.466570317489936e+04
20 27 -1.143610878572700e+04
27 20 -1.143610878572700e+04
20 28  1.392288809707195e+06
28 20  1.392288809707195e+06
20 29 -1.206579482982743e+06
29 20 -1.206579482982743e+06
20 30  7.147186274348456e+05
30 20  7.147186274348456e+05
20 43  7.646915268621247e+04
43 20  7.646915268621247e+04
20 44 -1.074220430772753e+05
44 20 -1.074220430772753e+05
20 45  2.443831763766789e+03
45 20  2.443831763766789e+03
20 46 -5.292536270317393e+05
46 20 -5.292536270317393e+05
20 47 -1.881932124052965e+06
47 20 -1.881932124052965e+06
20 48 -2.935887621225013e+06
48 20 -2.935887621225013e+06
20 49 -3.417187812206991e+04
49 20 -3.417187812206991e+04
20 50  6.741651422036692e+04
50 20  6.741651422036692e+04
20 51  3.951603426781013e+04
51 20  3.951603426781013e+04
20 52  1.016276887566441e+06
52 20  1.016276887566441e+06
20 53 -4.876118752921803e+06
53 20 -4.876118752921803e+06
20 54 -3.209535475052828e+06
54 20 -3.209535475052828e+06
20 55 -4.238083002625259e+04
55 20 -4.238083002625259e+04
20 56 -1.416106864127866e+05
56 20 -1.416106864127866e+05
20 57 -6.667268624071477e+04
57 20 -6.667268624071477e+04
20 58  1.069591578478897e+06
58 20  1.069591578478897e+06
20 59 -1.244830120489830e+06
59 20 -1.244830120489830e+06
20 60  3.062875694162702e+05
60 20  3.062875694162702e+05
21 21  2.183054436667807e+05
21 22 -3.425984765579756e+06
22 21 -3.425984765579756e+06
21 23  7.495601052007369e+06
23 21  7.495601052007369e+06
21 24  2.206070341696956e+06
24 21  2.206070341696956e+06
21 25  5.164638441190336e+04
25 21  5.164638441190336e+04
21 26 -1.072146587661162e+04
26 21 -1.072146587661162e+04
21 27  3.633371256223529e+04
27 21  3.633371256223529e+04
21 28 -3.942257778620261e+06
28 21 -3.942257778620261e+06
21 29  3.400377500031231e+06
29 21  3.400377500031231e+06
21 30 -2.026564218117057e+06
30 21 -2.026564218117057e+06
21 43 -3.657213267578811e+04
43 21 -3.657213267578811e+04
21 44  5.686513375457847e+03
44 21  5.686513375457847e+03
21 45 -7.600585444163073e+04
45 21 -7.600585444163073e+04
21 46  4.778931793951080e+05
46 21  4.778931793951080e+05
21 47  1.705454513328008e+06
47 21  1.705454513328008e+06
21 48  2.659419806683696e+06
48 21  2.659419806683696e+06
21 49 -1.009816363713256e+05
49 21 -1.009816363713256e+05
21 50  4.022503231828615e+04
50 21  4.022503231828615e+04
21 51 -9.243953630240131e+04
51 21 -9.243953630240131e+04
21 52 -3.092155157078262e+06
52 21 -3.092155157078262e+06
21 53  7.462801754350690e+06
53 21  7.462801754350690e+06
21 54  2.445471960575809e+06
54 21  2.445471960575809e+06
21 55 -5.961074516242443e+04
55 21 -5.961074516242443e+04
21 56 -6.697037355780881e+04
56 21 -6.697037355780881e+04
21 57 -1.236467575393166e+05
57 21 -1.236467575393166e+05
21 58 -3.029316227488180e+06
58 21 -3.029316227488180e+06
21 59  3.509287587891056e+06
59 21  3.509287587891056e+06
21 60 -8.728345051822054e+05
60 21 -8.728345051822054e+05
22 22  1.238575126561283e+09
22 23 -4.252619843308419e+08
23 22 -4.252619843308419e+08
22 24  6.848570899960924e+08
24 22  6.848570899960924e+08
22 25 -2.238922138009884e+06
25 22 -2.238922138009884e+06
22 26 -9.627092331982458e+05
26 22 -9.627092331982458e+05
22 27  2.731178365295323e+06
27 22  2.731178365295323e+06
22 28  5.945019648343675e+08
28 22  5.945019648343675e+08
22 29 -6.025019558394159e+07
29 22 -6.025019558394159e+07
22 30  4.664988249703668e+08
30 22  4.664988249703668e+08
22 43  1.487446208579599e+05
43 22  1.487446208579599e+05
22 44 -8.162198000500235e+04
44 22 -8.162198000500235e+04
22 45 -5.400477093686706e+05
45 22 -5.400477093686706e+05
22 46  6.357657511178843e+08
46 22  6.357657511178843e+08
22 47 -2.365907392815790e+08
47 22 -2.365907392815790e+08
22 48  1.001355179345117e+08
48 22  1.001355179345117e+08
22 49 -1.461451214911046e+06
49 22 -1.461451214911046e+06
22 50 -2.969678587675726e+06
50 22 -2.969678587675726e+06
22 51  1.647550736493056e+06
51 22  1.647550736493056e+06
22 52  1.145599749238020e+09
52 22  1.145599749238020e+09
22 53 -4.738206200565176e+08
53 22 -4.738206200565176e+08
22 54  4.213943498845567e+08
54 22  4.213943498845567e+08
22 55 -2.075969830822273e+06
55 22 -2.075969830822273e+06
22 56 -1.005478197449858e+06
56 22 -1.005478197449858e+06
22 57  3.021906675753889e+06
57 22  3.021906675753889e+06
22 58  5.126002423042609e+08
58 22  5.126002423042609e+08
22 59 -7.884538850384767e+07
59 22 -7.884538850384767e+07
22 60  3.165971121304759e+08
60 22  3.165971121304759e+08
23 23  1.408872123145912e+09
23 24  5.780414877103661e+08
24 23  5.780414877103661e+08
23 25 -2.774707613841138e+06
25 23 -2.774707613841138e+06
23 26 -1.199475664650261e+06
26 23 -1.199475664650261e+06
23 27  3.382298527642848e+06
27 23  3.382298527642848e+06
23 28 -1.699365619429559e+08
28 23 -1.699365619429559e+08
23 29  7.599276954688705e+08
29 23  7.599276954688705e+08
23 30  1.299988914827077e+08
30 23  1.299988914827077e+08
23 43  1.751551959594026e+06
43 23  1.751551959594026e+06
23 44  3.173994522221949e+06
44 23  3.173994522221949e+06
23 45 -2.125273011234028e+06
45 23 -2.125273011234028e+06
23 46 -2.805548780322651e+08
46 23 -2.805548780322651e+08
23 47  3.694950849979472e+08
47 23  3.694950849979472e+08
23 48  3.196228716449305e+08
48 23  3.196228716449305e+08
23 49  6.063705744008821e+06
49 23  6.063705744008821e+06
23 50  4.798733480602074e+06
50 23  4.798733480602074e+06
23 51 -7.473633558021995e+06
51 23 -7.473633558021995e+06
23 52 -3.873875936557834e+08
52 23 -3.873875936557834e+08
23 53  1.403603261298404e+09
53 23  1.403603261298404e+09
23 54  5.960157393618318e+08
54 23  5.960157393618318e+08
23 55  2.665765531700410e+06
55 23  2.665765531700410e+06
23 56  1.134969731754059e+06
56 23  1.134969731754059e+06
23 57 -3.171956258414433e+06
57 23 -3.171956258414433e+06
23 58 -5.470314893556133e+07
58 23 -5.470314893556133e+07
23 59  7.604208392975071e+08
59 23  7.604208392975071e+08
23 60  2.129467490486227e+08
60 23  2.129467490486227e+08
24 24  1.100921692906648e+09
24 25 -2.824430142142049e+06
25 24 -2.824430142142049e+06
24 26 -1.215328573702033e+06
26 24 -1.215328573702033e+06
24 27  3.437871640088516e+06
27 24  3.437871640088516e+06
24 28  4.276065185664982e+08
28 24  4.276065185664982e+08
24 29  2.200100582165981e+08
29 24  2.200100582165981e+08
24 30  4.289143434424911e+08
30 24  4.289143434424911e+08
24 43  2.066043638483196e+06
43 24  2.066043638483196e+06
24 44  3.452163400045476e+06
44 24  3.452163400045476e+06
24 45 -2.805570173200727e+06
45 24 -2.805570173200727e+06
24 46  2.170175828465191e+08
46 24  2.170175828465191e+08
24 47  2.132302571103179e+08
47 24  2.132302571103179e+08
24 48  4.376533691761485e+08
48 24  4.376533691761485e+08
24 49  2.708262998628381e+06
49 24  2.708262998628381e+06
24 50  1.642976248522929e+06
50 24  1.642976248522929e+06
24 51 -3.443366682528583e+06
51 24 -3.443366682528583e+06
24 52  5.677870364079231e+08
52 24  5.677870364079231e+08
24 53  5.354660841719986e+08
53 24  5.354660841719986e+08
24 54  8.357254258157643e+08
54 24  8.357254258157643e+08
24 55 -7.583686988934882e+05
55 24 -7.583686988934882e+05
24 56 -4.226840810251274e+05
56 24 -4.226840810251274e+05
24 57  1.355142620290328e+06
57 24  1.355142620290328e+06
24 58  4.012547063242636e+08
58 24  4.012547063242636e+08
24 59  2.049265237620508e+08
59 24  2.049265237620508e+08
24 60  3.353129676168495e+08
60 24  3.353129676168495e+08
25 25  1.519285073100840e+05
25 26 -7.088668349295043e+04
26 25 -7.088668349295043e+04
25 27  4.138880399905079e+04
27 25  4.138880399905079e+04
25 28 -2.043772889767513e+06
28 25 -2.043772889767513e+06
25 29 -3.899039349834552e+06
29 25 -3.899039349834552e+06
25 30 -3.062219474444567e+06
30 25 -3.062219474444567e+06
25 49 -1.433609521455487e+05
49 25 -1.433609521455487e+05
25 50  7.403856046262381e+04
50 25  7.403856046262381e+04
25 51 -4.959687518029055e+04
51 25 -4.959687518029055e+04
25 52 -1.545897023392376e+06
52 25 -1.545897023392376e+06
25 53 -2.687265815310856e+06
53 25 -2.687265815310856e+06
25 54 -1.914544746958386e+06
54 25 -1.914544746958386e+06
25 55 -6.550862716366675e+04
55 25 -6.550862716366675e+04
25 56 -1.180840841055751e+04
56 25 -1.180840841055751e+04
25 57 -4.343831323066360e+04
57 25 -4.343831323066360e+04
25 58 -1.350747776151326e+06
58 25 -1.350747776151326e+06
25 59 -3.811597551587378e+06
59 25 -3.811597551587378e+06
25 60 -2.152334080182570e+06
60 25 -2.152334080182570e+06
26 26  1.431733142493840e+05
26 27 -3.277936428460823e+04
27 26 -3.277936428460823e+04
26 28 -8.762355469148792e+05
28 26 -8.762355469148792e+05
26 29 -1.683264606506527e+06
29 26 -1.683264606506527e+06
26 30 -1.320696756848936e+06
30 26 -1.320696756848936e+06
26 49  7.449061934955009e+04
49 26  7.449061934955009e+04
26 50 -1.416103829655369e+05
50 26 -1.416103829655369e+05
26 51  2.924126487704929e+04
51 26  2.924126487704929e+04
26 52 -6.631915972057135e+05
52 26 -6.631915972057135e+05
26 53 -1.161587287308044e+06
53 26 -1.161587287308044e+06
26 54 -8.242115714382371e+05
54 26 -8.242115714382371e+05
26 55 -1.313184708388519e+04
55 26 -1.313184708388519e+04
26 56  5.310277189105216e+04
56 26  5.310277189105216e+04
26 57  1.425956528417058e+04
57 26  1.425956528417058e+04
26 58 -5.767179112054529e+05
58 26 -5.767179112054529e+05
26 59 -1.645376227528331e+06
59 26 -1.645376227528331e+06
26 60 -9.295797542401747e+05
60 26 -9.295797542401747e+05
27 27  9.341552129300198e+04
27 28  2.493480856692108e+06
28 27  2.493480856692108e+06
27 29  4.752340611284964e+06
29 27  4.752340611284964e+06
27 30  3.727506025872094e+06
30 27  3.727506025872094e+06
27 49 -5.158244025727242e+04
49 27 -5.158244025727242e+04
27 50  2.893879059610931e+04
50 27  2.893879059610931e+04
27 51 -8.321210120575754e+04
51 27 -8.321210120575754e+04
27 52  1.883682276677106e+06
52 27  1.883682276677106e+06
27 53  3.274442118140031e+06
53 27  3.274442118140031e+06
27 54  2.332880148309609e+06
54 27  2.332880148309609e+06
27 55 -4.176017465705986e+04
55 27 -4.176017465705986e+04
27 56  1.527668247422592e+04
56 27  1.527668247422592e+04
27 57 -4.653713264947976e+04
57 27 -4.653713264947976e+04
27 58  1.645984767152228e+06
58 27  1.645984767152228e+06
27 59  4.644484202127111e+06
59 27  4.644484202127111e+06
27 60  2.622514533458528e+06
60 27  2.622514533458528e+06
28 28  5.818322326397828e+08
28 29 -8.941451904206698e+07
29 28 -8.941451904206698e+07
28 30  4.437650083325909e+08
30 28  4.437650083325909e+08
28 49  1.071771362092788e+06
49 28  1.071771362092788e+06
28 50  5.760597339971670e+05
50 28  5.760597339971670e+05
28 51 -1.818526174825018e+06
51 28 -1.818526174825018e+06
28 52  5.522081875013653e+08
52 28  5.522081875013653e+08
28 53 -1.882627426011227e+08
53 28 -1.882627426011227e+08
28 54  3.071756196084483e+08
54 28  3.071756196084483e+08
28 55 -2.260675192759686e+06
55 28 -2.260675192759686e+06
28 56 -1.092112996789483e+06
56 28 -1.092112996789483e+06
28 57  3.267303096753171e+06
57 28  3.267303096753171e+06
28 58  5.386018277714574e+08
58 28  5.386018277714574e+08
28 59 -1.081254948743741e+08
59 28 -1.081254948743741e+08
28 60  3.244245521898444e+08
60 28  3.244245521898444e+08
29 29  9.310686895028467e+08
29 30  2.559014947398392e+08
30 29  2.559014947398392e+08
29 49  2.960196049334458e+06
49 29  2.960196049334458e+06
29 50  1.270158876366063e+06
50 29  1.270158876366063e+06
29 51 -3.566904843929423e+06
51 29 -3.566904843929423e+06
29 52 -1.724521356668066e+08
52 29 -1.724521356668066e+08
29 53  7.568725795528950e+08
53 29  7.568725795528950e+08
29 54  1.330518592623564e+08
54 29  1.330518592623564e+08
29 55  3.730596973110555e+06
55 29  3.730596973110555e+06
29 56  1.619685213123208e+06
56 29  1.619685213123208e+06
29 57 -4.585813267386772e+06
57 29 -4.585813267386772e+06
29 58 -2.020012542990724e+08
58 29 -2.020012542990724e+08
29 59  9.278063933081461e+08
59 29  9.278063933081461e+08
29 60  1.694121699748538e+08
60 29  1.694121699748538e+08
30 30  4.573319090281541e+08
30 49  1.929139282404306e+06
49 30  1.929139282404306e+06
30 50  9.230977103812086e+05
50 30  9.230977103812086e+05
30 51 -2.757068888136085e+06
51 30 -2.757068888136085e+06
30 52  3.920073690277243e+08
52 30  3.920073690277243e+08
30 53  1.138779625873948e+08
53 30  1.138779625873948e+08
30 54  2.992530348521332e+08
54 30  2.992530348521332e+08
30 55 -5.333052821502851e+05
55 30 -5.333052821502851e+05
30 56 -3.171195809671181e+05
56 30 -3.171195809671181e+05
