1 1  2.012156072049766e+05
1 2  9.663751176853386e+04
2 1  9.663751176853386e+04
1 3  2.172753360923898e+04
3 1  2.172753360923898e+04
1 4  6.789762664450887e+06
4 1  6.789762664450887e+06
1 5  1.037547618047197e+06
5 1  1.037547618047197e+06
1 6  1.641628643596646e+07
6 1  1.641628643596646e+07
1 7  2.391072179866463e+04
7 1  2.391072179866463e+04
1 8  3.311204199064358e+04
8 1  3.311204199064358e+04
1 9 -1.477391140982913e+04
9 1 -1.477391140982913e+04
1 10  2.455962466072866e+06
10 1  2.455962466072866e+06
1 11 -5.053196982475685e+06
11 1 -5.053196982475685e+06
1 12  6.120131947430676e+06
12 1  6.120131947430676e+06
1 91  3.265427932310462e+04
91 1  3.265427932310462e+04
1 92  3.954005165633898e+04
92 1  3.954005165633898e+04
1 93 -6.334928052749054e+03
93 1 -6.334928052749054e+03
1 94  3.056167126359539e+06
94 1  3.056167126359539e+06
1 95  5.960670301901140e+06
95 1  5.960670301901140e+06
1 96  7.153244637413311e+06
96 1  7.153244637413311e+06
1 97 -8.943954524184064e+04
97 1 -8.943954524184064e+04
1 98 -6.309780703024744e+04
98 1 -6.309780703024744e+04
1 99  3.391641976084853e+04
99 1  3.391641976084853e+04
1 100  6.540904616419062e+06
100 1  6.540904616419062e+06
1 101  5.263274539302485e+05
101 1  5.263274539302485e+05
1 102  1.616733587865819e+07
102 1  1.616733587865819e+07
1 103 -1.068923216429238e+05
103 1 -1.068923216429238e+05
1 104 -7.824578309017333e+04
104 1 -7.824578309017333e+04
1 105 -3.998935236725212e+04
105 1 -3.998935236725212e+04
1 106  3.091958721988943e+06
106 1  3.091958721988943e+06
1 107 -2.206570580763597e+06
107 1 -2.206570580763597e+06
1 108  5.695172797724722e+06
108 1  5.695172797724722e+06
1 187 -6.144874144198134e+04
187 1 -6.144874144198134e+04
1 188 -2.794601529509567e+04
188 1 -2.794601529509567e+04
1 189  5.454238459742779e+03
189 1  5.454238459742779e+03
1 190  2.171312822401935e+06
190 1  2.171312822401935e+06
1 191  2.602823736016226e+06
191 1  2.602823736016226e+06
1 192  7.329253229853335e+06
192 1  7.329253229853335e+06
2 2  4.369879219162582e+05
2 3 -4.002858200886501e+04
3 2 -4.002858200886501e+04
2 4 -2.017217887525606e+06
4 2 -2.017217887525606e+06
2 5 -1.198409902863205e+00
5 2 -1.198409902863205e+00
2 6 -4.869993090056709e+06
6 2 -4.869993090056709e+06
2 7  3.374148160044044e+04
7 2  3.374148160044044e+04
2 8  1.726191550065643e+05
8 2  1.726191550065643e+05
2 9 -2.186402281756184e+04
9 2 -2.186402281756184e+04
2 10 -7.925337455536508e+05
10 2 -7.925337455536508e+05
2 11  1.633317311385136e+06
11 2  1.633317311385136e+06
2 12 -1.979803367651038e+06
12 2 -1.979803367651038e+06
2 91  3.931902763635670e+04
91 2  3.931902763635670e+04
2 92  1.726191111971415e+05
92 2  1.726191111971415e+05
2 93 -8.398622189202235e+03
93 2 -8.398622189202235e+03
2 94 -8.395263520636866e+05
94 2 -8.395263520636866e+05
2 95 -1.633316559838324e+06
95 2 -1.633316559838324e+06
2 96 -1.960338124878703e+06
96 2 -1.960338124878703e+06
2 97 -6.350621671304319e+04
97 2 -6.350621671304319e+04
2 98 -3.485231043540939e+05
98 2 -3.485231043540939e+05
2 99  2.630512636163037e+04
99 2  2.630512636163037e+04
2 100 -1.980014721193506e+06
100 2 -1.980014721193506e+06
2 101 -1.077465794747695e+00
101 2 -1.077465794747695e+00
2 102 -4.780176876079883e+06
102 2 -4.780176876079883e+06
2 103 -7.824578335365269e+04
103 2 -7.824578335365269e+04
2 104 -2.168515279026345e+05
104 2 -2.168515279026345e+05
2 105 -3.872414498119704e+04
105 2 -3.872414498119704e+04
2 106 -9.997005779260709e+05
106 2 -9.997005779260709e+05
2 107  7.134344706488464e+05
107 2  7.134344706488464e+05
2 108 -1.841378903483911e+06
108 2 -1.841378903483911e+06
2 187 -2.794602093863511e+04
187 2 -2.794602093863511e+04
2 188 -2.168515558632356e+05
188 2 -2.168515558632356e+05
2 189  8.271024563519575e+04
189 2  8.271024563519575e+04
2 190 -5.951563534150422e+05
190 2 -5.951563534150422e+05
2 191 -7.134335983680384e+05
191 2 -7.134335983680384e+05
2 192 -2.008946375059133e+06
192 2 -2.008946375059133e+06
3 3  2.446706896052408e+05
3 4 -2.836766306387039e+06
4 3 -2.836766306387039e+06
3 5  2.504850834763569e+06
5 3  2.504850834763569e+06
3 6 -6.789761431888109e+06
6 3 -6.789761431888109e+06
3 7 -1.507848870357448e+04
7 3 -1.507848870357448e+04
3 8 -2.280604511047369e+04
8 3 -2.280604511047369e+04
3 9  1.154544820230136e+04
9 3  1.154544820230136e+04
3 10 -1.641114709148983e+06
10 3 -1.641114709148983e+06
3 11  3.376468635900161e+06
11 3  3.376468635900161e+06
3 12 -4.089279778337461e+06
12 3 -4.089279778337461e+06
3 91 -6.030350728902115e+03
91 3 -6.030350728902115e+03
3 92 -7.287429773437883e+03
92 3 -7.287429773437883e+03
3 93  2.801858760490507e+03
93 3  2.801858760490507e+03
3 94 -6.080024780623536e+05
94 3 -6.080024780623536e+05
3 95 -1.185625999645969e+06
95 3 -1.185625999645969e+06
3 96 -1.422850550052131e+06
96 3 -1.422850550052131e+06
3 97  3.391641899875325e+04
97 3  3.391641899875325e+04
3 98  2.613595773600598e+04
98 3  2.613595773600598e+04
3 99 -2.160670024430524e+04
99 3 -2.160670024430524e+04
3 100 -3.085531179555834e+06
100 3 -3.085531179555834e+06
3 101  1.270657593478683e+06
101 3  1.270657593478683e+06
3 102 -6.540903612478329e+06
102 3 -6.540903612478329e+06
3 103 -3.998935240854411e+04
103 3 -3.998935240854411e+04
3 104 -3.872414514389772e+04
104 3 -3.872414514389772e+04
3 105 -9.598383884458225e+04
105 3 -9.598383884458225e+04
3 106 -2.065980979327773e+06
106 3 -2.065980979327773e+06
3 107  1.474383464651990e+06
107 3  1.474383464651990e+06
3 108 -3.805393187443086e+06
108 3 -3.805393187443086e+06
3 187  5.454239233028470e+03
187 3  5.454239233028470e+03
3 188  8.271024430066830e+04
188 3  8.271024430066830e+04
3 189 -1.414274574791452e+05
189 3 -1.414274574791452e+05
3 190 -4.319010810100155e+05
190 3 -4.319010810100155e+05
3 191 -5.177340696728119e+05
191 3 -5.177340696728119e+05
3 192 -1.457879321316910e+06
192 3 -1.457879321316910e+06
4 4  7.919612528354745e+08
4 5  8.290018753366730e+08
5 4  8.290018753366730e+08
4 6  1.070445057419313e+09
6 4  1.070445057419313e+09
4 7  4.714324446778821e+06
7 4  4.714324446778821e+06
4 8 -1.525810881203225e+06
8 4 -1.525810881203225e+06
4 9 -3.150104088871711e+06
9 4 -3.150104088871711e+06
4 10  5.696951588675921e+08
10 4  5.696951588675921e+08
4 11  3.786435297062007e+08
11 4  3.786435297062007e+08
4 12  6.693884252646002e+08
12 4  6.693884252646002e+08
4 91 -8.613717748564696e+04
91 4 -8.613717748564696e+04
4 92  2.543196568346417e+04
92 4  2.543196568346417e+04
4 93  1.704093061067760e+04
93 4  1.704093061067760e+04
4 94  1.885902706662524e+08
94 4  1.885902706662524e+08
4 95  5.061179612235078e+08
95 4  5.061179612235078e+08
4 96  2.506803627603217e+08
96 4  2.506803627603217e+08
4 97 -6.114953377577836e+06
97 4 -6.114953377577836e+06
4 98  1.922788860026219e+06
98 4  1.922788860026219e+06
4 99  3.568321404999476e+06
99 4  3.568321404999476e+06
4 100  7.372209518960919e+08
100 4  7.372209518960919e+08
4 101  6.432783178509929e+08
101 4  6.432783178509929e+08
4 102  1.077736464581476e+09
102 4  1.077736464581476e+09
4 103 -2.869748614766661e+06
103 4 -2.869748614766661e+06
4 104  9.278550299465493e+05
104 4  9.278550299465493e+05
4 105  1.917504911729858e+06
105 4  1.917504911729858e+06
4 106  5.766179493506546e+08
106 4  5.766179493506546e+08
4 107  4.111636014291300e+08
107 4  4.111636014291300e+08
4 108  6.640130840650097e+08
108 4  6.640130840650097e+08
4 187 -2.433247941399565e+06
187 4 -2.433247941399565e+06
4 188  6.669529130725986e+05
188 4  6.669529130725986e+05
4 189  4.840031479187387e+05
189 4  4.840031479187387e+05
4 190  1.307028717390638e+08
190 4  1.307028717390638e+08
4 191  2.867899952484390e+08
191 4  2.867899952484390e+08
4 192  2.618931168634895e+08
192 4  2.618931168634895e+08
5 5  3.752941050450660e+09
5 6 -3.433831715604410e+08
6 5 -3.433831715604410e+08
5 7  5.053224810393182e+06
7 5  5.053224810393182e+06
5 8 -1.633317340814117e+06
8 5 -1.633317340814117e+06
5 9 -3.376427166643339e+06
9 5 -3.376427166643339e+06
5 10  4.563545687550982e+08
10 5  4.563545687550982e+08
5 11  1.867783317778022e+09
11 5  1.867783317778022e+09
5 12 -2.208125880924403e+08
12 5 -2.208125880924403e+08
5 91 -5.960660485646293e+06
91 5 -5.960660485646293e+06
5 92  1.633316592579212e+06
92 5  1.633316592579212e+06
5 93  1.185674966736285e+06
93 5  1.185674966736285e+06
5 94  4.788297743375615e+08
94 5  4.788297743375615e+08
5 95  1.867783687145171e+09
95 5  1.867783687145171e+09
5 96 -1.665526525344390e+08
96 5 -1.665526525344390e+08
5 97  4.236488179748943e+05
97 5  4.236488179748943e+05
5 98  3.510910681216046e-01
98 5  3.510910681216046e-01
5 99  1.022783600872222e+06
99 5  1.022783600872222e+06
5 100  5.341308985192286e+08
100 5  5.341308985192286e+08
5 101  2.537251672989845e+09
101 5  2.537251672989845e+09
5 102 -2.212435993676331e+08
102 5 -2.212435993676331e+08
5 103  3.083605037347002e+06
103 5  3.083605037347002e+06
5 104 -9.969996595816306e+05
104 5 -9.969996595816306e+05
5 105 -2.060399232548426e+06
105 5 -2.060399232548426e+06
5 106  3.206570935965543e+08
106 5  3.206570935965543e+08
5 107  1.260147739691184e+09
107 5  1.260147739691184e+09
5 108 -1.298714518103969e+08
108 5 -1.298714518103969e+08
5 187 -3.637365798115982e+06
187 5 -3.637365798115982e+06
5 188  9.970012551353700e+05
188 5  9.970012551353700e+05
5 189  7.235169968196892e+05
189 5  7.235169968196892e+05
5 190  3.185719359122015e+08
190 5  3.185719359122015e+08
5 191  1.260147613041441e+09
191 5  1.260147613041441e+09
5 192 -1.349050695734443e+08
192 5 -1.349050695734443e+08
6 6  2.932850423884840e+09
6 7  4.611145404461275e+06
7 6  4.611145404461275e+06
6 8 -1.489844193672718e+06
8 6 -1.489844193672718e+06
6 9 -3.081007106844138e+06
9 6 -3.081007106844138e+06
6 10  6.317850915968609e+08
10 6  6.317850915968609e+08
6 11 -3.371153651337289e+08
11 6 -3.371153651337289e+08
6 12  1.108658734461752e+09
12 6  1.108658734461752e+09
6 91  7.778287747283889e+06
91 6  7.778287747283889e+06
6 92 -2.132390192335912e+06
92 6 -2.132390192335912e+06
6 93 -1.547179398624530e+06
93 6 -1.547179398624530e+06
6 94  2.882832829789252e+08
94 6  2.882832829789252e+08
6 95 -2.936569260596734e+07
95 6 -2.936569260596734e+07
6 96  1.489763433382196e+09
96 6  1.489763433382196e+09
6 97 -1.579822394619910e+07
97 6 -1.579822394619910e+07
6 98  4.642021751977244e+06
98 6  4.642021751977244e+06
6 99  6.114952957266399e+06
99 6  6.114952957266399e+06
6 100  1.077736488337201e+09
100 6  1.077736488337201e+09
6 101 -2.664538173666149e+08
101 6 -2.664538173666149e+08
6 102  2.892692930408996e+09
102 6  2.892692930408996e+09
6 103 -5.786997161930191e+06
103 6 -5.786997161930191e+06
6 104  1.871067860112972e+06
104 6  1.871067860112972e+06
6 105  3.866748273249559e+06
105 6  3.866748273249559e+06
6 106  7.078079741447579e+08
106 6  7.078079741447579e+08
6 107  5.581095601998154e+06
107 6  5.581095601998154e+06
6 108  1.056608767683098e+09
108 6  1.056608767683098e+09
6 187 -7.220498479582334e+06
187 6 -7.220498479582334e+06
6 188  1.979137863975122e+06
188 6  1.979137863975122e+06
6 189  1.436246706840819e+06
189 6  1.436246706840819e+06
6 190  2.180978370903306e+08
190 6  2.180978370903306e+08
6 191 -2.946836520976379e+08
191 6 -2.946836520976379e+08
6 192  1.502523610995689e+09
192 6  1.502523610995689e+09
7 7  2.229431721356305e+05
7 8  7.396314582187032e+04
8 7  7.396314582187032e+04
7 9  3.072740363720230e+04
9 7  3.072740363720230e+04
7 10  9.602171733734151e+06
10 7  9.602171733734151e+06
7 11  1.917124130825978e+06
11 7  1.917124130825978e+06
7 12  9.626528079296069e+06
12 7  9.626528079296069e+06
7 13  1.154538465200796e+04
13 7  1.154538465200796e+04
7 14  2.186400193753877e+04
14 7  2.186400193753877e+04
7 15 -1.477392874299916e+04
15 7 -1.477392874299916e+04
7 16  3.081005930633636e+06
16 7  3.081005930633636e+06
7 17 -3.376423042509267e+06
17 7 -3.376423042509267e+06
7 18  3.150100896664233e+06
18 7  3.150100896664233e+06
7 97 -6.930465014992780e+04
97 7 -6.930465014992780e+04
7 98  5.833079766796832e+03
98 7  5.833079766796832e+03
7 99 -2.442001730693343e+04
99 7 -2.442001730693343e+04
7 100  4.078414121146823e+06
100 7  4.078414121146823e+06
7 101  2.206571183337045e+06
101 7  2.206571183337045e+06
7 102  5.036047137381494e+06
102 7  5.036047137381494e+06
7 103 -5.552307368988157e+04
103 7 -5.552307368988157e+04
7 104 -4.829295162502718e+04
104 7 -4.829295162502718e+04
7 105  4.796506392656738e+04
105 7  4.796506392656738e+04
7 106  9.250233734132694e+06
106 7  9.250233734132694e+06
7 107  9.725147198378514e+05
107 7  9.725147198378514e+05
7 108  9.626435315129479e+06
108 7  9.626435315129479e+06
7 109 -1.335715547464938e+05
109 7 -1.335715547464938e+05
7 110 -8.710875750161918e+04
110 7 -8.710875750161918e+04
7 111 -2.442003281026263e+04
111 7 -2.442003281026263e+04
7 112  3.364978256458208e+06
112 7  3.364978256458208e+06
7 113 -1.474378826396515e+06
113 7 -1.474378826396515e+06
7 114  2.725106399422150e+06
114 7  2.725106399422150e+06
8 8  4.369880193594290e+05
8 9 -7.396314993920634e+04
9 8 -7.396314993920634e+04
8 10 -3.727329471755090e+06
10 8 -3.727329471755090e+06
8 11  1.375522490357980e+00
11 8  1.375522490357980e+00
8 12 -3.727330525024746e+06
12 8 -3.727330525024746e+06
8 13  2.280602858090575e+04
13 8  2.280602858090575e+04
8 14  1.726190495800235e+05
14 8  1.726190495800235e+05
8 15 -3.311199465880865e+04
15 8 -3.311199465880865e+04
8 16 -1.489842063318776e+06
16 8 -1.489842063318776e+06
8 17  1.633314146807267e+06
17 8  1.633314146807267e+06
8 18 -1.525807906689845e+06
18 8 -1.525807906689845e+06
8 97  5.833080017941946e+03
97 8  5.833080017941946e+03
8 98 -2.168516692748726e+05
98 8 -2.168516692748726e+05
8 99  8.710880423747485e+04
99 8  8.710880423747485e+04
8 100 -1.318644083713104e+06
100 8 -1.318644083713104e+06
8 101 -7.134346561322622e+05
101 8 -7.134346561322622e+05
8 102 -1.628268634532234e+06
102 8 -1.628268634532234e+06
8 103 -4.860553460204791e+04
103 8 -4.860553460204791e+04
8 104 -3.485230394120254e+05
104 8 -3.485230394120254e+05
8 105  4.860550626135935e+04
105 8  4.860550626135935e+04
8 106 -3.658586986354876e+06
106 8 -3.658586986354876e+06
8 107  1.708548466092907e+00
107 8  1.708548466092907e+00
8 108 -3.658588401912479e+06
108 8 -3.658588401912479e+06
8 109 -8.710876180931370e+04
109 8 -8.710876180931370e+04
8 110 -2.168515152591188e+05
110 8 -2.168515152591188e+05
8 111 -5.833120790345522e+03
111 8 -5.833120790345522e+03
8 112 -1.628266375363939e+06
112 8 -1.628266375363939e+06
8 113  7.134317954450750e+05
113 8  7.134317954450750e+05
8 114 -1.318641342782831e+06
114 8 -1.318641342782831e+06
9 9  2.229431842608381e+05
9 10 -9.626525109995991e+06
10 9 -9.626525109995991e+06
9 11  1.917138712386394e+06
11 9  1.917138712386394e+06
9 12 -9.602173156993993e+06
12 9 -9.602173156993993e+06
9 13 -1.507850583222192e+04
13 9 -1.507850583222192e+04
9 14 -3.374142785040970e+04
14 9 -3.374142785040970e+04
9 15  2.391066999489747e+04
15 9  2.391066999489747e+04
9 16 -4.611144274069251e+06
16 9 -4.611144274069251e+06
9 17  5.053218673397554e+06
17 9  5.053218673397554e+06
9 18 -4.714320098351155e+06
18 9 -4.714320098351155e+06
9 97 -2.442001734822549e+04
97 9 -2.442001734822549e+04
9 98  8.710880441863535e+04
98 9  8.710880441863535e+04
9 99 -1.335716037409350e+05
99 9 -1.335716037409350e+05
9 100 -2.725109466680194e+06
100 9 -2.725109466680194e+06
9 101 -1.474383867278736e+06
101 9 -1.474383867278736e+06
9 102 -3.364979459819845e+06
102 9 -3.364979459819845e+06
9 103  4.796506474519520e+04
103 9  4.796506474519520e+04
9 104  4.829292295070077e+04
104 9  4.829292295070077e+04
9 105 -5.552308045299677e+04
105 9 -5.552308045299677e+04
9 106 -9.626432200874919e+06
106 9 -9.626432200874919e+06
9 107  9.725268625203699e+05
107 9  9.725268625203699e+05
9 108 -9.250235339911019e+06
108 9 -9.250235339911019e+06
9 109 -2.442003379212097e+04
109 9 -2.442003379212097e+04
9 110 -5.833126762158197e+03
110 9 -5.833126762158197e+03
9 111 -6.930461826410517e+04
111 9 -6.930461826410517e+04
9 112 -5.036045987294972e+06
112 9 -5.036045987294972e+06
9 113  2.206563524102161e+06
113 9  2.206563524102161e+06
9 114 -4.078409928380194e+06
114 9 -4.078409928380194e+06
10 10  1.862405001848869e+09
10 11  6.344890045154820e+08
11 10  6.344890045154820e+08
10 12  1.513837483204405e+09
12 10  1.513837483204405e+09
10 13  4.089277666957017e+06
13 10  4.089277666957017e+06
10 14 -1.979801714131884e+06
14 10 -1.979801714131884e+06
10 15 -6.120129428920559e+06
15 10 -6.120129428920559e+06
10 16  1.108658152512111e+09
16 10  1.108658152512111e+09
10 17  2.208139499732048e+08
17 10  2.208139499732048e+08
10 18  6.693875597949679e+08
18 10  6.693875597949679e+08
10 97 -4.248285117928820e+06
97 10 -4.248285117928820e+06
10 98  1.373567208910213e+06
98 10  1.373567208910213e+06
10 99  2.838613652555824e+06
99 10  2.838613652555824e+06
10 100  5.013038987391272e+08
100 10  5.013038987391272e+08
10 101  1.521893072363321e+08
101 10  1.521893072363321e+08
10 102  6.766118547355377e+08
102 10  6.766118547355377e+08
10 103 -8.647845349067301e+06
103 10 -8.647845349067301e+06
10 104  3.552846496173767e+06
104 10  3.552846496173767e+06
10 105  9.683269157763355e+06
105 10  9.683269157763355e+06
10 106  1.814956071594169e+09
106 10  1.814956071594169e+09
10 107  4.923421495476689e+08
107 10  4.923421495476689e+08
10 108  1.524149164810535e+09
108 10  1.524149164810535e+09
10 109 -3.251281399767911e+06
109 10 -3.251281399767911e+06
10 110  1.573251226356645e+06
110 10  1.573251226356645e+06
10 111  4.865886437746354e+06
111 10  4.865886437746354e+06
10 112  1.131922180966834e+09
112 10  1.131922180966834e+09
10 113  3.820024412111937e+08
113 10  3.820024412111937e+08
10 114  6.328162194417112e+08
114 10  6.328162194417112e+08
11 11  3.752941312392140e+09
11 12 -6.344911333153241e+08
12 11 -6.344911333153241e+08
11 13  3.376464510221780e+06
13 11  3.376464510221780e+06
11 14 -1.633314186083893e+06
14 11 -1.633314186083893e+06
11 15 -5.053190841326339e+06
15 11 -5.053190841326339e+06
11 16  3.371137780101161e+08
16 11  3.371137780101161e+08
11 17  1.867783960814704e+09
17 11  1.867783960814704e+09
11 18 -3.786443698538773e+08
18 11 -3.786443698538773e+08
11 97 -3.083605408987836e+06
97 11 -3.083605408987836e+06
11 98  9.969997825475943e+05
98 11  9.969997825475943e+05
11 99  2.060399480870919e+06
99 11  2.060399480870919e+06
11 100  2.426957488102061e+08
100 11  2.426957488102061e+08
11 101  1.260147930293179e+09
101 11  1.260147930293179e+09
11 102 -2.465489300526654e+08
102 11 -2.465489300526654e+08
11 103  7.828075849289012e+05
103 11  7.828075849289012e+05
11 104 -1.854187507065944e+00
104 11 -1.854187507065944e+00
11 105  7.828001484303200e+05
105 11  7.828001484303200e+05
11 106  4.088045483908296e+08
106 11  4.088045483908296e+08
11 107  2.537251529756640e+09
107 11  2.537251529756640e+09
11 108 -4.088066626438232e+08
108 11 -4.088066626438232e+08
11 109  2.060406165486861e+06
109 11  2.060406165486861e+06
11 110 -9.970024291838203e+05
110 11 -9.970024291838203e+05
11 111 -3.083616136261453e+06
111 11 -3.083616136261453e+06
11 112  2.465471874684941e+08
112 11  2.465471874684941e+08
11 113  1.260147290705305e+09
113 11  1.260147290705305e+09
11 114 -2.426964190018653e+08
114 11 -2.426964190018653e+08
12 12  1.862405876248478e+09
12 13  1.641115125970520e+06
13 12  1.641115125970520e+06
12 14 -7.925338873579435e+05
14 12 -7.925338873579435e+05
12 15 -2.455963501783342e+06
15 12 -2.455963501783342e+06
12 16  6.317852079797051e+08
16 12  6.317852079797051e+08
12 17 -4.563534289820242e+08
17 12 -4.563534289820242e+08
12 18  5.696947054046222e+08
18 12  5.696947054046222e+08
12 97 -4.865891878585751e+06
97 12 -4.865891878585751e+06
12 98  1.573253515274485e+06
98 12  1.573253515274485e+06
12 99  3.251285334282508e+06
99 12  3.251285334282508e+06
12 100  6.328169967174885e+08
100 12  6.328169967174885e+08
12 101 -3.820013783019224e+08
101 12 -3.820013783019224e+08
12 102  1.131922831602161e+09
102 12  1.131922831602161e+09
12 103 -9.683270856310608e+06
103 12 -9.683270856310608e+06
12 104  3.552848100719230e+06
104 12  3.552848100719230e+06
12 105  8.647847300008003e+06
105 12  8.647847300008003e+06
12 106  1.524149056992516e+09
106 12  1.524149056992516e+09
12 107 -4.923445236781594e+08
107 12 -4.923445236781594e+08
12 108  1.814957054154024e+09
108 12  1.814957054154024e+09
12 109 -2.838612417800904e+06
109 12 -2.838612417800904e+06
12 110  1.373566164040012e+06
110 12  1.373566164040012e+06
12 111  4.248283802824287e+06
111 12  4.248283802824287e+06
12 112  6.766119514942169e+08
112 12  6.766119514942169e+08
12 113 -1.521881138738029e+08
113 12 -1.521881138738029e+08
12 114  5.013034853893771e+08
114 12  5.013034853893771e+08
13 13  2.446707487430882e+05
13 14  4.002856863554414e+04
14 13  4.002856863554414e+04
13 15  2.172754699593438e+04
15 13  2.172754699593438e+04
13 16  6.789761373890636e+06
16 13  6.789761373890636e+06
13 17  2.504856797635963e+06
17 13  2.504856797635963e+06
13 18  2.836764600758890e+06
18 13  2.836764600758890e+06
13 19  2.801880777052329e+03
19 13  2.801880777052329e+03
13 20  7.287419584926074e+03
20 13  7.287419584926074e+03
13 21 -6.030347583958592e+03
21 13 -6.030347583958592e+03
13 22  1.422851400272341e+06
22 13  1.422851400272341e+06
13 23 -1.185626466215538e+06
23 13 -1.185626466215538e+06
13 24  6.080029904852478e+05
24 13  6.080029904852478e+05
13 103 -9.598386652545436e+04
103 13 -9.598386652545436e+04
13 104  3.872418164822258e+04
104 13  3.872418164822258e+04
13 105 -3.998936430138429e+04
105 13 -3.998936430138429e+04
13 106  3.805391176981513e+06
106 13  3.805391176981513e+06
13 107  1.474378903790194e+06
107 13  1.474378903790194e+06
13 108  2.065981160798664e+06
108 13  2.065981160798664e+06
13 109 -2.160665280181885e+04
109 13 -2.160665280181885e+04
13 110 -2.613592870932773e+04
110 13 -2.613592870932773e+04
13 111  3.391642463403952e+04
111 13  3.391642463403952e+04
13 112  6.540903643402725e+06
112 13  6.540903643402725e+06
13 113  1.270663016381973e+06
113 13  1.270663016381973e+06
13 114  3.085529200386746e+06
114 13  3.085529200386746e+06
13 115 -1.414274948448753e+05
115 13 -1.414274948448753e+05
13 116 -8.271026974027080e+04
116 13 -8.271026974027080e+04
13 117  5.454246087590918e+03
117 13  5.454246087590918e+03
13 118  1.457880159679690e+06
118 13  1.457880159679690e+06
13 119 -5.177346410020877e+05
119 13 -5.177346410020877e+05
13 120  4.319015551620084e+05
120 13  4.319015551620084e+05
14 14  4.369880297116254e+05
14 15 -9.663751584502187e+04
15 14 -9.663751584502187e+04
14 16 -4.869994390056877e+06
16 14 -4.869994390056877e+06
14 17 -4.035840702708811e-01
17 14 -4.035840702708811e-01
14 18 -2.017217564605719e+06
18 14 -2.017217564605719e+06
14 19  8.398610219304352e+03
19 14  8.398610219304352e+03
14 20  1.726191403468423e+05
20 14  1.726191403468423e+05
14 21 -3.931904647402064e+04
21 14 -3.931904647402064e+04
14 22 -1.960340208741034e+06
22 14 -1.960340208741034e+06
14 23  1.633317789010695e+06
23 14  1.633317789010695e+06
14 24 -8.395273997782321e+05
24 14 -8.395273997782321e+05
14 103  3.872418551697477e+04
103 14  3.872418551697477e+04
14 104 -2.168515212601461e+05
104 14 -2.168515212601461e+05
14 105  7.824575857093325e+04
105 14  7.824575857093325e+04
14 106 -1.841377368635186e+06
106 14 -1.841377368635186e+06
14 107 -7.134316107491789e+05
107 14 -7.134316107491789e+05
14 108 -9.997005013287140e+05
108 14 -9.997005013287140e+05
14 109 -2.630509728443056e+04
109 14 -2.630509728443056e+04
14 110 -3.485230311896119e+05
110 14 -3.485230311896119e+05
14 111  6.350618514861882e+04
111 14  6.350618514861882e+04
14 112 -4.780178297678778e+06
112 14 -4.780178297678778e+06
14 113 -1.014414306147955e+00
113 14 -1.014414306147955e+00
14 114 -1.980014030424355e+06
114 14 -1.980014030424355e+06
14 115 -8.271026902493146e+04
115 14 -8.271026902493146e+04
14 116 -2.168516671887332e+05
116 14 -2.168516671887332e+05
14 117  2.794604644990015e+04
117 14  2.794604644990015e+04
14 118 -2.008948461823780e+06
118 14 -2.008948461823780e+06
14 119  7.134346030086009e+05
119 14  7.134346030086009e+05
14 120 -5.951572516577235e+05
120 14 -5.951572516577235e+05
15 15  2.012156188153295e+05
15 16 -1.641628856617142e+07
16 15 -1.641628856617142e+07
15 17  1.037535806962769e+06
17 15  1.037535806962769e+06
15 18 -6.789760996777795e+06
18 15 -6.789760996777795e+06
15 19 -6.334925008209812e+03
19 15 -6.334925008209812e+03
15 20 -3.954007931715516e+04
20 15 -3.954007931715516e+04
15 21  3.265429469021076e+04
21 15  3.265429469021076e+04
15 22 -7.153246446618971e+06
22 15 -7.153246446618971e+06
15 23  5.960672533384603e+06
23 15  5.960672533384603e+06
15 24 -3.056169180455165e+06
24 15 -3.056169180455165e+06
15 103 -3.998936528324271e+04
103 15 -3.998936528324271e+04
15 104  7.824576483603800e+04
104 15  7.824576483603800e+04
15 105 -1.068923104978541e+05
105 15 -1.068923104978541e+05
15 106 -5.695170405369437e+06
106 15 -5.695170405369437e+06
15 107 -2.206563639929989e+06
107 15 -2.206563639929989e+06
15 108 -3.091959442709248e+06
108 15 -3.091959442709248e+06
15 109  3.391642553642644e+04
109 15  3.391642553642644e+04
15 110  6.309777550997342e+04
110 15  6.309777550997342e+04
15 111 -8.943949689641496e+04
111 15 -8.943949689641496e+04
15 112 -1.616733804932078e+07
112 15 -1.616733804932078e+07
15 113  5.263174635487148e+05
113 15  5.263174635487148e+05
15 114 -6.540902572000132e+06
114 15 -6.540902572000132e+06
15 115  5.454246502090852e+03
115 15  5.454246502090852e+03
15 116  2.794604947497427e+04
116 15  2.794604947497427e+04
15 117 -6.144877610616865e+04
117 15 -6.144877610616865e+04
15 118 -7.329254953442399e+06
118 15 -7.329254953442399e+06
15 119  2.602826988542572e+06
119 15  2.602826988542572e+06
15 120 -2.171314814834208e+06
120 15 -2.171314814834208e+06
16 16  2.932850668081612e+09
16 17  3.433848487466435e+08
17 16  3.433848487466435e+08
16 18  1.070444626816898e+09
18 16  1.070444626816898e+09
16 19  1.547179816595699e+06
19 16  1.547179816595699e+06
16 20 -2.132389990848785e+06
20 16 -2.132389990848785e+06
16 21 -7.778287370049038e+06
21 16 -7.778287370049038e+06
16 22  1.489763680939342e+09
22 16  1.489763680939342e+09
16 23  2.936517491192443e+07
23 16  2.936517491192443e+07
16 24  2.882835722683415e+08
24 16  2.882835722683415e+08
16 103 -3.866747930865865e+06
103 16 -3.866747930865865e+06
16 104  1.871065868796641e+06
104 16  1.871065868796641e+06
16 105  5.786997313074151e+06
105 16  5.786997313074151e+06
16 106  1.056608249495448e+09
106 16  1.056608249495448e+09
16 107 -5.582494326408342e+06
107 16 -5.582494326408342e+06
16 108  7.078079928403066e+08
108 16  7.078079928403066e+08
16 109 -6.114951330420462e+06
109 16 -6.114951330420462e+06
16 110  4.642021838589322e+06
110 16  4.642021838589322e+06
16 111  1.579822066232106e+07
111 16  1.579822066232106e+07
16 112  2.892693250302840e+09
112 16  2.892693250302840e+09
16 113  2.664557018869493e+08
113 16  2.664557018869493e+08
16 114  1.077735932271491e+09
114 16  1.077735932271491e+09
16 115 -1.436247859833644e+06
115 16 -1.436247859833644e+06
16 116  1.979138736838475e+06
116 16  1.979138736838475e+06
16 117  7.220502234894497e+06
117 16  7.220502234894497e+06
16 118  1.502523870919903e+09
118 16  1.502523870919903e+09
16 119  2.946831531713292e+08
119 16  2.946831531713292e+08
16 120  2.180980979934085e+08
120 16  2.180980979934085e+08
17 17  3.752941469976203e+09
17 18 -8.290009495270331e+08
18 17 -8.290009495270331e+08
17 19  1.185675432699420e+06
19 17  1.185675432699420e+06
17 20 -1.633317740240107e+06
20 17 -1.633317740240107e+06
17 21 -5.960662715720234e+06
21 17 -5.960662715720234e+06
17 22  1.665532396804526e+08
22 17  1.665532396804526e+08
17 23  1.867783461808751e+09
23 17  1.867783461808751e+09
17 24 -4.788297715738099e+08
24 17 -4.788297715738099e+08
17 103 -2.060406116643690e+06
103 17 -2.060406116643690e+06
17 104  9.970024722702839e+05
104 17  9.970024722702839e+05
17 105  3.083616063162482e+06
105 17  3.083616063162482e+06
17 106  1.298726882132126e+08
106 17  1.298726882132126e+08
17 107  1.260147301054847e+09
107 17  1.260147301054847e+09
17 108 -3.206558287787995e+08
108 17 -3.206558287787995e+08
17 109  1.022780229493726e+06
109 17  1.022780229493726e+06
17 110  2.131437076721340e+00
110 17  2.131437076721340e+00
17 111  4.236540843396336e+05
111 17  4.236540843396336e+05
17 112  2.212452064568436e+08
112 17  2.212452064568436e+08
17 113  2.537251521194446e+09
113 17  2.537251521194446e+09
17 114 -5.341299183427296e+08
114 17 -5.341299183427296e+08
17 115  7.235166993238481e+05
115 17  7.235166993238481e+05
17 116 -9.970006066904501e+05
116 17 -9.970006066904501e+05
17 117 -3.637361912142205e+06
117 17 -3.637361912142205e+06
17 118  1.349057119332194e+08
118 17  1.349057119332194e+08
17 119  1.260147898215705e+09
119 17  1.260147898215705e+09
17 120 -3.185720033797131e+08
120 17 -3.185720033797131e+08
18 18  7.919605894415493e+08
18 19 -1.704099032795700e+04
19 18 -1.704099032795700e+04
18 20  2.543233890257243e+04
20 18  2.543233890257243e+04
18 21  8.613793247258155e+04
21 18  8.613793247258155e+04
18 22  2.506803354712918e+08
22 18  2.506803354712918e+08
18 23 -5.061181875354519e+08
23 18 -5.061181875354519e+08
18 24  1.885903949773730e+08
24 18  1.885903949773730e+08
18 103 -1.917502645335685e+06
103 18 -1.917502645335685e+06
18 104  9.278528810351817e+05
104 18  9.278528810351817e+05
18 105  2.869745432468169e+06
105 18  2.869745432468169e+06
18 106  6.640122838093579e+08
106 18  6.640122838093579e+08
18 107 -4.111640863304924e+08
107 18 -4.111640863304924e+08
18 108  5.766174171021627e+08
108 18  5.766174171021627e+08
18 109 -3.568318396104763e+06
109 18 -3.568318396104763e+06
18 110  1.922787108231391e+06
110 18  1.922787108231391e+06
18 111  6.114949252634848e+06
111 18  6.114949252634848e+06
18 112  1.077736091173851e+09
112 18  1.077736091173851e+09
18 113 -6.432770945709224e+08
113 18 -6.432770945709224e+08
18 114  7.372202020400536e+08
114 18  7.372202020400536e+08
18 115 -4.840034656547187e+05
115 18 -4.840034656547187e+05
18 116  6.669531431264202e+05
116 18  6.669531431264202e+05
18 117  2.433248477553354e+06
117 18  2.433248477553354e+06
18 118  2.618930809449308e+08
118 18  2.618930809449308e+08
18 119 -2.867902788897080e+08
119 18 -2.867902788897080e+08
18 120  1.307029888408572e+08
120 18  1.307029888408572e+08
19 19  2.536704870796988e+05
19 20  1.566629987792112e-03
20 19  1.566629987792112e-03
19 21 -6.977642879064661e-04
21 19 -6.977642879064661e-04
19 22 -4.372004815377295e-02
22 19 -4.372004815377295e-02
19 23  2.711233352717168e+06
23 19  2.711233352717168e+06
19 24  2.435430374549318e+04
24 19  2.435430374549318e+04
19 25  2.801884431476033e+03
25 19  2.801884431476033e+03
19 26 -8.398612851328689e+03
26 19 -8.398612851328689e+03
19 27  6.334924979135120e+03
27 19  6.334924979135120e+03
19 28 -1.547179843191047e+06
28 19 -1.547179843191047e+06
19 29  1.185675499737854e+06
29 19  1.185675499737854e+06
19 30 -1.704102612507525e+04
30 19 -1.704102612507525e+04
19 109 -1.258580814993504e+05
109 19 -1.258580814993504e+05
19 110  6.571980033836616e+04
110 19  6.571980033836616e+04
19 111 -3.213348126978312e+04
111 19 -3.213348126978312e+04
19 112  1.512186594269293e+06
112 19  1.512186594269293e+06
19 113  5.177344670117308e+05
113 19  5.177344670117308e+05
19 114  1.588817880900446e+05
114 19  1.588817880900446e+05
19 115 -7.558085219668357e+03
115 19 -7.558085219668357e+03
19 116  2.391473744864925e-03
116 19  2.391473744864925e-03
19 117  8.972674550022930e-06
117 19  8.972674550022930e-06
19 118 -4.235930508002639e-02
118 19 -4.235930508002639e-02
19 119  1.375351456367544e+06
119 19  1.375351456367544e+06
19 120  3.761998578049425e+05
120 19  3.761998578049425e+05
19 121 -1.258580855692084e+05
121 19 -1.258580855692084e+05
19 122 -6.571980166444555e+04
122 19 -6.571980166444555e+04
19 123  3.213348198764943e+04
123 19  3.213348198764943e+04
19 124 -1.512186619468967e+06
124 19 -1.512186619468967e+06
19 125  5.177345690652195e+05
125 19  5.177345690652195e+05
19 126  1.588817495610484e+05
126 19  1.588817495610484e+05
20 20  4.369878586636274e+05
20 21 -1.045997193805257e+05
21 20 -1.045997193805257e+05
20 22 -5.271245045418995e+06
22 20 -5.271245045418995e+06
20 23 -6.340550445020199e-02
23 20 -6.340550445020199e-02
20 24  4.675744309861329e-02
24 20  4.675744309861329e-02
20 25 -7.287422044826479e+03
25 20 -7.287422044826479e+03
20 26  1.726191452527770e+05
26 20  1.726191452527770e+05
20 27 -3.954008108625834e+04
27 20 -3.954008108625834e+04
20 28 -2.132390262831239e+06
28 20 -2.132390262831239e+06
20 29  1.633317903348175e+06
29 20  1.633317903348175e+06
20 30 -2.543236073796822e+04
30 20 -2.543236073796822e+04
20 109  6.571979984160735e+04
109 20  6.571979984160735e+04
20 110 -2.168515011194505e+05
110 20 -2.168515011194505e+05
20 111  5.747060594376749e+04
111 20  5.747060594376749e+04
20 112 -2.083781732667848e+06
112 20 -2.083781732667848e+06
20 113 -7.134344570313975e+05
113 20 -7.134344570313975e+05
20 114 -2.189378348481670e+05
114 20 -2.189378348481670e+05
20 115  2.361121601097693e-03
115 20  2.361121601097693e-03
20 116 -3.485231266053054e+05
116 20 -3.485231266053054e+05
20 117  6.873866347903838e+04
117 20  6.873866347903838e+04
20 118 -5.174028523660005e+06
118 20 -5.174028523660005e+06
20 119 -8.140461856964976e-02
119 20 -8.140461856964976e-02
20 120  6.039459744351916e-02
120 20  6.039459744351916e-02
20 121 -6.571980130945853e+04
121 20 -6.571980130945853e+04
20 122 -2.168515165384908e+05
122 20 -2.168515165384908e+05
20 123  5.747061036113335e+04
123 20  5.747061036113335e+04
20 124 -2.083781999263885e+06
124 20 -2.083781999263885e+06
20 125  7.134346021063962e+05
125 20  7.134346021063962e+05
20 126  2.189378266588788e+05
126 20  2.189378266588788e+05
21 21  1.922157840232056e+05
21 22 -1.922869791870218e+07
22 21 -1.922869791870218e+07
21 23 -5.441601658239961e-01
23 21 -5.441601658239961e-01
21 24  1.126448850991437e-01
24 21  1.126448850991437e-01
21 25  6.030347543768042e+03
25 21  6.030347543768042e+03
21 26 -3.931904912290371e+04
26 21 -3.931904912290371e+04
21 27  3.265429660379479e+04
27 21  3.265429660379479e+04
21 28 -7.778287750461657e+06
28 21 -7.778287750461657e+06
21 29  5.960663064124031e+06
29 21  5.960663064124031e+06
21 30 -8.613806646580403e+04
30 21 -8.613806646580403e+04
21 109 -3.213348085528402e+04
109 21 -3.213348085528402e+04
21 110  5.747060287521683e+04
110 21  5.747060287521683e+04
21 111 -7.701807971332925e+04
111 21 -7.701807971332925e+04
21 112 -7.602271750865527e+06
112 21 -7.602271750865527e+06
21 113 -2.602826113834379e+06
113 21 -2.602826113834379e+06
21 114 -7.987521893836660e+05
114 21 -7.987521893836660e+05
21 115 -9.820683590078261e-05
115 21 -9.820683590078261e-05
21 116  6.829660393390602e+04
116 21  6.829660393390602e+04
21 117 -1.034882105888728e+05
117 21 -1.034882105888728e+05
21 118 -1.887666667078343e+07
118 21 -1.887666667078343e+07
21 119 -4.173870580270886e-01
119 21 -4.173870580270886e-01
21 120  1.118816757807508e-01
120 21  1.118816757807508e-01
21 121  3.213348169144569e+04
121 21  3.213348169144569e+04
21 122  5.747060816832724e+04
122 21  5.747060816832724e+04
21 123 -7.701808501500910e+04
123 21 -7.701808501500910e+04
21 124 -7.602272121681749e+06
124 21 -7.602272121681749e+06
21 125  2.602826589020235e+06
125 21  2.602826589020235e+06
21 126  7.987520546262593e+05
126 21  7.987520546262593e+05
22 22  3.376243698448465e+09
22 23  7.894594597816467e+01
23 22  7.894594597816467e+01
22 24 -1.834365621209145e+01
24 22 -1.834365621209145e+01
22 25 -1.422851341407716e+06
25 22 -1.422851341407716e+06
22 26 -1.960340182006181e+06
26 22 -1.960340182006181e+06
22 27 -7.153246396018743e+06
27 22 -7.153246396018743e+06
22 28  1.489763726381792e+09
28 22  1.489763726381792e+09
22 29 -1.665533242993065e+08
29 22 -1.665533242993065e+08
22 30 -2.506803095278251e+08
30 22 -2.506803095278251e+08
22 109 -1.512139247466653e+06
109 22 -1.512139247466653e+06
22 110  2.083717110028205e+06
110 22  2.083717110028205e+06
22 111  7.602033778110910e+06
111 22  7.602033778110910e+06
22 112  1.471327739789868e+09
112 22  1.471327739789868e+09
22 113 -1.625019293907553e+08
113 22 -1.625019293907553e+08
22 114  3.372071906432881e+08
114 22  3.372071906432881e+08
22 115 -7.154641067609191e-02
115 22 -7.154641067609191e-02
22 116  5.024491083724876e+06
116 22  5.024491083724876e+06
22 117  1.833112269330860e+07
117 22  1.833112269330860e+07
22 118  3.339106375379997e+09
118 22  3.339106375379997e+09
22 119  7.993335017003119e+01
119 22  7.993335017003119e+01
22 120 -2.201944965124130e+01
120 22 -2.201944965124130e+01
22 121  1.512139303868488e+06
121 22  1.512139303868488e+06
22 122  2.083717242413128e+06
122 22  2.083717242413128e+06
22 123  7.602034289920385e+06
123 22  7.602034289920385e+06
22 124  1.471327784712464e+09
124 22  1.471327784712464e+09
22 125  1.625018457640851e+08
125 22  1.625018457640851e+08
22 126 -3.372071683917267e+08
126 22 -3.372071683917267e+08
23 23  3.752940961030826e+09
23 24 -8.973053153101664e+08
24 23 -8.973053153101664e+08
23 25 -1.185626532487146e+06
25 23 -1.185626532487146e+06
23 26 -1.633317942918053e+06
26 23 -1.633317942918053e+06
23 27 -5.960672877682267e+06
27 23 -5.960672877682267e+06
23 28 -2.936509201309187e+07
28 23 -2.936509201309187e+07
23 29  1.867783430152452e+09
29 23  1.867783430152452e+09
23 30 -5.061182148435369e+08
30 23 -5.061182148435369e+08
23 109 -7.235166046783110e+05
109 23 -7.235166046783110e+05
23 110  9.970004481021141e+05
110 23  9.970004481021141e+05
23 111  3.637361436327244e+06
111 23  3.637361436327244e+06
23 112 -2.724321237523973e+06
112 23 -2.724321237523973e+06
23 113  1.260147673472962e+09
113 23  1.260147673472962e+09
23 114 -3.459482707620269e+08
114 23 -3.459482707620269e+08
23 115  1.107052695604208e+06
115 23  1.107052695604208e+06
23 116  1.028530109906569e-01
116 23  1.028530109906569e-01
23 117  3.234654474072158e-01
117 23  3.234654474072158e-01
23 118  8.029832404851914e+01
118 23  8.029832404851914e+01
23 119  2.537251731991097e+09
119 23  2.537251731991097e+09
23 120 -5.781391736110207e+08
120 23 -5.781391736110207e+08
23 121 -7.235164449403816e+05
121 23 -7.235164449403816e+05
23 122 -9.970003336422623e+05
122 23 -9.970003336422623e+05
23 123 -3.637360871334863e+06
123 23 -3.637360871334863e+06
23 124  2.724405493514141e+06
124 23  2.724405493514141e+06
23 125  1.260147714971454e+09
125 23  1.260147714971454e+09
23 126 -3.459483118973051e+08
126 23 -3.459483118973051e+08
24 24  3.485685700380704e+08
24 25  6.080029993706811e+05
25 24  6.080029993706811e+05
24 26  8.395274402149115e+05
26 24  8.395274402149115e+05
24 27  3.056169278017276e+06
27 24  3.056169278017276e+06
24 28 -2.882835936588016e+08
28 24 -2.882835936588016e+08
24 29 -4.788297664876858e+08
29 24 -4.788297664876858e+08
24 30  1.885904008369183e+08
30 24  1.885904008369183e+08
24 109 -1.024675039205776e+05
109 24 -1.024675039205776e+05
24 110  1.411995667468633e+05
110 24  1.411995667468633e+05
24 111  5.151388103939699e+05
111 24  5.151388103939699e+05
24 112  2.934121619403427e+08
112 24  2.934121619403427e+08
24 113 -3.777300284535800e+08
113 24 -3.777300284535800e+08
24 114  1.618991044593719e+08
114 24  1.618991044593719e+08
24 115 -1.035425248451488e+06
115 24 -1.035425248451488e+06
24 116 -5.387043370865285e-02
116 24 -5.387043370865285e-02
24 117 -4.249307047575712e-02
117 24 -4.249307047575712e-02
24 118 -1.905138745903969e+01
118 24 -1.905138745903969e+01
24 119 -6.962795188378437e+08
119 24 -6.962795188378437e+08
24 120  2.908080353128737e+08
120 24  2.908080353128737e+08
24 121 -1.024675412293566e+05
121 24 -1.024675412293566e+05
24 122 -1.411996000705521e+05
122 24 -1.411996000705521e+05
24 123 -5.151389781078956e+05
123 24 -5.151389781078956e+05
24 124 -2.934121840546460e+08
124 24 -2.934121840546460e+08
24 125 -3.777300351150821e+08
125 24 -3.777300351150821e+08
24 126  1.618991126036231e+08
126 24  1.618991126036231e+08
25 25  2.446707115624283e+05
25 26 -4.002859006294927e+04
26 25 -4.002859006294927e+04
25 27 -2.172753252646287e+04
27 25 -2.172753252646287e+04
25 28 -6.789761201859608e+06
