1 1  1.459091056377867e+05
1 2 -1.324188352518485e+04
2 1 -1.324188352518485e+04
1 3  8.211950089981781e+04
3 1  8.211950089981781e+04
1 4  1.364355214461375e+06
4 1  1.364355214461375e+06
1 5  3.990777761595416e+05
5 1  3.990777761595416e+05
1 6 -2.321339494424879e+05
6 1 -2.321339494424879e+05
1 7  1.551922185541072e+05
7 1  1.551922185541072e+05
1 8 -1.809571395767094e+03
8 1 -1.809571395767094e+03
1 9  9.976560889370985e+04
9 1  9.976560889370985e+04
1 10  1.474749612068705e+06
10 1  1.474749612068705e+06
1 11  6.219192140819535e+05
11 1  6.219192140819535e+05
1 12 -3.666499685647748e+05
12 1 -3.666499685647748e+05
1 31 -1.562284638567475e+05
31 1 -1.562284638567475e+05
1 32  8.756405176171707e+03
32 1  8.756405176171707e+03
1 33 -9.894161253741787e+04
33 1 -9.894161253741787e+04
1 34  9.452054754843690e+05
34 1  9.452054754843690e+05
1 35  4.301130351894965e+05
35 1  4.301130351894965e+05
1 36 -7.119636815142535e+05
36 1 -7.119636815142535e+05
1 37 -1.448728603351463e+05
37 1 -1.448728603351463e+05
1 38  6.295049744780240e+03
38 1  6.295049744780240e+03
1 39 -8.294349725610980e+04
39 1 -8.294349725610980e+04
1 40  1.055599873078516e+06
40 1  1.055599873078516e+06
1 41  6.529544731232207e+05
41 1  6.529544731232207e+05
1 42 -8.464797006857148e+05
42 1 -8.464797006857148e+05
2 2  1.062405696250834e+05
2 3 -2.773434084982660e+04
3 2 -2.773434084982660e+04
2 4 -5.694658642354702e+06
4 2 -5.694658642354702e+06
2 5 -1.628586816458040e+06
5 2 -1.628586816458040e+06
2 6  9.524152678223499e+05
6 2  9.524152678223499e+05
2 7 -5.672826080315979e+03
7 2 -5.672826080315979e+03
2 8  3.764001821324929e+04
8 2  3.764001821324929e+04
2 9  7.082500762781385e+03
9 2  7.082500762781385e+03
2 10 -6.146234851608954e+06
10 2 -6.146234851608954e+06
2 11 -2.568270459700292e+06
11 2 -2.568270459700292e+06
2 12  1.502662706710788e+06
12 2  1.502662706710788e+06
2 31  8.602682567972901e+03
31 2  8.602682567972901e+03
2 32 -6.695551595702073e+04
32 2 -6.695551595702073e+04
2 33 -1.045434943551723e+04
33 2 -1.045434943551723e+04
2 34 -3.946057999846648e+06
34 2 -3.946057999846648e+06
2 35 -1.770159281239161e+06
35 2 -1.770159281239161e+06
2 36  2.951549169949815e+06
36 2  2.951549169949815e+06
2 37  1.031202703752793e+04
37 2  1.031202703752793e+04
2 38 -7.692507188131192e+04
38 2 -7.692507188131192e+04
2 39  3.110618952256244e+04
39 2  3.110618952256244e+04
2 40 -4.397634209089589e+06
40 2 -4.397634209089589e+06
2 41 -2.709842924474609e+06
41 2 -2.709842924474609e+06
2 42  3.501796608824469e+06
42 2  3.501796608824469e+06
3 3  2.625880274315560e+05
3 4 -1.682464614278677e+06
4 3 -1.682464614278677e+06
3 5 -4.814270527374790e+05
5 3 -4.814270527374790e+05
3 6  2.688663608206856e+05
6 3  2.688663608206856e+05
3 7  9.867908853014528e+04
7 3  9.867908853014528e+04
3 8  1.742133861334131e+03
8 3  1.742133861334131e+03
3 9  1.156457961214576e+05
9 3  1.156457961214576e+05
3 10 -1.815050542398643e+06
10 3 -1.815050542398643e+06
3 11 -7.505630535596524e+05
11 3 -7.505630535596524e+05
3 12  4.304228508967136e+05
12 3  4.304228508967136e+05
3 31 -9.778399992895695e+04
31 3 -9.778399992895695e+04
3 32 -1.029568337622948e+04
32 3 -1.029568337622948e+04
3 33 -1.169977383603824e+05
33 3 -1.169977383603824e+05
3 34 -1.165825592290271e+06
34 3 -1.165825592290271e+06
3 35 -5.258398731468134e+05
35 3 -5.258398731468134e+05
3 36  8.602091489090408e+05
36 3  8.602091489090408e+05
3 37 -8.301458950100612e+04
37 3 -8.301458950100612e+04
3 38  3.628789036472196e+04
38 3  3.628789036472196e+04
3 39 -2.612360851926312e+05
39 3 -2.612360851926312e+05
3 40 -1.298411520459412e+06
40 3 -1.298411520459412e+06
3 41 -7.949758739827707e+05
41 3 -7.949758739827707e+05
3 42  1.021765638991448e+06
42 3  1.021765638991448e+06
4 4  4.752950840515553e+08
4 5  6.852411713421772e+07
5 4  6.852411713421772e+07
4 6  1.467800627400040e+08
6 4  1.467800627400040e+08
4 7  1.182571584257423e+05
7 4  1.182571584257423e+05
4 8  2.279567236764273e+05
8 4  2.279567236764273e+05
4 9 -1.243322144224131e+05
9 4 -1.243322144224131e+05
4 10  4.677565813460764e+08
10 4  4.677565813460764e+08
4 11  9.131040239149064e+07
11 4  9.131040239149064e+07
4 12  1.553087441649124e+08
12 4  1.553087441649124e+08
4 31 -5.445916215450044e+05
31 4 -5.445916215450044e+05
4 32  2.112891876060442e+06
32 4  2.112891876060442e+06
4 33  5.916611222549941e+05
33 4  5.916611222549941e+05
4 34  3.438018918837978e+08
34 4  3.438018918837978e+08
4 35  8.567576933969976e+07
35 4  8.567576933969976e+07
4 36 -4.035623152476797e+07
36 4 -4.035623152476797e+07
4 37 -9.380207513421128e+05
37 4 -9.380207513421128e+05
4 38  3.353810042617831e+06
38 4  3.353810042617831e+06
4 39  1.215135706446096e+06
39 4  1.215135706446096e+06
4 40  3.364235209609141e+08
40 4  3.364235209609141e+08
4 41  1.080777831588425e+08
41 4  1.080777831588425e+08
4 42 -3.194088484672434e+07
42 4 -3.194088484672434e+07
5 5  4.407107238340312e+07
5 6 -8.744274551706612e+07
6 5 -8.744274551706612e+07
5 7  4.540509368617718e+05
7 5  4.540509368617718e+05
5 8 -1.430351235138135e+06
8 5 -1.430351235138135e+06
5 9 -5.571684291142026e+05
9 5 -5.571684291142026e+05
5 10  8.932190297160192e+07
10 5  8.932190297160192e+07
5 11  7.245449105725978e+07
11 5  7.245449105725978e+07
5 12 -1.129160238687820e+08
12 5 -1.129160238687820e+08
5 31 -4.367396552152050e+05
31 5 -4.367396552152050e+05
5 32  1.814230651043043e+06
32 5  1.814230651043043e+06
5 33  5.413391019827726e+05
33 5  5.413391019827726e+05
5 34  4.224777406725515e+07
34 5  4.224777406725515e+07
5 35  4.212893329086703e+07
35 5  4.212893329086703e+07
5 36 -1.045699567100601e+08
36 5 -1.045699567100601e+08
5 37 -4.163890578061083e+05
37 5 -4.163890578061083e+05
5 38  1.244707400553132e+06
38 5  1.244707400553132e+06
5 39  4.972563798689091e+05
39 5  4.972563798689091e+05
5 40  6.266128846650912e+07
40 5  6.266128846650912e+07
5 41  7.216706776601097e+07
41 5  7.216706776601097e+07
5 42 -1.295749990403767e+08
42 5 -1.295749990403767e+08
6 6  4.135063558881187e+08
6 7 -1.442334864532144e+06
7 6 -1.442334864532144e+06
6 8  4.999998579811066e+06
8 6  4.999998579811066e+06
6 9  1.771758172072958e+06
9 6  1.771758172072958e+06
6 10  7.223676438045625e+07
10 6  7.223676438045625e+07
6 11 -1.712272100416637e+08
11 6 -1.712272100416637e+08
6 12  5.042429496918538e+08
12 6  5.042429496918538e+08
6 31  1.020086437413349e+06
31 6  1.020086437413349e+06
6 32 -4.434830581857805e+06
32 6 -4.434830581857805e+06
6 33 -1.334885611992736e+06
33 6 -1.334885611992736e+06
6 34  1.319242860813556e+08
34 6  1.319242860813556e+08
6 35 -7.357251181302021e+07
35 6 -7.357251181302021e+07
6 36  3.200565546285102e+08
36 6  3.200565546285102e+08
6 37  6.543823765612834e+05
37 6  6.543823765612834e+05
6 38 -1.517583265775613e+06
38 6 -1.517583265775613e+06
6 39 -7.057389209009069e+05
39 6 -7.057389209009069e+05
6 40  5.726765297494292e+07
40 6  5.726765297494292e+07
6 41 -1.568887403162184e+08
41 6 -1.568887403162184e+08
6 42  4.109983675405972e+08
42 6  4.109983675405972e+08
7 7  3.987631202782990e+05
7 8  1.377454519715595e+04
8 7  1.377454519715595e+04
7 9  1.105968587368638e+05
9 7  1.105968587368638e+05
7 10  2.665814073655799e+06
10 7  2.665814073655799e+06
7 11  1.629366807529179e+06
11 7  1.629366807529179e+06
7 12 -2.037158391323948e+06
12 7 -2.037158391323948e+06
7 13  9.388057163353314e+04
13 7  9.388057163353314e+04
7 14 -6.140633017529996e+03
14 7 -6.140633017529996e+03
7 15  8.069825919112566e+04
15 7  8.069825919112566e+04
7 16  1.944761226647506e+06
16 7  1.944761226647506e+06
7 17  1.007199508874879e+06
17 7  1.007199508874879e+06
7 18  1.396848347597445e+05
18 7  1.396848347597445e+05
7 31 -2.884512325743187e+05
31 7 -2.884512325743187e+05
7 32 -3.270120250499478e+04
32 7 -3.270120250499478e+04
7 33 -5.437076781160288e+04
33 7 -5.437076781160288e+04
7 34  4.073551595560362e+05
34 7  4.073551595560362e+05
7 35  4.252130356344921e+05
35 7  4.252130356344921e+05
7 36 -1.068157528221567e+06
36 7 -1.068157528221567e+06
7 37 -2.529108311294073e+05
37 7 -2.529108311294073e+05
7 38  2.401041362628687e+04
38 7  2.401041362628687e+04
7 39 -1.757288189074302e+05
39 7 -1.757288189074302e+05
7 40  2.531530316472383e+06
40 7  2.531530316472383e+06
7 41  1.671948168631250e+06
41 7  1.671948168631250e+06
7 42 -2.266115697221039e+06
42 7 -2.266115697221039e+06
7 43 -1.064738467622134e+05
43 7 -1.064738467622134e+05
7 44  6.729702779397946e+03
44 7  6.729702779397946e+03
7 45 -5.987461973910168e+04
45 7 -5.987461973910168e+04
7 46  1.521379468225916e+06
46 7  1.521379468225916e+06
7 47  1.078618771303164e+06
47 7  1.078618771303164e+06
7 48 -4.634498077455092e+05
48 7 -4.634498077455092e+05
8 8  1.956797847757773e+05
8 9 -3.946359742832495e+04
9 8 -3.946359742832495e+04
8 10 -7.083059910598178e+06
10 8 -7.083059910598178e+06
8 11 -5.133734482316363e+06
11 8 -5.133734482316363e+06
8 12  7.555529534547632e+06
12 8  7.555529534547632e+06
8 13 -1.250339205028528e+04
13 8 -1.250339205028528e+04
8 14  7.362015331631007e+03
14 8  7.362015331631007e+03
8 15  1.567076153059141e+04
15 8  1.567076153059141e+04
8 16 -5.424831998412803e+06
16 8 -5.424831998412803e+06
8 17 -3.229842724904964e+06
17 8 -3.229842724904964e+06
8 18  2.572093140581399e+05
18 8  2.572093140581399e+05
8 31 -3.711274538168136e+04
31 8 -3.711274538168136e+04
8 32 -7.692691223805730e+04
32 8 -7.692691223805730e+04
8 33  7.080640743282932e+02
33 8  7.080640743282932e+02
8 34 -8.216475459126514e+05
34 8 -8.216475459126514e+05
8 35 -1.305540293864988e+06
35 8 -1.305540293864988e+06
8 36  3.566276873094710e+06
36 8  3.566276873094710e+06
8 37  2.455251600037402e+04
37 8  2.455251600037402e+04
8 38 -8.436292577599909e+04
38 8 -8.436292577599909e+04
8 39 -2.866570400197550e+04
39 8 -2.866570400197550e+04
8 40 -6.900006377580833e+06
40 8 -6.900006377580833e+06
8 41 -5.195733888149039e+06
41 8 -5.195733888149039e+06
8 42  7.751562720070859e+06
42 8  7.751562720070859e+06
8 43  1.309864763020375e+04
43 8  1.309864763020375e+04
8 44 -7.939198030660121e+04
44 8 -7.939198030660121e+04
8 45  5.000834196404661e+04
45 8  5.000834196404661e+04
8 46 -4.192174195707442e+06
46 8 -4.192174195707442e+06
8 47 -3.416653071913413e+06
47 8 -3.416653071913413e+06
8 48  1.886964206177167e+06
48 8  1.886964206177167e+06
9 9  3.399133596873718e+05
9 10 -3.241201681752796e+06
10 9 -3.241201681752796e+06
9 11 -1.987322772326547e+06
11 9 -1.987322772326547e+06
9 12  2.493773646591445e+06
12 9  2.493773646591445e+06
9 13  7.971905868581787e+04
13 9  7.971905868581787e+04
9 14  6.927784525965342e+03
14 9  6.927784525965342e+03
9 15  6.192199611560404e+04
15 9  6.192199611560404e+04
9 16 -2.379741986246491e+06
16 9 -2.379741986246491e+06
9 17 -1.221415819786999e+06
17 9 -1.221415819786999e+06
9 18 -1.761765808623920e+05
18 9 -1.761765808623920e+05
9 31 -5.447044589291017e+04
31 9 -5.447044589291017e+04
9 32 -4.227036707286559e+03
32 9 -4.227036707286559e+03
9 33 -1.176551925118346e+05
33 9 -1.176551925118346e+05
9 34 -4.820454403171361e+05
34 9 -4.820454403171361e+05
9 35 -5.173225578563135e+05
35 9 -5.173225578563135e+05
9 36  1.308595899946441e+06
36 9  1.308595899946441e+06
9 37 -1.753450849809619e+05
37 9 -1.753450849809619e+05
9 38 -2.898711070679624e+04
38 9 -2.898711070679624e+04
9 39 -1.825222280774523e+05
39 9 -1.825222280774523e+05
9 40 -3.079888423326084e+06
40 9 -3.079888423326084e+06
9 41 -2.039869148482397e+06
41 9 -2.039869148482397e+06
9 42  2.766210504294545e+06
42 9  2.766210504294545e+06
9 43 -6.026599544251952e+04
43 9 -6.026599544251952e+04
9 44  5.866745955366101e+04
44 9  5.866745955366101e+04
9 45 -2.173037313351465e+05
45 9 -2.173037313351465e+05
9 46 -1.860715502222643e+06
46 9 -1.860715502222643e+06
9 47 -1.313808067321292e+06
47 9 -1.313808067321292e+06
9 48  5.594225489777323e+05
48 9  5.594225489777323e+05
10 10  1.137264878671042e+09
10 11  2.868084012082273e+08
11 10  2.868084012082273e+08
10 12  1.804919878838209e+08
12 10  1.804919878838209e+08
10 13 -1.051916742771451e+05
13 10 -1.051916742771451e+05
10 14  9.025437352327746e+05
14 10  9.025437352327746e+05
10 15  1.386814875965387e+05
15 10  1.386814875965387e+05
10 16  5.767967258027793e+08
16 10  5.767967258027793e+08
10 17  1.785417770525107e+08
17 10  1.785417770525107e+08
10 18  2.202397568680098e+08
18 10  2.202397568680098e+08
10 31 -6.625695740877396e+05
31 10 -6.625695740877396e+05
10 32  2.564255718629452e+06
32 10  2.564255718629452e+06
10 33  7.193715721923553e+05
33 10  7.193715721923553e+05
10 34  4.187759669825704e+08
34 10  4.187759669825704e+08
10 35  1.042534219736801e+08
35 10  1.042534219736801e+08
10 36 -4.882950511961972e+07
36 10 -4.882950511961972e+07
10 37 -1.760881556718179e+06
37 10 -1.760881556718179e+06
10 38  6.229608422975203e+06
38 10  6.229608422975203e+06
10 39  2.061546643292019e+06
39 10  2.061546643292019e+06
10 40  9.751355221238506e+08
40 10  9.751355221238506e+08
10 41  3.296376534857774e+08
41 10  3.296376534857774e+08
10 42 -1.318157639382985e+08
42 10 -1.318157639382985e+08
10 43 -1.611920880641440e+06
43 10 -1.611920880641440e+06
10 44  3.532886885369704e+06
44 10  3.532886885369704e+06
10 45  2.136652521070526e+06
45 10  2.136652521070526e+06
10 46  4.641241255321574e+08
46 10  4.641241255321574e+08
10 47  2.052750128231224e+08
47 10  2.052750128231224e+08
10 48  2.853748225825160e+07
48 10  2.853748225825160e+07
11 11  2.594479752818093e+08
11 12 -4.188865444574685e+08
12 11 -4.188865444574685e+08
11 13  8.935301258769665e+05
13 11  8.935301258769665e+05
11 14 -1.625311720001600e+06
14 11 -1.625311720001600e+06
11 15 -1.092583228978455e+06
15 11 -1.092583228978455e+06
11 16  1.290139706247307e+08
16 11  1.290139706247307e+08
11 17  1.836789485368276e+08
17 11  1.836789485368276e+08
11 18 -1.667164810261003e+08
18 11 -1.667164810261003e+08
11 31 -6.636056461979901e+05
31 11 -6.636056461979901e+05
11 32  2.753771515562675e+06
32 11  2.753771515562675e+06
11 33  8.080793036639979e+05
33 11  8.080793036639979e+05
11 34  1.198948021821505e+08
34 11  1.198948021821505e+08
11 35  7.084544842166802e+07
35 11  7.084544842166802e+07
11 36 -1.431973898316972e+08
36 11 -1.431973898316972e+08
11 37 -1.687769286032738e+06
37 11 -1.687769286032738e+06
11 38  5.230281069913749e+06
38 11  5.230281069913749e+06
11 39  2.080775323178300e+06
39 11  2.080775323178300e+06
11 40  2.745060900112366e+08
40 11  2.745060900112366e+08
11 41  2.533044465844457e+08
41 11  2.533044465844457e+08
11 42 -4.185891096304333e+08
42 11 -4.185891096304333e+08
11 43 -7.934412152573718e+05
43 11 -7.934412152573718e+05
11 44  1.343264076541832e+06
44 11  1.343264076541832e+06
11 45  9.416144280223567e+05
45 11  9.416144280223567e+05
11 46  8.696276213221988e+07
46 11  8.696276213221988e+07
11 47  1.830803381118823e+08
47 11  1.830803381118823e+08
11 48 -1.930299222266102e+08
48 11 -1.930299222266102e+08
12 12  1.220433235046356e+09
12 13 -2.340304783263079e+06
13 12 -2.340304783263079e+06
12 14  4.802206721794197e+06
14 12  4.802206721794197e+06
12 15  2.857077526087193e+06
15 12  2.857077526087193e+06
12 16  1.261117828270731e+08
16 12  1.261117828270731e+08
12 17 -3.231828858018742e+08
17 12 -3.231828858018742e+08
12 18  5.923557958118264e+08
18 12  5.923557958118264e+08
12 31  1.163843043719088e+06
31 12  1.163843043719088e+06
12 32 -4.984819251227977e+06
32 12 -4.984819251227977e+06
12 33 -1.490501315502593e+06
33 12 -1.490501315502593e+06
12 34  4.042886087926532e+07
34 12  4.042886087926532e+07
12 35 -9.607835338488500e+07
35 12 -9.607835338488500e+07
12 36  3.298225028891023e+08
36 12  3.298225028891023e+08
12 37  2.841481817866824e+06
37 12  2.841481817866824e+06
12 38 -8.253729203432514e+06
38 12 -8.253729203432514e+06
12 39 -3.589009447550888e+06
39 12 -3.589009447550888e+06
12 40  8.367798240996905e+07
40 12  8.367798240996905e+07
12 41 -3.812270114053432e+08
41 12 -3.812270114053432e+08
12 42  9.618787578859048e+08
42 12  9.618787578859048e+08
12 43  7.387882815658898e+05
43 12  7.387882815658898e+05
12 44 -6.218505083921286e+05
44 12 -6.218505083921286e+05
12 45 -7.017632605218693e+05
45 12 -7.017632605218693e+05
12 46  1.437168683511538e+08
46 12  1.437168683511538e+08
12 47 -3.009420790512246e+08
47 12 -3.009420790512246e+08
12 48  5.088812218482414e+08
48 12  5.088812218482414e+08
13 13  3.387801476561936e+05
13 14  2.372929036361525e+04
14 13  2.372929036361525e+04
13 15  7.940806126805625e+04
15 13  7.940806126805625e+04
13 16  3.361669313232419e+06
16 13  3.361669313232419e+06
13 17  3.492314834317183e+06
17 13  3.492314834317183e+06
13 18 -2.468004147413983e+06
18 13 -2.468004147413983e+06
13 19  6.392845828055456e+04
19 13  6.392845828055456e+04
13 20 -1.355470534287456e+04
20 13 -1.355470534287456e+04
13 21  6.745870051691942e+04
21 13  6.745870051691942e+04
13 22  2.837622323234130e+06
22 13  2.837622323234130e+06
13 23  1.553557150297996e+06
23 13  1.553557150297996e+06
13 24  6.390308215029718e+05
24 13  6.390308215029718e+05
13 37 -2.356563395806649e+05
37 13 -2.356563395806649e+05
13 38 -5.203768812601209e+04
38 13 -5.203768812601209e+04
13 39 -3.417291101478402e+04
39 13 -3.417291101478402e+04
13 40  2.778355226862358e+05
40 13  2.778355226862358e+05
13 41  8.227685599083112e+05
41 13  8.227685599083112e+05
13 42 -1.769744617600216e+06
42 13 -1.769744617600216e+06
13 43 -1.677102076944907e+05
43 13 -1.677102076944907e+05
13 44  3.767158803509121e+04
44 13  3.767158803509121e+04
13 45 -1.372105929995948e+05
45 13 -1.372105929995948e+05
13 46  3.208914126435191e+06
46 13  3.208914126435191e+06
13 47  3.538185418349096e+06
47 13  3.538185418349096e+06
13 48 -2.703750464748305e+06
48 13 -2.703750464748305e+06
13 49 -9.322263029512568e+04
49 13 -9.322263029512568e+04
13 50  1.669490712046550e+04
50 13  1.669490712046550e+04
13 51 -5.520231645641475e+04
51 13 -5.520231645641475e+04
13 52  2.301839939428787e+06
52 13  2.301839939428787e+06
13 53  1.670189300345906e+06
53 13  1.670189300345906e+06
13 54 -1.672756616468881e+05
54 13 -1.672756616468881e+05
14 14  2.086649478584172e+05
14 15 -5.625126947877359e+04
15 14 -5.625126947877359e+04
14 16 -4.554925812756839e+06
16 14 -4.554925812756839e+06
14 17 -6.373770921708874e+06
17 14 -6.373770921708874e+06
14 18  5.834890398495105e+06
18 14  5.834890398495105e+06
14 19 -1.598383095670928e+04
19 14 -1.598383095670928e+04
14 20 -2.024876887193171e+04
20 14 -2.024876887193171e+04
14 21  2.032171592667617e+04
21 14  2.032171592667617e+04
14 22 -4.318788231775180e+06
22 14 -4.318788231775180e+06
14 23 -2.915195481391122e+06
23 14 -2.915195481391122e+06
14 24 -3.548046896198751e+05
24 14 -3.548046896198751e+05
14 37 -5.943610431792808e+04
37 14 -5.943610431792808e+04
14 38 -7.939396700202827e+04
38 14 -7.939396700202827e+04
14 39  4.454630534802323e+03
39 14  4.454630534802323e+03
14 40  1.173137362916153e+05
40 14  1.173137362916153e+05
14 41 -1.451763367012574e+06
41 14 -1.451763367012574e+06
14 42  3.528641344269303e+06
42 14  3.528641344269303e+06
14 43  3.878340789399956e+04
43 14  3.878340789399956e+04
14 44 -8.963542296934473e+03
44 14 -8.963542296934473e+03
14 45 -4.503005566973124e+04
45 14 -4.503005566973124e+04
14 46 -4.453744151553652e+06
46 14 -4.453744151553652e+06
14 47 -6.362544896128120e+06
47 14 -6.362544896128120e+06
14 48  5.764931710875206e+06
48 14  5.764931710875206e+06
14 49  1.904787003455255e+04
49 14  1.904787003455255e+04
14 50 -1.074206850191538e+05
50 14 -1.074206850191538e+05
14 51  6.957719416106099e+04
51 14  6.957719416106099e+04
14 52 -3.432376571583492e+06
52 14 -3.432376571583492e+06
14 53 -3.077517808770663e+06
53 14 -3.077517808770663e+06
14 54  8.488020002274343e+05
54 14  8.488020002274343e+05
15 15  2.761304523916838e+05
15 16 -4.060726329164119e+06
16 15 -4.060726329164119e+06
15 17 -4.257119401061330e+06
17 15 -4.257119401061330e+06
15 18  3.038846593810852e+06
18 15  3.038846593810852e+06
15 19  6.670496791094866e+04
19 15  6.670496791094866e+04
15 20  1.595308605094252e+04
20 15  1.595308605094252e+04
15 21  3.745301109030903e+04
21 15  3.745301109030903e+04
15 22 -3.434603263052176e+06
22 15 -3.434603263052176e+06
15 23 -1.892963299348703e+06
23 15 -1.892963299348703e+06
15 24 -7.501487741035034e+05
24 15 -7.501487741035034e+05
15 37 -3.457652837085691e+04
37 15 -3.457652837085691e+04
15 38 -3.526812736865115e+03
38 15 -3.526812736865115e+03
15 39 -8.812021508441435e+04
39 15 -8.812021508441435e+04
15 40 -3.307185320377392e+05
40 15 -3.307185320377392e+05
15 41 -1.002103816735472e+06
41 15 -1.002103816735472e+06
15 42  2.160616754409993e+06
42 15  2.160616754409993e+06
15 43 -1.358918904444162e+05
43 15 -1.358918904444162e+05
15 44 -4.574915290756179e+04
44 15 -4.574915290756179e+04
15 45 -1.119222187883337e+05
45 15 -1.119222187883337e+05
15 46 -3.877274233785265e+06
46 15 -3.877274233785265e+06
15 47 -4.310689538163321e+06
47 15 -4.310689538163321e+06
15 48  3.313682248550016e+06
48 15  3.313682248550016e+06
15 49 -5.634286955485751e+04
49 15 -5.634286955485751e+04
15 50  7.390338754166653e+04
50 15  7.390338754166653e+04
15 51 -1.754630257248488e+05
51 15 -1.754630257248488e+05
15 52 -2.781751148191718e+06
52 15 -2.781751148191718e+06
15 53 -2.037012848751363e+06
53 15 -2.037012848751363e+06
15 54  2.211476523288633e+05
54 15  2.211476523288633e+05
16 16  1.278677024029750e+09
16 17  4.596088908512245e+08
17 16  4.596088908512245e+08
16 18  3.679102302408733e+08
18 16  3.679102302408733e+08
16 19 -8.886878398010867e+05
19 16 -8.886878398010867e+05
16 20  1.167527486002883e+06
20 16  1.167527486002883e+06
16 21  1.057004925815721e+06
21 16  1.057004925815721e+06
16 22  6.453253903229944e+08
22 16  6.453253903229944e+08
16 23  2.043439138270568e+08
23 16  2.043439138270568e+08
16 24  3.094772978056605e+08
24 16  3.094772978056605e+08
16 37 -2.417399574372158e+05
37 16 -2.417399574372158e+05
16 38  9.889867192429015e+05
38 16  9.889867192429015e+05
16 39  9.477564737777249e+04
39 16  9.477564737777249e+04
16 40  5.578894732911296e+08
40 16  5.578894732911296e+08
16 41  1.531748322118343e+08
41 16  1.531748322118343e+08
16 42  8.671786366582217e+06
42 16  8.671786366582217e+06
16 43 -2.057051975043886e+06
43 16 -2.057051975043886e+06
16 44  4.754127197490411e+06
44 16  4.754127197490411e+06
16 45  2.386382675254681e+06
45 16  2.386382675254681e+06
16 46  1.154895224505632e+09
46 16  1.154895224505632e+09
16 47  5.164494122672492e+08
47 16  5.164494122672492e+08
16 48  6.308263835534814e+07
48 16  6.308263835534814e+07
16 49 -2.118950767597736e+06
49 16 -2.118950767597736e+06
16 50  3.069116408433447e+06
50 16  3.069116408433447e+06
16 51  2.902305066962437e+06
51 16  2.902305066962437e+06
16 52  5.413452056234404e+08
52 16  5.413452056234404e+08
16 53  2.356017098935186e+08
53 16  2.356017098935186e+08
16 54  1.211076106770946e+08
54 16  1.211076106770946e+08
17 17  6.995312251553308e+08
17 18 -6.545290145662041e+08
18 17 -6.545290145662041e+08
17 19  1.513206251144961e+06
19 17  1.513206251144961e+06
17 20 -2.037090328003002e+06
20 17 -2.037090328003002e+06
17 21 -1.847163397000993e+06
21 17 -1.847163397000993e+06
17 22  2.077754375309199e+08
22 17  2.077754375309199e+08
17 23  3.739648883288557e+08
23 17  3.739648883288557e+08
17 24 -2.421209763642271e+08
24 17 -2.421209763642271e+08
17 37 -1.120904834499615e+06
37 17 -1.120904834499615e+06
17 38  3.511466947594546e+06
38 17  3.511466947594546e+06
17 39  1.363182823745525e+06
39 17  1.363182823745525e+06
17 40  2.320394557303832e+08
40 17  2.320394557303832e+08
17 41  1.802540984871498e+08
41 17  1.802540984871498e+08
17 42 -2.734266368629575e+08
42 17 -2.734266368629575e+08
17 43 -3.543685912329273e+06
43 17 -3.543685912329273e+06
17 44  6.351766622984536e+06
44 17  6.351766622984536e+06
17 45  4.371343477315739e+06
45 17  4.371343477315739e+06
17 46  4.422750363040488e+08
46 17  4.422750363040488e+08
17 47  6.930840359307389e+08
47 17  6.930840359307389e+08
17 48 -6.554884269423039e+08
48 17 -6.554884269423039e+08
17 49 -1.348129847508133e+06
49 17 -1.348129847508133e+06
17 50  1.777470404037757e+06
50 17  1.777470404037757e+06
17 51  1.591172316788057e+06
51 17  1.591172316788057e+06
17 52  1.355220405434124e+08
52 17  1.355220405434124e+08
17 53  3.737733597352319e+08
53 17  3.737733597352319e+08
17 54 -2.911040912618264e+08
54 17 -2.911040912618264e+08
18 18  1.283076857696842e+09
18 19 -2.953483650064724e+06
19 18 -2.953483650064724e+06
18 20  3.946713361174178e+06
20 18  3.946713361174178e+06
18 21  3.573747509522836e+06
21 18  3.573747509522836e+06
18 22  2.154378827430699e+08
22 18  2.154378827430699e+08
18 23 -3.859954181970828e+08
23 18 -3.859954181970828e+08
18 24  6.070417344632982e+08
24 18  6.070417344632982e+08
18 37  1.479001949226916e+06
37 18  1.479001949226916e+06
18 38 -4.437060264515554e+06
38 18 -4.437060264515554e+06
18 39 -1.967400655678802e+06
39 18 -1.967400655678802e+06
18 40  1.239836534084953e+08
40 18  1.239836534084953e+08
18 41 -1.409427893035124e+08
41 18 -1.409427893035124e+08
18 42  4.179144468804052e+08
42 18  4.179144468804052e+08
18 43  3.528471462427397e+06
43 18  3.528471462427397e+06
18 44 -5.462642223250436e+06
44 18 -5.462642223250436e+06
18 45 -4.469679324995525e+06
45 18 -4.469679324995525e+06
18 46  2.949263676661316e+08
46 18  2.949263676661316e+08
18 47 -6.051338773724277e+08
47 18 -6.051338773724277e+08
18 48  1.027362844475285e+09
48 18  1.027362844475285e+09
18 49  2.743295510646484e+05
49 18  2.743295510646484e+05
18 50 -1.391105859614350e+05
50 18 -1.391105859614350e+05
18 51  6.624582030302851e+02
51 18  6.624582030302851e+02
18 52  2.377280319243110e+08
52 18  2.377280319243110e+08
18 53 -3.606414263084773e+08
53 18 -3.606414263084773e+08
18 54  5.270541333309569e+08
54 18  5.270541333309569e+08
19 19  3.109263078421878e+05
19 20  2.212771197982007e+04
20 19  2.212771197982007e+04
19 21  7.805944767524756e+04
21 19  7.805944767524756e+04
19 22  2.789977097411583e+06
22 19  2.789977097411583e+06
19 23  6.152762507511614e+06
23 19  6.152762507511614e+06
19 24 -1.830539773563633e+06
24 19 -1.830539773563633e+06
19 25  5.694106764605334e+04
25 19  5.694106764605334e+04
19 26 -9.527869514318176e+03
26 19 -9.527869514318176e+03
19 27  5.195380658469372e+04
27 19  5.195380658469372e+04
19 28  3.232675236951713e+06
28 19  3.232675236951713e+06
19 29  2.791754990310737e+06
29 19  2.791754990310737e+06
19 30  1.666384141774781e+06
30 19  1.666384141774781e+06
19 43 -1.926781163995666e+05
43 19 -1.926781163995666e+05
19 44 -7.253254771129607e+04
44 19 -7.253254771129607e+04
19 45 -3.540849064920869e+04
45 19 -3.540849064920869e+04
19 46 -4.130942977443354e+05
46 19 -4.130942977443354e+05
19 47  1.398054568491320e+06
47 19  1.398054568491320e+06
19 48 -2.194330572353375e+06
48 19 -2.194330572353375e+06
19 49 -1.361897737216235e+05
49 19 -1.361897737216235e+05
19 50  3.308952730354026e+04
50 19  3.308952730354026e+04
19 51 -1.036570414538845e+05
51 19 -1.036570414538845e+05
19 52  2.518988642267481e+06
52 19  2.518988642267481e+06
19 53  6.125850941987791e+06
53 19  6.125850941987791e+06
19 54 -2.021455020901233e+06
54 19 -2.021455020901233e+06
19 55 -1.029279436476056e+05
55 19 -1.029279436476056e+05
19 56  4.282700889896321e+04
56 19  4.282700889896321e+04
19 57 -5.765269006779675e+04
57 19 -5.765269006779675e+04
19 58  2.486093240097383e+06
58 19  2.486093240097383e+06
19 59  2.879995107330599e+06
59 19  2.879995107330599e+06
19 60  7.163158170635998e+05
60 19  7.163158170635998e+05
20 20  2.565305181351388e+05
20 21 -5.210194988944360e+04
21 20 -5.210194988944360e+04
20 22 -7.007018244787246e+05
22 20 -7.007018244787246e+05
20 23 -4.993027723448511e+06
23 20 -4.993027723448511e+06
20 24  3.811929315739936e+06
24 20  3.811929315739936e+06
20 25 -8.656487755877053e+03
25 20 -8.656487755877053e+03
20 26 -5.466570165878422e+04
26 20 -5.466570165878422e+04
20 27  1.143614811350841e+04
27 20  1.143614811350841e+04
20 28 -1.392289189916729e+06
28 20 -1.392289189916729e+06
20 29 -1.206580120359306e+06
29 20 -1.206580120359306e+06
20 30 -7.147188637630699e+05
30 20 -7.147188637630699e+05
20 43 -7.646915603046492e+04
43 20 -7.646915603046492e+04
20 44 -1.074220456109690e+05
44 20 -1.074220456109690e+05
20 45 -2.443851130556381e+03
45 20 -2.443851130556381e+03
20 46  5.292535478120896e+05
46 20  5.292535478120896e+05
20 47 -1.881931987767820e+06
47 20 -1.881931987767820e+06
20 48  2.935887446575693e+06
48 20  2.935887446575693e+06
20 49  3.417185446319687e+04
49 20  3.417185446319687e+04
20 50  6.741652324530303e+04
50 20  6.741652324530303e+04
20 51 -3.951606732327570e+04
51 20 -3.951606732327570e+04
20 52 -1.016278543171158e+06
52 20 -1.016278543171158e+06
20 53 -4.876119587229254e+06
53 20 -4.876119587229254e+06
20 54  3.209534631254064e+06
54 20  3.209534631254064e+06
20 55  4.238078268619961e+04
55 20  4.238078268619961e+04
20 56 -1.416105252387569e+05
56 20 -1.416105252387569e+05
20 57  6.667263417882475e+04
57 20  6.667263417882475e+04
20 58 -1.069591970528323e+06
58 20 -1.069591970528323e+06
20 59 -1.244830324933907e+06
59 20 -1.244830324933907e+06
20 60 -3.062876335164761e+05
60 20 -3.062876335164761e+05
21 21  2.183054013619850e+05
21 22 -3.425982606254499e+06
22 21 -3.425982606254499e+06
21 23 -7.495600033632905e+06
23 21 -7.495600033632905e+06
21 24  2.206071574837940e+06
24 21  2.206071574837940e+06
21 25  5.164639101509593e+04
25 21  5.164639101509593e+04
21 26  1.072150287963497e+04
26 21  1.072150287963497e+04
21 27  3.633371666694347e+04
27 21  3.633371666694347e+04
21 28 -3.942253960843389e+06
28 21 -3.942253960843389e+06
21 29 -3.400376146391419e+06
29 21 -3.400376146391419e+06
21 30 -2.026561994747345e+06
30 21 -2.026561994747345e+06
21 43 -3.657216139014575e+04
43 21 -3.657216139014575e+04
21 44 -5.686530114200080e+03
44 21 -5.686530114200080e+03
21 45 -7.600586605383319e+04
45 21 -7.600586605383319e+04
21 46  4.778938079645024e+05
46 21  4.778938079645024e+05
21 47 -1.705453954098994e+06
47 21 -1.705453954098994e+06
21 48  2.659419518187457e+06
48 21  2.659419518187457e+06
21 49 -1.009816367123198e+05
49 21 -1.009816367123198e+05
21 50 -4.022506757703843e+04
50 21 -4.022506757703843e+04
21 51 -9.243953902896500e+04
51 21 -9.243953902896500e+04
21 52 -3.092153209489849e+06
52 21 -3.092153209489849e+06
21 53 -7.462799314250517e+06
53 21 -7.462799314250517e+06
21 54  2.445472406519878e+06
54 21  2.445472406519878e+06
21 55 -5.961074110479732e+04
55 21 -5.961074110479732e+04
21 56  6.697032877437098e+04
56 21  6.697032877437098e+04
21 57 -1.236467240364394e+05
57 21 -1.236467240364394e+05
21 58 -3.029313445889752e+06
58 21 -3.029313445889752e+06
21 59 -3.509284869777048e+06
59 21 -3.509284869777048e+06
21 60 -8.728331715178752e+05
60 21 -8.728331715178752e+05
22 22  1.238574826120782e+09
22 23  4.252624915752276e+08
23 22  4.252624915752276e+08
22 24  6.848569109469546e+08
24 22  6.848569109469546e+08
22 25 -2.238923328573731e+06
25 22 -2.238923328573731e+06
22 26  9.627106738080786e+05
26 22  9.627106738080786e+05
22 27  2.731178539845555e+06
27 22  2.731178539845555e+06
22 28  5.945017464048446e+08
28 22  5.945017464048446e+08
22 29  6.025031672108451e+07
29 22  6.025031672108451e+07
22 30  4.664987918221203e+08
30 22  4.664987918221203e+08
22 43  1.487440527836228e+05
43 22  1.487440527836228e+05
22 44  8.162294759071316e+04
44 22  8.162294759071316e+04
22 45 -5.400464166917412e+05
45 22 -5.400464166917412e+05
22 46  6.357656620923650e+08
46 22  6.357656620923650e+08
22 47  2.365908124580322e+08
47 22  2.365908124580322e+08
22 48  1.001354802466294e+08
48 22  1.001354802466294e+08
22 49 -1.461451856695698e+06
49 22 -1.461451856695698e+06
22 50  2.969678885546291e+06
50 22  2.969678885546291e+06
22 51  1.647549475242854e+06
51 22  1.647549475242854e+06
22 52  1.145599745085474e+09
52 22  1.145599745085474e+09
22 53  4.738209590898148e+08
53 22  4.738209590898148e+08
22 54  4.213942937285050e+08
54 22  4.213942937285050e+08
22 55 -2.075968288159908e+06
55 22 -2.075968288159908e+06
22 56  1.005477549308822e+06
56 22  1.005477549308822e+06
22 57  3.021904270910007e+06
57 22  3.021904270910007e+06
22 58  5.126001565786750e+08
58 22  5.126001565786750e+08
22 59  7.884534373610850e+07
59 22  7.884534373610850e+07
22 60  3.165971217638130e+08
60 22  3.165971217638130e+08
23 23  1.408872326474791e+09
23 24 -5.780413340673809e+08
24 23 -5.780413340673809e+08
23 25  2.774706668300666e+06
25 23  2.774706668300666e+06
23 26 -1.199475960701430e+06
26 23 -1.199475960701430e+06
23 27 -3.382297459590903e+06
27 23 -3.382297459590903e+06
23 28  1.699368028960713e+08
28 23  1.699368028960713e+08
23 29  7.599276763646460e+08
29 23  7.599276763646460e+08
23 30 -1.299988367642036e+08
30 23 -1.299988367642036e+08
23 43 -1.751552150543032e+06
43 23 -1.751552150543032e+06
23 44  3.173994479994613e+06
44 23  3.173994479994613e+06
23 45  2.125273245704327e+06
45 23  2.125273245704327e+06
23 46  2.805548516744165e+08
46 23  2.805548516744165e+08
23 47  3.694951133805519e+08
47 23  3.694951133805519e+08
23 48 -3.196228695991315e+08
48 23 -3.196228695991315e+08
23 49 -6.063708581602413e+06
49 23 -6.063708581602413e+06
23 50  4.798734133693676e+06
50 23  4.798734133693676e+06
23 51  7.473631059298468e+06
51 23  7.473631059298468e+06
23 52  3.873879891112153e+08
52 23  3.873879891112153e+08
23 53  1.403603371949044e+09
53 23  1.403603371949044e+09
23 54 -5.960156477535434e+08
54 23 -5.960156477535434e+08
23 55 -2.665765593964831e+06
55 23 -2.665765593964831e+06
23 56  1.134970551852774e+06
56 23  1.134970551852774e+06
23 57  3.171956487569716e+06
57 23  3.171956487569716e+06
23 58  5.470329701224836e+07
58 23  5.470329701224836e+07
23 59  7.604207337663071e+08
59 23  7.604207337663071e+08
23 60 -2.129467768492607e+08
60 23 -2.129467768492607e+08
24 24  1.100921744506521e+09
24 25 -2.824432348329592e+06
25 24 -2.824432348329592e+06
24 26  1.215330535552633e+06
26 24  1.215330535552633e+06
24 27  3.437873310898650e+06
27 24  3.437873310898650e+06
24 28  4.276064107951169e+08
28 24  4.276064107951169e+08
24 29 -2.200101479448344e+08
29 24 -2.200101479448344e+08
24 30  4.289144950704409e+08
30 24  4.289144950704409e+08
24 43  2.066043571827704e+06
43 24  2.066043571827704e+06
24 44 -3.452162770212258e+06
44 24 -3.452162770212258e+06
24 45 -2.805569727090667e+06
45 24 -2.805569727090667e+06
24 46  2.170177510024916e+08
46 24  2.170177510024916e+08
24 47 -2.132301695437833e+08
47 24 -2.132301695437833e+08
24 48  4.376533979035326e+08
48 24  4.376533979035326e+08
24 49  2.708265096298145e+06
49 24  2.708265096298145e+06
24 50 -1.642975673466196e+06
50 24 -1.642975673466196e+06
24 51 -3.443367089386052e+06
51 24 -3.443367089386052e+06
24 52  5.677871536292889e+08
52 24  5.677871536292889e+08
24 53 -5.354660142433412e+08
53 24 -5.354660142433412e+08
24 54  8.357255107349587e+08
54 24  8.357255107349587e+08
24 55 -7.583673677355944e+05
55 24 -7.583673677355944e+05
24 56  4.226832820057611e+05
56 24  4.226832820057611e+05
24 57  1.355140704843633e+06
57 24  1.355140704843633e+06
24 58  4.012547449443221e+08
58 24  4.012547449443221e+08
24 59 -2.049267127421820e+08
59 24 -2.049267127421820e+08
24 60  3.353131554865326e+08
60 24  3.353131554865326e+08
25 25  1.519285633541713e+05
25 26  7.088674432386631e+04
26 25  7.088674432386631e+04
25 27  4.138881338043484e+04
27 25  4.138881338043484e+04
25 28 -2.043774079197484e+06
28 25 -2.043774079197484e+06
25 29  3.899039132702691e+06
29 25  3.899039132702691e+06
25 30 -3.062222152396343e+06
30 25 -3.062222152396343e+06
25 49 -1.433610110453595e+05
49 25 -1.433610110453595e+05
25 50 -7.403862748454431e+04
50 25 -7.403862748454431e+04
25 51 -4.959688546606958e+04
51 25 -4.959688546606958e+04
25 52 -1.545899030422147e+06
52 25 -1.545899030422147e+06
25 53  2.687265791094549e+06
53 25  2.687265791094549e+06
25 54 -1.914546878663515e+06
54 25 -1.914546878663515e+06
25 55 -6.550861995486518e+04
55 25 -6.550861995486518e+04
25 56  1.180837091655506e+04
56 25  1.180837091655506e+04
25 57 -4.343831892946116e+04
57 25 -4.343831892946116e+04
25 58 -1.350749781347277e+06
58 25 -1.350749781347277e+06
25 59  3.811598255581782e+06
59 25  3.811598255581782e+06
25 60 -2.152336683007667e+06
60 25 -2.152336683007667e+06
26 26  1.431734684402804e+05
26 27  3.277938978458734e+04
27 26  3.277938978458734e+04
26 28  8.762369258865392e+05
28 26  8.762369258865392e+05
26 29 -1.683265571981746e+06
29 26 -1.683265571981746e+06
26 30  1.320698996484445e+06
30 26  1.320698996484445e+06
26 49 -7.449068180933554e+04
49 26 -7.449068180933554e+04
26 50 -1.416105334525453e+05
50 26 -1.416105334525453e+05
26 51 -2.924128731551426e+04
51 26 -2.924128731551426e+04
26 52  6.631931718194931e+05
52 26  6.631931718194931e+05
26 53 -1.161587946004793e+06
53 26 -1.161587946004793e+06
26 54  8.242131841731445e+05
54 26  8.242131841731445e+05
26 55  1.313180699978740e+04
55 26  1.313180699978740e+04
26 56  5.310276667104915e+04
56 26  5.310276667104915e+04
26 57 -1.425960534870805e+04
57 26 -1.425960534870805e+04
26 58  5.767194239831624e+05
58 26  5.767194239831624e+05
26 59 -1.645377556792713e+06
59 26 -1.645377556792713e+06
26 60  9.295816450011289e+05
60 26  9.295816450011289e+05
27 27  9.341557226068163e+04
27 28  2.493481072267954e+06
28 27  2.493481072267954e+06
27 29 -4.752340191879741e+06
29 27 -4.752340191879741e+06
27 30  3.727508216802140e+06
30 27  3.727508216802140e+06
27 49 -5.158244371637006e+04
49 27 -5.158244371637006e+04
27 50 -2.893880936694317e+04
50 27 -2.893880936694317e+04
27 51 -8.321215295002259e+04
51 27 -8.321215295002259e+04
27 52  1.883683579738990e+06
52 27  1.883683579738990e+06
27 53 -3.274442212137544e+06
53 27 -3.274442212137544e+06
27 54  2.332882022916640e+06
54 27  2.332882022916640e+06
27 55 -4.176017624875849e+04
55 27 -4.176017624875849e+04
27 56 -1.527672853115258e+04
56 27 -1.527672853115258e+04
27 57 -4.653713597760250e+04
57 27 -4.653713597760250e+04
27 58  1.645986111883988e+06
58 27  1.645986111883988e+06
27 59 -4.644484944530210e+06
59 27 -4.644484944530210e+06
27 60  2.622516928629112e+06
60 27  2.622516928629112e+06
28 28  5.818319545265714e+08
28 29  8.941456303892280e+07
29 28  8.941456303892280e+07
28 30  4.437649408716369e+08
30 28  4.437649408716369e+08
28 49  1.071772197770428e+06
49 28  1.071772197770428e+06
28 50 -5.760599796882921e+05
50 28 -5.760599796882921e+05
28 51 -1.818527403140004e+06
51 28 -1.818527403140004e+06
28 52  5.522081349838684e+08
52 28  5.522081349838684e+08
28 53  1.882628485344100e+08
53 28  1.882628485344100e+08
28 54  3.071755836064459e+08
54 28  3.071755836064459e+08
28 55 -2.260673355524657e+06
55 28 -2.260673355524657e+06
28 56  1.092112243718482e+06
56 28  1.092112243718482e+06
28 57  3.267300291715438e+06
57 28  3.267300291715438e+06
28 58  5.386017157100033e+08
58 28  5.386017157100033e+08
28 59  1.081254042378487e+08
59 28  1.081254042378487e+08
28 60  3.244245563362693e+08
60 28  3.244245563362693e+08
29 29  9.310685216027267e+08
29 30 -2.559016225853831e+08
30 29 -2.559016225853831e+08
29 49 -2.960198009615642e+06
49 29 -2.960198009615642e+06
29 50  1.270159948413000e+06
50 29  1.270159948413000e+06
29 51  3.566904289170322e+06
51 29  3.566904289170322e+06
29 52  1.724521594847428e+08
52 29  1.724521594847428e+08
29 53  7.568726551251857e+08
53 29  7.568726551251857e+08
29 54 -1.330520103429071e+08
54 29 -1.330520103429071e+08
29 55 -3.730596113397786e+06
55 29 -3.730596113397786e+06
29 56  1.619685743928052e+06
56 29  1.619685743928052e+06
29 57  4.585812049100839e+06
57 29  4.585812049100839e+06
29 58  2.020012013631683e+08
58 29  2.020012013631683e+08
29 59  9.278063197270085e+08
59 29  9.278063197270085e+08
29 60 -1.694123596468709e+08
60 29 -1.694123596468709e+08
30 30  4.573321230284184e+08
30 49  1.929141846316001e+06
49 30  1.929141846316001e+06
30 50 -9.230988399308069e+05
50 30 -9.230988399308069e+05
30 51 -2.757071307226154e+06
51 30 -2.757071307226154e+06
30 52  3.920074611227143e+08
52 30  3.920074611227143e+08
30 53 -1.138780450972307e+08
53 30 -1.138780450972307e+08
30 54  2.992532016335424e+08
54 30  2.992532016335424e+08
30 55 -5.333038356944394e+05
55 30 -5.333038356944394e+05
30 56  3.171187072094321e+05
56 30  3.171187072094321e+05
