1 1  1.000000000000000e+36
1 2 -2.236451691715047e-04
2 1 -2.236451691715047e-04
1 3  1.892850398871815e-02
3 1  1.892850398871815e-02
1 4 -5.017510879406473e-02
4 1 -5.017510879406473e-02
1 5 -1.186480621655762e+05
5 1 -1.186480621655762e+05
1 6  3.269344045105558e+05
6 1  3.269344045105558e+05
1 7  4.693562989890494e+05
7 1  4.693562989890494e+05
1 8 -2.275504637054837e-04
8 1 -2.275504637054837e-04
1 9  1.726387726739631e-02
9 1  1.726387726739631e-02
1 10 -5.317092629502440e-02
10 1 -5.317092629502440e-02
1 11 -1.989010743730334e+05
11 1 -1.989010743730334e+05
1 12  4.119394873351614e+05
12 1  4.119394873351614e+05
1 31 -2.350001995118602e+05
31 1 -2.350001995118602e+05
1 32 -1.335494563245191e+03
32 1 -1.335494563245191e+03
1 33  1.894988931521092e+04
33 1  1.894988931521092e+04
1 34  4.375997639932899e+04
34 1  4.375997639932899e+04
1 35 -6.291589374971298e+04
35 1 -6.291589374971298e+04
1 36  1.565747251647559e+05
36 1  1.565747251647559e+05
1 37 -2.860048577992297e+05
37 1 -2.860048577992297e+05
1 38  3.047084308992272e+04
38 1  3.047084308992272e+04
1 39 -5.801492500976020e+04
39 1 -5.801492500976020e+04
1 40  4.794605155834026e+04
40 1  4.794605155834026e+04
1 41 -1.030424235922803e+05
41 1 -1.030424235922803e+05
1 42  1.990773209339628e+05
42 1  1.990773209339628e+05
1 931 -2.350003078147553e+05
931 1 -2.350003078147553e+05
1 932  1.335494707744454e+03
932 1  1.335494707744454e+03
1 933 -1.894990669215912e+04
933 1 -1.894990669215912e+04
1 934 -4.376001476281393e+04
934 1 -4.376001476281393e+04
1 935 -6.291591684293247e+04
935 1 -6.291591684293247e+04
1 936  1.565747775243004e+05
936 1  1.565747775243004e+05
1 937 -2.860049553387230e+05
937 1 -2.860049553387230e+05
1 938 -3.047084278322635e+04
938 1 -3.047084278322635e+04
1 939  5.801490619432716e+04
939 1  5.801490619432716e+04
1 940 -4.794609282842580e+04
940 1 -4.794609282842580e+04
1 941 -1.030423991793184e+05
941 1 -1.030423991793184e+05
1 942  1.990772644201801e+05
942 1  1.990772644201801e+05
2 2  1.000000000000000e+36
2 3 -2.066081107283498e+04
3 2 -2.066081107283498e+04
2 4 -6.717178988429143e+06
4 2 -6.717178988429143e+06
2 5  9.736876385286450e-01
5 2  9.736876385286450e-01
2 6 -2.369273064658046e+00
6 2 -2.369273064658046e+00
2 7 -2.066888873514472e-03
7 2 -2.066888873514472e-03
2 8  7.538780738467132e+04
8 2  7.538780738467132e+04
2 9  1.784264210717716e+04
9 2  1.784264210717716e+04
2 10 -6.577097495930232e+06
10 2 -6.577097495930232e+06
2 11 -4.952565380372107e-01
11 2 -4.952565380372107e-01
2 12  9.180658366531134e-01
12 2  9.180658366531134e-01
2 31 -1.299656317998826e+03
31 2 -1.299656317998826e+03
2 32 -6.703459240644731e+04
32 2 -6.703459240644731e+04
2 33 -1.337925947497138e+04
33 2 -1.337925947497138e+04
2 34 -7.037158138276006e+05
34 2 -7.037158138276006e+05
2 35 -1.763767029270714e+06
35 2 -1.763767029270714e+06
2 36  4.883244727183257e+06
36 2  4.883244727183257e+06
2 37  2.929524537102292e+04
37 2  2.929524537102292e+04
2 38 -7.701437008669025e+04
38 2 -7.701437008669025e+04
2 39  1.478834289245476e+04
39 2  1.478834289245476e+04
2 40 -6.336750843107663e+05
40 2 -6.336750843107663e+05
2 41 -2.701023177499587e+06
41 2 -2.701023177499587e+06
2 42  5.594398215519633e+06
42 2  5.594398215519633e+06
2 931  1.299656783206885e+03
931 2  1.299656783206885e+03
2 932 -6.703462935345157e+04
932 2 -6.703462935345157e+04
2 933 -1.337925201012298e+04
933 2 -1.337925201012298e+04
2 934 -7.037142529818449e+05
934 2 -7.037142529818449e+05
2 935  1.763767559548537e+06
935 2  1.763767559548537e+06
2 936 -4.883245820868246e+06
936 2 -4.883245820868246e+06
2 937 -2.929524354569693e+04
937 2 -2.929524354569693e+04
2 938 -7.701438177720794e+04
938 2 -7.701438177720794e+04
2 939  1.478833755829743e+04
939 2  1.478833755829743e+04
2 940 -6.336734899712636e+05
940 2 -6.336734899712636e+05
2 941  2.701022238821689e+06
941 2  2.701022238821689e+06
2 942 -5.594396021835608e+06
942 2 -5.594396021835608e+06
3 3  1.000000000000000e+36
3 4 -2.548641561435114e+06
4 3 -2.548641561435114e+06
3 5  3.782553892815486e-01
5 3  3.782553892815486e-01
3 6 -9.138468031305820e-01
6 3 -9.138468031305820e-01
3 7  1.664995929604629e-02
7 3  1.664995929604629e-02
3 8  4.877778120465765e+03
8 3  4.877778120465765e+03
3 9  7.222492454956268e+04
9 3  7.222492454956268e+04
3 10 -2.495753598645887e+06
10 3 -2.495753598645887e+06
3 11 -1.717646479373798e-01
11 3 -1.717646479373798e-01
3 12  3.165004425682128e-01
12 3  3.165004425682128e-01
3 31  2.020273815318653e+04
31 3  2.020273815318653e+04
3 32 -1.337572931261862e+04
32 3 -1.337572931261862e+04
3 33 -3.816660353756080e+04
33 3 -3.816660353756080e+04
3 34 -2.717742536309648e+05
34 3 -2.717742536309648e+05
3 35 -6.705059770557191e+05
35 3 -6.705059770557191e+05
3 36  1.836101978917246e+06
36 3  1.836101978917246e+06
3 37 -5.820971887318499e+04
37 3 -5.820971887318499e+04
3 38  2.126724378968051e+04
38 3  2.126724378968051e+04
3 39 -1.199962651869260e+05
39 3 -1.199962651869260e+05
3 40 -2.453302788878043e+05
40 3 -2.453302788878043e+05
3 41 -1.015436140876565e+06
41 3 -1.015436140876565e+06
3 42  2.104598935595466e+06
42 3  2.104598935595466e+06
3 931 -2.020275539881746e+04
931 3 -2.020275539881746e+04
3 932 -1.337572195515934e+04
932 3 -1.337572195515934e+04
3 933 -3.816666064340723e+04
933 3 -3.816666064340723e+04
3 934 -2.717736564702689e+05
934 3 -2.717736564702689e+05
3 935  6.705061868979434e+05
935 3  6.705061868979434e+05
3 936 -1.836102408089334e+06
936 3 -1.836102408089334e+06
3 937  5.820970054035262e+04
937 3  5.820970054035262e+04
3 938  2.126724043046668e+04
938 3  2.126724043046668e+04
3 939 -1.199962710693275e+05
939 3 -1.199962710693275e+05
3 940 -2.453296685837222e+05
940 3 -2.453296685837222e+05
3 941  1.015435800728864e+06
941 3  1.015435800728864e+06
3 942 -2.104598134497981e+06
942 3 -2.104598134497981e+06
4 4  1.000000000000000e+36
4 5 -5.283800500258803e+01
5 4 -5.283800500258803e+01
4 6  1.174521004483104e+02
6 4  1.174521004483104e+02
4 7 -1.867223513545468e-02
7 4 -1.867223513545468e-02
4 8  7.405249161295997e+06
8 4  7.405249161295997e+06
4 9  2.972986480452299e+06
9 4  2.972986480452299e+06
4 10  1.201441767723846e+09
10 4  1.201441767723846e+09
4 11 -4.295575804263353e+01
11 4 -4.295575804263353e+01
4 12  1.027009630799294e+02
12 4  1.027009630799294e+02
4 31 -1.340193811860139e+05
31 4 -1.340193811860139e+05
4 32 -1.642869457766541e+06
32 4 -1.642869457766541e+06
4 33 -6.103399927592541e+05
33 4 -6.103399927592541e+05
4 34  3.780087130081655e+08
34 4  3.780087130081655e+08
4 35  8.530975680928700e+06
35 4  8.530975680928700e+06
4 36 -9.810888403654349e+07
36 4 -9.810888403654349e+07
4 37  1.130998026690470e+05
37 4  1.130998026690470e+05
4 38  1.298834877192304e+06
38 4  1.298834877192304e+06
4 39  3.981677688656031e+05
39 4  3.981677688656031e+05
4 40  3.866845669395887e+08
40 4  3.866845669395887e+08
4 41 -3.440550432280204e+07
41 4 -3.440550432280204e+07
4 42 -7.262737533884979e+06
42 4 -7.262737533884979e+06
4 931  1.340193241822369e+05
931 4  1.340193241822369e+05
4 932 -1.642868439489545e+06
932 4 -1.642868439489545e+06
4 933 -6.103396272065801e+05
933 4 -6.103396272065801e+05
4 934  3.780084723364993e+08
934 4  3.780084723364993e+08
4 935 -8.530948476348043e+06
935 4 -8.530948476348043e+06
4 936  9.810877565486769e+07
936 4  9.810877565486769e+07
4 937 -1.130996768179260e+05
937 4 -1.130996768179260e+05
4 938  1.298832847196929e+06
938 4  1.298832847196929e+06
4 939  3.981669320830455e+05
939 4  3.981669320830455e+05
4 940  3.866843324327305e+08
940 4  3.866843324327305e+08
4 941  3.440554138602037e+07
941 4  3.440554138602037e+07
4 942  7.262614392704819e+06
942 4  7.262614392704819e+06
5 5  1.000000000000000e+36
5 6 -2.236502980244102e+08
6 5 -2.236502980244102e+08
5 7 -1.424399945220423e+05
7 5 -1.424399945220423e+05
5 8  2.450177068822086e-01
8 5  2.450177068822086e-01
5 9  1.534318376798183e-01
9 5  1.534318376798183e-01
5 10 -5.200553058367223e+01
10 5 -5.200553058367223e+01
5 11  1.423753624177440e+08
11 5  1.423753624177440e+08
5 12 -2.828176585390204e+08
12 5 -2.828176585390204e+08
5 31  6.910245345487725e+04
31 5  6.910245345487725e+04
5 32  1.763767051030631e+06
32 5  1.763767051030631e+06
5 33  6.698966546363055e+05
33 5  6.698966546363055e+05
5 34 -3.020192765808575e+07
34 5 -3.020192765808575e+07
5 35  4.249599719474783e+07
35 5  4.249599719474783e+07
5 36 -1.081067770266478e+08
36 5 -1.081067770266478e+08
5 37  6.144152474692227e+04
37 5  6.144152474692227e+04
5 38  1.301315481577617e+06
38 5  1.301315481577617e+06
5 39  6.616533913132225e+05
39 5  6.616533913132225e+05
5 40 -3.313982359503553e+07
40 5 -3.313982359503553e+07
5 41  7.099670662016298e+07
41 5  7.099670662016298e+07
5 42 -1.370876870513237e+08
42 5 -1.370876870513237e+08
5 931  6.910246997593813e+04
931 5  6.910246997593813e+04
5 932 -1.763767562886864e+06
932 5 -1.763767562886864e+06
5 933 -6.698968594076550e+05
933 5 -6.698968594076550e+05
5 934  3.020189955656223e+07
934 5  3.020189955656223e+07
5 935  4.249601621133351e+07
935 5  4.249601621133351e+07
5 936 -1.081068315423697e+08
936 5 -1.081068315423697e+08
5 937  6.144160850988090e+04
937 5  6.144160850988090e+04
5 938 -1.301316188426729e+06
938 5 -1.301316188426729e+06
5 939 -6.616537182290998e+05
939 5 -6.616537182290998e+05
5 940  3.313979630237714e+07
940 5  3.313979630237714e+07
5 941  7.099668739826013e+07
941 5  7.099668739826013e+07
5 942 -1.370876543093392e+08
942 5 -1.370876543093392e+08
6 6  1.000000000000000e+36
6 7  3.606779532473484e+05
7 6  3.606779532473484e+05
6 8 -7.216643276624382e-01
8 6 -7.216643276624382e-01
6 9 -4.289853444788605e-01
9 6 -4.289853444788605e-01
6 10  1.151383632235229e+02
10 6  1.151383632235229e+02
6 11 -3.749610681260836e+08
11 6 -3.749610681260836e+08
6 12  7.448298550383301e+08
12 6  7.448298550383301e+08
6 31 -1.819910950633314e+05
31 6 -1.819910950633314e+05
6 32 -4.652126326357476e+06
32 6 -4.652126326357476e+06
6 33 -1.745842447396154e+06
33 6 -1.745842447396154e+06
6 34  7.955267157293795e+07
34 6  7.955267157293795e+07
6 35 -1.119216354290164e+08
35 6 -1.119216354290164e+08
6 36  2.847197070537534e+08
36 6  2.847197070537534e+08
6 37 -1.618149566560661e+05
37 6 -1.618149566560661e+05
6 38 -3.427198590908504e+06
38 6 -3.427198590908504e+06
6 39 -1.742557893412565e+06
39 6 -1.742557893412565e+06
6 40  8.731447624489752e+07
40 6  8.731447624489752e+07
6 41 -1.869742568247218e+08
41 6 -1.869742568247218e+08
6 42  3.610214763409243e+08
42 6  3.610214763409243e+08
6 931 -1.819911355283746e+05
931 6 -1.819911355283746e+05
6 932  4.652127659185343e+06
932 6  4.652127659185343e+06
6 933  1.745842972432622e+06
933 6  1.745842972432622e+06
6 934 -7.955260986358334e+07
934 6 -7.955260986358334e+07
6 935 -1.119216833488784e+08
935 6 -1.119216833488784e+08
6 936  2.847198423754882e+08
936 6  2.847198423754882e+08
6 937 -1.618151705101321e+05
937 6 -1.618151705101321e+05
6 938  3.427200349018029e+06
938 6  3.427200349018029e+06
6 939  1.742558711208243e+06
939 6  1.742558711208243e+06
6 940 -8.731441685764711e+07
940 6 -8.731441685764711e+07
6 941 -1.869742043318814e+08
941 6 -1.869742043318814e+08
6 942  3.610213838396136e+08
942 6  3.610213838396136e+08
7 7  1.000000000000000e+36
7 8 -2.344302170968149e-03
8 7 -2.344302170968149e-03
7 9  3.251535988238175e-02
9 7  3.251535988238175e-02
7 10 -3.609969389799517e-02
10 7 -3.609969389799517e-02
7 11 -4.909749938093060e+05
11 7 -4.909749938093060e+05
7 12  9.702531116538371e+05
12 7  9.702531116538371e+05
7 13  3.163854006597281e+05
13 7  3.163854006597281e+05
7 14  8.622045959327807e-04
14 7  8.622045959327807e-04
7 15  1.579404668882489e-02
15 7  1.579404668882489e-02
7 16 -6.132579253971926e-03
16 7 -6.132579253971926e-03
7 17 -3.434778485275051e+05
17 7 -3.434778485275051e+05
7 18  4.046746911578998e+05
18 7  4.046746911578998e+05
7 31 -2.574479278226377e+05
31 7 -2.574479278226377e+05
7 32 -2.584728157155618e+04
32 7 -2.584728157155618e+04
7 33  8.555055532611665e+04
33 7  8.555055532611665e+04
7 34  2.751179726650400e+03
34 7  2.751179726650400e+03
7 35 -6.882097483294680e+04
35 7 -6.882097483294680e+04
7 36  1.842534359442051e+05
36 7  1.842534359442051e+05
7 37 -3.933694485802978e+05
37 7 -3.933694485802978e+05
7 38 -4.474401774158332e+03
38 7 -4.474401774158332e+03
7 39  3.448912181722999e+04
39 7  3.448912181722999e+04
7 40  5.996861548581782e+04
40 7  5.996861548581782e+04
7 41 -2.461392057669309e+05
41 7 -2.461392057669309e+05
7 42  4.816359322328284e+05
42 7  4.816359322328284e+05
7 43 -2.218671572457872e+05
43 7 -2.218671572457872e+05
7 44  4.694687352658112e+04
44 7  4.694687352658112e+04
7 45 -5.478940995018384e+04
45 7 -5.478940995018384e+04
7 46  4.712710272803911e+04
46 7  4.712710272803911e+04
7 47 -1.747896139954532e+05
47 7 -1.747896139954532e+05
7 48  1.949322129101384e+05
48 7  1.949322129101384e+05
7 931 -2.574480177257028e+05
931 7 -2.574480177257028e+05
7 932  2.584728294939573e+04
932 7  2.584728294939573e+04
7 933 -8.555057076099519e+04
933 7 -8.555057076099519e+04
7 934 -2.751144747281624e+03
934 7 -2.751144747281624e+03
7 935 -6.882104948116945e+04
935 7 -6.882104948116945e+04
7 936  1.842536414528388e+05
936 7  1.842536414528388e+05
7 937 -3.933696831118313e+05
937 7 -3.933696831118313e+05
7 938  4.474404286158563e+03
938 7  4.474404286158563e+03
7 939 -3.448915401388791e+04
939 7 -3.448915401388791e+04
7 940 -5.996865265110628e+04
940 7 -5.996865265110628e+04
7 941 -2.461393344203234e+05
941 7 -2.461393344203234e+05
7 942  4.816361860245458e+05
942 7  4.816361860245458e+05
7 943 -2.218672597002251e+05
943 7 -2.218672597002251e+05
7 944 -4.694687386743447e+04
944 7 -4.694687386743447e+04
7 945  5.478939262235445e+04
945 7  5.478939262235445e+04
7 946 -4.712716353976603e+04
946 7 -4.712716353976603e+04
7 947 -1.747897511468618e+05
947 7 -1.747897511468618e+05
7 948  1.949323607739925e+05
948 7  1.949323607739925e+05
8 8  1.000000000000000e+36
8 9 -7.549282146501177e+04
9 8 -7.549282146501177e+04
8 10  6.590801486697896e+05
10 8  6.590801486697896e+05
8 11 -7.875047069974244e-01
11 8 -7.875047069974244e-01
8 12  1.818820062093437e+00
12 8  1.818820062093437e+00
8 13 -3.665937501864391e-04
13 8 -3.665937501864391e-04
8 14  1.479590142654832e+04
14 8  1.479590142654832e+04
8 15  3.968124285141936e+04
15 8  3.968124285141936e+04
8 16 -7.329576126571663e+06
16 8 -7.329576126571663e+06
8 17  6.099613355472684e-01
17 8  6.099613355472684e-01
8 18 -7.276848466135562e-01
18 8 -7.276848466135562e-01
8 31 -2.573633571337461e+04
31 8 -2.573633571337461e+04
8 32 -7.701437600850764e+04
32 8 -7.701437600850764e+04
8 33  2.680317063676357e+04
33 8  2.680317063676357e+04
8 34  1.942493307784074e+06
34 8  1.942493307784074e+06
8 35 -1.301315503900613e+06
35 8 -1.301315503900613e+06
8 36  3.107955638125500e+06
36 8  3.107955638125500e+06
8 37 -2.891571595394503e+03
37 8 -2.891571595394503e+03
8 38 -8.454111271964894e+04
38 8 -8.454111271964894e+04
8 39 -3.747200880528500e+04
39 8 -3.747200880528500e+04
8 40  6.019970297618916e+05
40 8  6.019970297618916e+05
8 41 -5.180798404298169e+06
41 8 -5.180798404298169e+06
8 42  1.038081080110746e+07
42 8  1.038081080110746e+07
8 43  4.462599088998752e+04
43 8  4.462599088998752e+04
8 44 -7.949811020544326e+04
44 8 -7.949811020544326e+04
8 45  2.613573716709044e+04
45 8  2.613573716709044e+04
8 46 -1.632199761277919e+06
46 8 -1.632199761277919e+06
8 47 -3.410512229224794e+06
47 8 -3.410512229224794e+06
8 48  4.311111013077777e+06
48 8  4.311111013077777e+06
8 931  2.573633479328306e+04
931 8  2.573633479328306e+04
8 932 -7.701439173530306e+04
932 8 -7.701439173530306e+04
8 933  2.680317198254140e+04
933 8  2.680317198254140e+04
8 934  1.942491846255494e+06
934 8  1.942491846255494e+06
8 935  1.301316172063985e+06
935 8  1.301316172063985e+06
8 936 -3.107957623383406e+06
936 8 -3.107957623383406e+06
8 937  2.891575533510486e+03
937 8  2.891575533510486e+03
8 938 -8.454121870397309e+04
938 8 -8.454121870397309e+04
8 939 -3.747198870398482e+04
939 8 -3.747198870398482e+04
8 940  6.019980509462117e+05
940 8  6.019980509462117e+05
8 941  5.180797888366053e+06
941 8  5.180797888366053e+06
8 942 -1.038080968350960e+07
942 8 -1.038080968350960e+07
8 943 -4.462599096956558e+04
943 8 -4.462599096956558e+04
8 944 -7.949811771067823e+04
944 8 -7.949811771067823e+04
8 945  2.613571821600106e+04
945 8  2.613571821600106e+04
8 946 -1.632197426027935e+06
946 8 -1.632197426027935e+06
8 947  3.410512687611768e+06
947 8  3.410512687611768e+06
8 948 -4.311111178381060e+06
948 8 -4.311111178381060e+06
9 9  1.000000000000000e+36
9 10 -1.388204715335540e+06
10 9 -1.388204715335540e+06
9 11 -3.627541975583881e-01
11 9 -3.627541975583881e-01
9 12  8.617676571011543e-01
12 9  8.617676571011543e-01
9 13  1.591746950543893e-02
13 9  1.591746950543893e-02
9 14  1.836459210734475e+04
14 9  1.836459210734475e+04
9 15 -4.826729583202140e+03
15 9 -4.826729583202140e+03
9 16 -4.653264856144739e+06
16 9 -4.653264856144739e+06
9 17  3.219611505046487e-01
17 9  3.219611505046487e-01
9 18 -3.900780149269849e-01
18 9 -3.900780149269849e-01
9 31  8.535575444731840e+04
31 9  8.535575444731840e+04
9 32  2.021940941384025e+04
32 9  2.021940941384025e+04
9 33 -1.485532180234649e+05
33 9 -1.485532180234649e+05
9 34  7.442379067341335e+05
34 9  7.442379067341335e+05
9 35 -6.609265808591346e+05
35 9 -6.609265808591346e+05
9 36  1.626706905615842e+06
36 9  1.626706905615842e+06
9 37  3.540757917291419e+04
37 9  3.540757917291419e+04
9 38 -3.731611387447139e+04
38 9 -3.731611387447139e+04
9 39 -4.197497805394186e+04
39 9 -4.197497805394186e+04
9 40 -2.932957061918682e+05
40 9 -2.932957061918682e+05
9 41 -2.605129691130739e+06
41 9 -2.605129691130739e+06
9 42  5.308639935653267e+06
42 9  5.308639935653267e+06
9 43 -5.560404408838998e+04
43 9 -5.560404408838998e+04
9 44  3.673949409200830e+04
44 9  3.673949409200830e+04
9 45 -1.017407932575612e+05
45 9 -1.017407932575612e+05
9 46 -1.183570407705004e+06
46 9 -1.183570407705004e+06
9 47 -1.680045540679509e+06
47 9 -1.680045540679509e+06
9 48  2.199182060589085e+06
48 9  2.199182060589085e+06
9 931 -8.535577068485651e+04
931 9 -8.535577068485651e+04
9 932  2.021940884579529e+04
932 9  2.021940884579529e+04
9 933 -1.485532452969111e+05
933 9 -1.485532452969111e+05
9 934  7.442373248215184e+05
934 9  7.442373248215184e+05
9 935  6.609268967293400e+05
935 9  6.609268967293400e+05
9 936 -1.626707827121016e+06
936 9 -1.626707827121016e+06
9 937 -3.540761057304184e+04
937 9 -3.540761057304184e+04
9 938 -3.731609373959436e+04
938 9 -3.731609373959436e+04
9 939 -4.197511153043083e+04
939 9 -4.197511153043083e+04
9 940 -2.932947924906329e+05
940 9 -2.932947924906329e+05
9 941  2.605129397323032e+06
941 9  2.605129397323032e+06
9 942 -5.308639221245905e+06
942 9 -5.308639221245905e+06
9 943  5.560402602934910e+04
943 9  5.560402602934910e+04
9 944  3.673948251291176e+04
944 9  3.673948251291176e+04
9 945 -1.017407861294899e+05
945 9 -1.017407861294899e+05
9 946 -1.183568982817661e+06
946 9 -1.183568982817661e+06
9 947  1.680045769158973e+06
947 9  1.680045769158973e+06
9 948 -2.199182105544330e+06
948 9 -2.199182105544330e+06
10 10  1.000000000000000e+36
10 11 -6.563470706343651e+01
11 10 -6.563470706343651e+01
10 12  1.324104617685080e+02
12 10  1.324104617685080e+02
10 13 -4.553685690189013e-02
13 10 -4.553685690189013e-02
10 14  8.092481261358393e+06
14 10  8.092481261358393e+06
10 15  5.453064438180687e+06
15 10  5.453064438180687e+06
10 16  1.520092747103276e+09
16 10  1.520092747103276e+09
10 17 -3.605914978682995e+01
17 10 -3.605914978682995e+01
10 18  5.244333612918854e+01
18 10  5.244333612918854e+01
10 31 -1.350727203112719e+05
31 10 -1.350727203112719e+05
10 32 -1.712910209840367e+06
32 10 -1.712910209840367e+06
10 33 -6.370925263554985e+05
33 10 -6.370925263554985e+05
10 34  3.703905876006589e+08
34 10  3.703905876006589e+08
10 35  5.758614852733199e+06
35 10  5.758614852733199e+06
10 36 -8.917822307672375e+07
36 10 -8.917822307672375e+07
10 37 -2.236968425719050e+05
37 10 -2.236968425719050e+05
10 38 -1.434763186595247e+06
38 10 -1.434763186595247e+06
10 39 -1.304752869849520e+06
39 10 -1.304752869849520e+06
10 40  9.455920165555122e+08
40 10  9.455920165555122e+08
10 41 -3.635547159595282e+07
41 10 -3.635547159595282e+07
10 42 -1.144984127868183e+08
42 10 -1.144984127868183e+08
10 43  2.814530049980535e+05
43 10  2.814530049980535e+05
10 44  2.060442220845708e+06
44 10  2.060442220845708e+06
10 45  1.157292754025986e+06
45 10  1.157292754025986e+06
10 46  5.735054714422967e+08
46 10  5.735054714422967e+08
10 47 -6.754408715999147e+07
47 10 -6.754408715999147e+07
10 48 -3.512467193762592e+07
48 10 -3.512467193762592e+07
10 931  1.350726632943305e+05
931 10  1.350726632943305e+05
10 932 -1.712909228697749e+06
932 10 -1.712909228697749e+06
10 933 -6.370921751966372e+05
933 10 -6.370921751966372e+05
10 934  3.703903426412464e+08
934 10  3.703903426412464e+08
10 935 -5.758586470793180e+06
935 10 -5.758586470793180e+06
10 936  8.917811048890154e+07
936 10  8.917811048890154e+07
10 937  2.236968048628702e+05
937 10  2.236968048628702e+05
10 938 -1.434763589678828e+06
938 10 -1.434763589678828e+06
10 939 -1.304752621042921e+06
939 10 -1.304752621042921e+06
10 940  9.455913791474351e+08
940 10  9.455913791474351e+08
10 941  3.635551313602454e+07
941 10  3.635551313602454e+07
10 942  1.144982193324713e+08
942 10  1.144982193324713e+08
10 943 -2.814527754646002e+05
943 10 -2.814527754646002e+05
10 944  2.060440079868533e+06
944 10  2.060440079868533e+06
10 945  1.157291314219329e+06
945 10  1.157291314219329e+06
10 946  5.735050754342910e+08
946 10  5.735050754342910e+08
10 947  6.754407780041887e+07
947 10  6.754407780041887e+07
10 948  3.512462619661672e+07
948 10  3.512462619661672e+07
11 11  1.000000000000000e+36
11 12 -9.994870560846353e+08
12 11 -9.994870560846353e+08
11 13 -2.738731530283693e+05
13 11 -2.738731530283693e+05
11 14 -1.053172666579485e-01
14 11 -1.053172666579485e-01
11 15 -7.514242012985051e-02
15 11 -7.514242012985051e-02
11 16 -2.053648771159351e+01
16 11 -2.053648771159351e+01
11 17  3.614258073494710e+08
17 11  3.614258073494710e+08
11 18 -4.144518333788258e+08
18 11 -4.144518333788258e+08
11 31  9.703963293187252e+04
31 11  9.703963293187252e+04
11 32  2.701023321165979e+06
32 11  2.701023321165979e+06
11 33  1.016027423975620e+06
33 11  1.016027423975620e+06
11 34 -2.732544084667847e+06
34 11 -2.732544084667847e+06
11 35  7.099670656889994e+07
35 11  7.099670656889994e+07
11 36 -1.900937681503786e+08
36 11 -1.900937681503786e+08
11 37  2.668249798093921e+05
37 11  2.668249798093921e+05
11 38  5.180798356530059e+06
38 11  5.180798356530059e+06
11 39  2.603092341499087e+06
39 11  2.603092341499087e+06
11 40 -6.200043430114546e+07
40 11 -6.200043430114546e+07
11 41  2.520933775510510e+08
41 11  2.520933775510510e+08
11 42 -4.980499209963378e+08
42 11 -4.980499209963378e+08
11 43  1.180099066856127e+05
43 11  1.180099066856127e+05
11 44  1.449259843358279e+06
44 11  1.449259843358279e+06
11 45  1.283147174417492e+06
45 11  1.283147174417492e+06
11 46 -4.878627618636525e+07
46 11 -4.878627618636525e+07
11 47  1.803941058356760e+08
47 11  1.803941058356760e+08
11 48 -2.010921850084496e+08
48 11 -2.010921850084496e+08
11 931  9.703959004780503e+04
931 11  9.703959004780503e+04
11 932 -2.701022394023971e+06
932 11 -2.701022394023971e+06
11 933 -1.016027089211918e+06
933 11 -1.016027089211918e+06
11 934  2.732493961475104e+06
934 11  2.732493961475104e+06
11 935  7.099668893723324e+07
935 11  7.099668893723324e+07
11 936 -1.900937288161672e+08
936 11 -1.900937288161672e+08
11 937  2.668251157510072e+05
937 11  2.668251157510072e+05
11 938 -5.180797765016708e+06
938 11 -5.180797765016708e+06
11 939 -2.603091990643125e+06
939 11 -2.603091990643125e+06
11 940  6.200035144490437e+07
940 11  6.200035144490437e+07
11 941  2.520931730024452e+08
941 11  2.520931730024452e+08
11 942 -4.980495249345161e+08
942 11 -4.980495249345161e+08
11 943  1.180099959850190e+05
943 11  1.180099959850190e+05
11 944 -1.449259973935128e+06
944 11 -1.449259973935128e+06
11 945 -1.283147250375890e+06
945 11 -1.283147250375890e+06
11 946  4.878624550804718e+07
946 11  4.878624550804718e+07
11 947  1.803940039191119e+08
947 11  1.803940039191119e+08
11 948 -2.010920715745387e+08
948 11 -2.010920715745387e+08
12 12  1.000000000000000e+36
12 13  5.314735614818721e+05
13 12  5.314735614818721e+05
12 14  1.551829455420375e-01
14 12  1.551829455420375e-01
12 15  1.185691286809743e-01
15 12  1.185691286809743e-01
12 16  2.509043182618916e+01
16 12  2.509043182618916e+01
12 17 -7.175428404779131e+08
17 12 -7.175428404779131e+08
12 18  8.227667091617410e+08
18 12  8.227667091617410e+08
12 31 -1.926864997770530e+05
31 12 -1.926864997770530e+05
12 32 -5.363280043719459e+06
32 12 -5.363280043719459e+06
12 33 -2.017472253534716e+06
33 12 -2.017472253534716e+06
12 34  5.399287044878303e+06
34 12  5.399287044878303e+06
12 35 -1.409188491098150e+08
35 12 -1.409188491098150e+08
12 36  3.773154450549820e+08
36 12  3.773154450549820e+08
12 37 -5.298203339021348e+05
37 12 -5.298203339021348e+05
12 38 -1.029879037900799e+07
38 12 -1.029879037900799e+07
12 39 -5.144911950262358e+06
39 12 -5.144911950262358e+06
12 40  1.231128744862505e+08
40 12  1.231128744862505e+08
12 41 -5.005757358087829e+08
41 12 -5.005757358087829e+08
12 42  9.889013333261164e+08
42 12  9.889013333261164e+08
12 43 -2.343260715154962e+05
43 12 -2.343260715154962e+05
12 44 -2.877719113178950e+06
44 12 -2.877719113178950e+06
12 45 -2.547877908764690e+06
45 12 -2.547877908764690e+06
12 46  9.686566345922972e+07
46 12  9.686566345922972e+07
12 47 -3.582667537483370e+08
47 12 -3.582667537483370e+08
12 48  3.994043377248877e+08
48 12  3.994043377248877e+08
12 931 -1.926864097855788e+05
931 12 -1.926864097855788e+05
12 932  5.363278126142380e+06
932 12  5.363278126142380e+06
12 933  2.017471560203439e+06
933 12  2.017471560203439e+06
12 934 -5.399176971231268e+06
934 12 -5.399176971231268e+06
12 935 -1.409188135039304e+08
935 12 -1.409188135039304e+08
12 936  3.773153674508750e+08
936 12  3.773153674508750e+08
12 937 -5.298206047676391e+05
937 12 -5.298206047676391e+05
12 938  1.029878921626200e+07
938 12  1.029878921626200e+07
12 939  5.144911245165356e+06
939 12  5.144911245165356e+06
12 940 -1.231127096377969e+08
940 12 -1.231127096377969e+08
12 941 -5.005753246136296e+08
941 12 -5.005753246136296e+08
12 942  9.889005367250149e+08
942 12  9.889005367250149e+08
12 943 -2.343262407229688e+05
943 12 -2.343262407229688e+05
12 944  2.877719301433176e+06
944 12  2.877719301433176e+06
12 945  2.547878010355741e+06
945 12  2.547878010355741e+06
12 946 -9.686561334921202e+07
946 12 -9.686561334921202e+07
12 947 -3.582665491910345e+08
947 12 -3.582665491910345e+08
12 948  3.994041077956762e+08
948 12  3.994041077956762e+08
13 13  1.000000000000000e+36
13 14  4.989383676729631e-03
14 13  4.989383676729631e-03
13 15  2.413498717942275e-02
15 13  2.413498717942275e-02
13 16 -2.288715550093912e-02
16 13 -2.288715550093912e-02
13 17 -1.031278473551356e+06
17 13 -1.031278473551356e+06
13 18  1.180238171760520e+06
18 13  1.180238171760520e+06
13 19  2.358550728575764e+05
19 13  2.358550728575764e+05
13 20  5.225749757300946e-03
20 13  5.225749757300946e-03
13 21  9.816761097681592e-03
21 13  9.816761097681592e-03
13 22  2.987010850665683e-02
22 13  2.987010850665683e-02
13 23 -5.473137537108234e+05
23 13 -5.473137537108234e+05
13 24  4.760216849284230e+05
24 13  4.760216849284230e+05
13 37 -1.961722544939972e+05
37 13 -1.961722544939972e+05
13 38 -3.866969412311635e+04
38 13 -3.866969412311635e+04
13 39  7.438762102601070e+04
39 13  7.438762102601070e+04
13 40  2.833979904296305e+03
40 13  2.833979904296305e+03
13 41 -1.345874707126553e+05
41 13 -1.345874707126553e+05
13 42  2.719151484150641e+05
42 13  2.719151484150641e+05
13 43 -2.766659273627034e+05
43 13 -2.766659273627034e+05
13 44 -7.226689719781683e+03
44 13 -7.226689719781683e+03
13 45  2.585152297702934e+04
45 13  2.585152297702934e+04
13 46  6.917414975379399e+04
46 13  6.917414975379399e+04
13 47 -5.155428744481639e+05
47 13 -5.155428744481639e+05
13 48  5.867638795132237e+05
48 13  5.867638795132237e+05
13 49 -1.899028519031704e+05
49 13 -1.899028519031704e+05
13 50  6.493942089513441e+04
50 13  6.493942089513441e+04
13 51 -3.953497744831545e+04
51 13 -3.953497744831545e+04
13 52  5.783321255089575e+04
52 13  5.783321255089575e+04
13 53 -2.759096593293771e+05
53 13 -2.759096593293771e+05
13 54  2.284773058211912e+05
54 13  2.284773058211912e+05
13 937 -1.961723428113165e+05
937 13 -1.961723428113165e+05
13 938  3.866969398485545e+04
938 13  3.866969398485545e+04
13 939 -7.438763549403907e+04
939 13 -7.438763549403907e+04
13 940 -2.833995350547313e+03
940 13 -2.833995350547313e+03
13 941 -1.345875463902353e+05
941 13 -1.345875463902353e+05
13 942  2.719153006947746e+05
942 13  2.719153006947746e+05
13 943 -2.766661609000585e+05
943 13 -2.766661609000585e+05
13 944  7.226685315114334e+03
944 13  7.226685315114334e+03
13 945 -2.585154766761729e+04
945 13 -2.585154766761729e+04
13 946 -6.917419475291323e+04
946 13 -6.917419475291323e+04
13 947 -5.155431936762111e+05
947 13 -5.155431936762111e+05
13 948  5.867642439163078e+05
948 13  5.867642439163078e+05
13 949 -1.899029323469349e+05
949 13 -1.899029323469349e+05
13 950 -6.493942620074585e+04
950 13 -6.493942620074585e+04
13 951  3.953496673771394e+04
951 13  3.953496673771394e+04
13 952 -5.783323487853829e+04
952 13 -5.783323487853829e+04
13 953 -2.759098248840025e+05
953 13 -2.759098248840025e+05
13 954  2.284774431919483e+05
954 13  2.284774431919483e+05
14 14  1.000000000000000e+36
14 15 -1.129616063939377e+05
15 14 -1.129616063939377e+05
14 16  1.804288418305378e+06
16 14  1.804288418305378e+06
14 17  2.588132433593273e-01
17 14  2.588132433593273e-01
14 18 -1.737384893931449e-01
18 14 -1.737384893931449e-01
14 19  4.272987030162767e-03
19 14  4.272987030162767e-03
14 20 -4.045601050837448e+04
20 14 -4.045601050837448e+04
14 21  5.119974055472910e+04
21 14  5.119974055472910e+04
14 22 -6.641764317450360e+06
22 14 -6.641764317450360e+06
14 23  4.697498264722526e-01
23 14  4.697498264722526e-01
14 24 -3.748121191747487e-01
24 14 -3.748121191747487e-01
14 37 -3.887728154667454e+04
37 14 -3.887728154667454e+04
14 38 -7.949811051051933e+04
38 14 -7.949811051051933e+04
14 39  4.519243183124889e+04
39 14  4.519243183124889e+04
14 40  2.582265236366138e+06
40 14  2.582265236366138e+06
14 41 -1.449259948767421e+06
41 14 -1.449259948767421e+06
14 42  2.420452465570079e+06
42 14  2.420452465570079e+06
14 43 -4.407549608930552e+03
43 14 -4.407549608930552e+03
14 44 -9.160447105903168e+03
44 14 -9.160447105903168e+03
14 45 -5.920100536449759e+04
45 14 -5.920100536449759e+04
14 46  9.281548551075049e+05
46 14  9.281548551075049e+05
14 47 -6.358273540736068e+06
47 14 -6.358273540736068e+06
14 48  7.256388215213426e+06
48 14  7.256388215213426e+06
14 49  6.266295953570315e+04
49 14  6.266295953570315e+04
14 50 -1.075223470795849e+05
50 14 -1.075223470795849e+05
14 51  3.570720275441223e+04
51 14  3.570720275441223e+04
14 52 -1.830896097864942e+06
52 14 -1.830896097864942e+06
14 53 -3.077585028959300e+06
53 14 -3.077585028959300e+06
14 54  3.041013716523842e+06
54 14  3.041013716523842e+06
14 937  3.887727931133014e+04
937 14  3.887727931133014e+04
14 938 -7.949811986551849e+04
938 14 -7.949811986551849e+04
14 939  4.519242664255352e+04
939 14  4.519242664255352e+04
14 940  2.582263602520203e+06
940 14  2.582263602520203e+06
14 941  1.449259981176905e+06
941 14  1.449259981176905e+06
14 942 -2.420452794285613e+06
942 14 -2.420452794285613e+06
14 943  4.407547212090778e+03
943 14  4.407547212090778e+03
14 944 -9.160569053777108e+03
944 14 -9.160569053777108e+03
14 945 -5.920096579790104e+04
945 14 -5.920096579790104e+04
14 946  9.281549807180094e+05
946 14  9.281549807180094e+05
14 947  6.358273628621729e+06
947 14  6.358273628621729e+06
14 948 -7.256388343117436e+06
948 14 -7.256388343117436e+06
14 949 -6.266296502809429e+04
949 14 -6.266296502809429e+04
14 950 -1.075223465579182e+05
950 14 -1.075223465579182e+05
14 951  3.570718366604790e+04
951 14  3.570718366604790e+04
14 952 -1.830894379597289e+06
952 14 -1.830894379597289e+06
14 953  3.077585190047134e+06
953 14  3.077585190047134e+06
14 954 -3.041013561599993e+06
954 14 -3.041013561599993e+06
15 15  1.000000000000000e+36
15 16 -1.939396397649142e+06
16 15 -1.939396397649142e+06
15 17  2.887520012445748e-01
17 15  2.887520012445748e-01
15 18 -2.185278194956482e-01
18 15 -2.185278194956482e-01
15 19  9.507164511887822e-03
19 15  9.507164511887822e-03
15 20  4.159182595337561e+04
20 15  4.159182595337561e+04
15 21 -3.310686356418433e+04
21 15 -3.310686356418433e+04
15 22 -7.697741005156789e+06
22 15 -7.697741005156789e+06
15 23  5.007093655876815e-01
23 15  5.007093655876815e-01
15 24 -4.106016336008906e-01
24 15 -4.106016336008906e-01
15 37  7.357299394988602e+04
37 15  7.357299394988602e+04
15 38  3.433964492430020e+04
38 15  3.433964492430020e+04
15 39 -1.274356959827839e+05
39 15 -1.274356959827839e+05
15 40  1.663532013521606e+06
40 15  1.663532013521606e+06
15 41 -1.281514509607783e+06
41 15 -1.281514509607783e+06
15 42  2.263591124299021e+06
42 15  2.263591124299021e+06
15 43  2.858353269265679e+04
43 15  2.858353269265679e+04
15 44 -5.892334458573550e+04
44 15 -5.892334458573550e+04
15 45 -3.002359303228573e+03
45 15 -3.002359303228573e+03
15 46 -5.396451135199671e+05
46 15 -5.396451135199671e+05
15 47 -5.520999969057396e+06
47 15 -5.520999969057396e+06
15 48  6.550221613025872e+06
48 15  6.550221613025872e+06
15 49 -4.168866525056346e+04
49 15 -4.168866525056346e+04
15 50  4.042796279189116e+04
50 15  4.042796279189116e+04
15 51 -7.851715419742928e+04
51 15 -7.851715419742928e+04
15 52 -2.355817195732567e+06
52 15 -2.355817195732567e+06
15 53 -2.607851486984463e+06
53 15 -2.607851486984463e+06
15 54  2.736861607101054e+06
54 15  2.736861607101054e+06
15 937 -7.357300884587356e+04
937 15 -7.357300884587356e+04
15 938  3.433963223961533e+04
938 15  3.433963223961533e+04
15 939 -1.274357074048471e+05
939 15 -1.274357074048471e+05
15 940  1.663531014439771e+06
940 15  1.663531014439771e+06
15 941  1.281514525955853e+06
941 15  1.281514525955853e+06
15 942 -2.263591322028279e+06
942 15 -2.263591322028279e+06
15 943 -2.858355546937345e+04
943 15 -2.858355546937345e+04
15 944 -5.892330559387604e+04
944 15 -5.892330559387604e+04
15 945 -3.002494608868889e+03
945 15 -3.002494608868889e+03
15 946 -5.396440909642766e+05
946 15 -5.396440909642766e+05
15 947  5.520999982668359e+06
947 15  5.520999982668359e+06
15 948 -6.550221520808175e+06
948 15 -6.550221520808175e+06
15 949  4.168865348706930e+04
949 15  4.168865348706930e+04
15 950  4.042794781294763e+04
950 15  4.042794781294763e+04
15 951 -7.851714952236151e+04
951 15 -7.851714952236151e+04
15 952 -2.355815205996340e+06
952 15 -2.355815205996340e+06
15 953  2.607851621065312e+06
953 15  2.607851621065312e+06
15 954 -2.736861390655942e+06
954 15 -2.736861390655942e+06
16 16  1.000000000000000e+36
16 17 -7.023001125454903e+01
17 16 -7.023001125454903e+01
16 18  8.582479847967625e+01
18 16  8.582479847967625e+01
16 19 -5.485334771219641e-02
19 16 -5.485334771219641e-02
16 20  7.268450395952441e+06
20 16  7.268450395952441e+06
16 21  8.509388043324536e+06
21 16  8.509388043324536e+06
16 22  1.786051841811603e+09
22 16  1.786051841811603e+09
16 23 -9.400880295038223e+01
23 16 -9.400880295038223e+01
16 24  8.639288327097893e+01
24 16  8.639288327097893e+01
16 37 -3.182027668717952e+05
37 16 -3.182027668717952e+05
16 38 -2.441894591918936e+06
38 16 -2.441894591918936e+06
16 39 -1.557721368646054e+06
39 16 -1.557721368646054e+06
16 40  5.550655230226972e+08
40 16  5.550655230226972e+08
16 41  8.617661036051851e+06
41 16  8.617661036051851e+06
16 42 -1.278285011240351e+08
42 16 -1.278285011240351e+08
16 43 -3.068286212378624e+05
43 16 -3.068286212378624e+05
16 44 -5.053315040859566e+05
44 16 -5.053315040859566e+05
16 45 -1.781533349518793e+06
45 16 -1.781533349518793e+06
16 46  1.272734356721139e+09
46 16  1.272734356721139e+09
16 47 -6.263124808936360e+07
47 16 -6.263124808936360e+07
16 48 -1.799430564169777e+08
48 16 -1.799430564169777e+08
16 49  5.305986997500151e+05
49 16  5.305986997500151e+05
16 50  2.075644933998506e+06
50 16  2.075644933998506e+06
16 51  2.380891460409205e+06
51 16  2.380891460409205e+06
16 52  7.153928335477724e+08
52 16  7.153928335477724e+08
16 53 -8.843766838932174e+07
53 16 -8.843766838932174e+07
16 54 -6.542038372635943e+07
54 16 -6.542038372635943e+07
16 937  3.182025867752209e+05
937 16  3.182025867752209e+05
16 938 -2.441892823461094e+06
938 16 -2.441892823461094e+06
16 939 -1.557720215634306e+06
939 16 -1.557720215634306e+06
16 940  5.550651222294145e+08
940 16  5.550651222294145e+08
16 941 -8.617654423243381e+06
941 16 -8.617654423243381e+06
16 942  1.278284266051768e+08
942 16  1.278284266051768e+08
16 943  3.068285573650787e+05
943 16  3.068285573650787e+05
16 944 -5.053319476867023e+05
944 16 -5.053319476867023e+05
16 945 -1.781532891540775e+06
945 16 -1.781532891540775e+06
16 946  1.272733495732560e+09
946 16  1.272733495732560e+09
16 947  6.263129649445617e+07
947 16  6.263129649445617e+07
16 948  1.799428873727333e+08
948 16  1.799428873727333e+08
16 949 -5.305983719075744e+05
949 16 -5.305983719075744e+05
16 950  2.075643245468027e+06
950 16  2.075643245468027e+06
16 951  2.380889575400070e+06
951 16  2.380889575400070e+06
16 952  7.153923710994859e+08
952 16  7.153923710994859e+08
16 953  8.843766573486351e+07
953 16  8.843766573486351e+07
16 954  6.542031474417269e+07
954 16  6.542031474417269e+07
17 17  1.000000000000000e+36
17 18 -1.579341128940663e+09
18 17 -1.579341128940663e+09
17 19 -4.727368081908518e+05
19 17 -4.727368081908518e+05
17 20  9.053195780143142e-02
20 17  9.053195780143142e-02
17 21  1.154255657456815e-01
21 17  1.154255657456815e-01
17 22 -3.081249616481364e+01
22 17 -3.081249616481364e+01
17 23  7.407772695999157e+08
23 17  7.407772695999157e+08
17 24 -6.319308247393963e+08
24 17 -6.319308247393963e+08
17 37  1.563288923481747e+05
37 17  1.563288923481747e+05
17 38  3.410512251444537e+06
38 17  3.410512251444537e+06
17 39  1.681863760641747e+06
39 17  1.681863760641747e+06
17 40 -3.648009532683575e+06
40 17 -3.648009532683575e+06
17 41  1.803941039732411e+08
41 17  1.803941039732411e+08
17 42 -3.645599647981682e+08
42 17 -3.645599647981682e+08
17 43  5.714577946095041e+05
43 17  5.714577946095041e+05
17 44  6.358273518924387e+06
44 17  6.358273518924387e+06
17 45  5.515492815730853e+06
45 17  5.515492815730853e+06
17 46 -9.288338066070636e+07
46 17 -9.288338066070636e+07
17 47  6.899484339667184e+08
47 17  6.899484339667184e+08
17 48 -7.879926227165434e+08
48 17 -7.879926227165434e+08
17 49  1.959595627256005e+05
49 17  1.959595627256005e+05
17 50  1.882063756329024e+06
50 17  1.882063756329024e+06
17 51  2.186927464825595e+06
51 17  2.186927464825595e+06
17 52 -7.774726886559424e+07
52 17 -7.774726886559424e+07
17 53  3.698778348000205e+08
53 17  3.698778348000205e+08
17 54 -3.062684055240375e+08
54 17 -3.062684055240375e+08
17 937  1.563290250324055e+05
937 17  1.563290250324055e+05
17 938 -3.410512656594644e+06
938 17 -3.410512656594644e+06
17 939 -1.681863952897477e+06
939 17 -1.681863952897477e+06
17 940  3.648009665724795e+06
940 17  3.648009665724795e+06
17 941  1.803940049972341e+08
941 17  1.803940049972341e+08
17 942 -3.645597673019307e+08
942 17 -3.645597673019307e+08
17 943  5.714580667265619e+05
943 17  5.714580667265619e+05
17 944 -6.358273618549569e+06
944 17 -6.358273618549569e+06
17 945 -5.515492816727356e+06
945 17 -5.515492816727356e+06
17 946  9.288331413730438e+07
946 17  9.288331413730438e+07
17 947  6.899480912603719e+08
947 17  6.899480912603719e+08
17 948 -7.879922370866988e+08
948 17 -7.879922370866988e+08
17 949  1.959597888274659e+05
949 17  1.959597888274659e+05
17 950 -1.882064210860273e+06
950 17 -1.882064210860273e+06
17 951 -2.186927997712080e+06
951 17 -2.186927997712080e+06
17 952  7.774720543605338e+07
